x-axis,1,2
second,Volt,Volt
-4.0000000E+00,-7.7004E-03,-12.3411E-03
-3.9995000E+00,-7.8009E-03,-10.2305E-03
-3.9990000E+00,-7.9014E-03,-7.5170E-03
-3.9985000E+00,-7.8009E-03,-5.2054E-03
-3.9980000E+00,-7.1979E-03,-2.2908E-03
-3.9975000E+00,-8.0019E-03,-79.8E-06
-3.9970000E+00,-8.0019E-03,+2.7343E-03
-3.9965000E+00,-8.1024E-03,+4.6438E-03
-3.9960000E+00,-7.2984E-03,+7.2569E-03
-3.9955000E+00,-7.8009E-03,+9.9705E-03
-3.9950000E+00,-7.8009E-03,+12.0810E-03
-3.9945000E+00,-7.4994E-03,+14.7946E-03
-3.9940000E+00,-7.1979E-03,+17.4077E-03
-3.9935000E+00,-7.2984E-03,+19.9202E-03
-3.9930000E+00,-7.3989E-03,+22.4328E-03
-3.9925000E+00,-7.1979E-03,+25.1464E-03
-3.9920000E+00,-6.8964E-03,+27.4579E-03
-3.9915000E+00,-7.1979E-03,+30.2720E-03
-3.9910000E+00,-6.8964E-03,+32.5835E-03
-3.9905000E+00,-7.1979E-03,+35.2971E-03
-3.9900000E+00,-6.8964E-03,+38.0107E-03
-3.9895000E+00,-6.5948E-03,+40.2217E-03
-3.9890000E+00,-6.6954E-03,+42.5333E-03
-3.9885000E+00,-6.4943E-03,+45.3474E-03
-3.9880000E+00,-6.3938E-03,+43.9403E-03
-3.9875000E+00,-6.3938E-03,+40.9253E-03
-3.9870000E+00,-6.7959E-03,+38.5132E-03
-3.9865000E+00,-6.2933E-03,+35.9001E-03
-3.9860000E+00,-6.5948E-03,+33.6891E-03
-3.9855000E+00,-6.2933E-03,+30.9755E-03
-3.9850000E+00,-6.6954E-03,+28.4629E-03
-3.9845000E+00,-6.8964E-03,+25.7494E-03
-3.9840000E+00,-6.5948E-03,+23.2368E-03
-3.9835000E+00,-6.6954E-03,+21.1263E-03
-3.9830000E+00,-6.9969E-03,+18.5132E-03
-3.9825000E+00,-6.8964E-03,+16.0006E-03
-3.9820000E+00,-6.9969E-03,+13.2871E-03
-3.9815000E+00,-6.9969E-03,+10.5735E-03
-3.9810000E+00,-7.1979E-03,+8.2619E-03
-3.9805000E+00,-7.4994E-03,+5.7494E-03
-3.9800000E+00,-7.5999E-03,+3.5383E-03
-3.9795000E+00,-7.0974E-03,+824.7E-06
-3.9790000E+00,-7.2984E-03,-1.3863E-03
-3.9785000E+00,-7.7004E-03,-4.0999E-03
-3.9780000E+00,-7.4994E-03,-6.8134E-03
-3.9775000E+00,-7.8009E-03,-9.5270E-03
-3.9770000E+00,-7.7004E-03,-11.4366E-03
-3.9765000E+00,-8.3034E-03,-14.2506E-03
-3.9760000E+00,-8.2029E-03,-16.0597E-03
-3.9755000E+00,-7.9014E-03,-18.7732E-03
-3.9750000E+00,-8.1024E-03,-21.2858E-03
-3.9745000E+00,-8.6049E-03,-23.5974E-03
-3.9740000E+00,-8.6049E-03,-26.4114E-03
-3.9735000E+00,-8.3034E-03,-28.6225E-03
-3.9730000E+00,-8.5044E-03,-30.9340E-03
-3.9725000E+00,-8.7054E-03,-33.6476E-03
-3.9720000E+00,-8.6049E-03,-36.6627E-03
-3.9715000E+00,-9.1074E-03,-38.6727E-03
-3.9710000E+00,-9.2079E-03,-41.1853E-03
-3.9705000E+00,-9.4089E-03,-44.0999E-03
-3.9700000E+00,-9.4089E-03,-46.3109E-03
-3.9695000E+00,-9.4089E-03,-48.7230E-03
-3.9690000E+00,-9.0069E-03,-51.1350E-03
-3.9685000E+00,-9.1074E-03,-53.8486E-03
-3.9680000E+00,-9.6099E-03,-52.3411E-03
-3.9675000E+00,-8.7054E-03,-49.1250E-03
-3.9670000E+00,-8.9064E-03,-46.8134E-03
-3.9665000E+00,-8.8059E-03,-44.4014E-03
-3.9660000E+00,-8.8059E-03,-41.7883E-03
-3.9655000E+00,-8.5044E-03,-39.5773E-03
-3.9650000E+00,-8.1024E-03,-37.1652E-03
-3.9645000E+00,-7.9014E-03,-34.5521E-03
-3.9640000E+00,-8.3034E-03,-32.4416E-03
-3.9635000E+00,-8.2029E-03,-29.6275E-03
-3.9630000E+00,-7.9014E-03,-27.1149E-03
-3.9625000E+00,-7.7004E-03,-24.7029E-03
-3.9620000E+00,-7.7004E-03,-22.8938E-03
-3.9615000E+00,-7.5999E-03,-19.5773E-03
-3.9610000E+00,-7.7004E-03,-17.0647E-03
-3.9605000E+00,-7.2984E-03,-14.8536E-03
-3.9600000E+00,-7.2984E-03,-12.0396E-03
-3.9595000E+00,-7.4994E-03,-10.0295E-03
-3.9590000E+00,-7.4994E-03,-7.1149E-03
-3.9585000E+00,-7.3989E-03,-5.0044E-03
-3.9580000E+00,-7.3989E-03,-1.9893E-03
-3.9575000E+00,-7.2984E-03,+121.2E-06
-3.9570000E+00,-7.2984E-03,+2.3323E-03
-3.9565000E+00,-7.3989E-03,+4.6438E-03
-3.9560000E+00,-6.9969E-03,+7.4579E-03
-3.9555000E+00,-7.3989E-03,+9.9705E-03
-3.9550000E+00,-7.1979E-03,+12.6840E-03
-3.9545000E+00,-7.0974E-03,+15.2971E-03
-3.9540000E+00,-6.8964E-03,+18.1112E-03
-3.9535000E+00,-6.8964E-03,+20.2217E-03
-3.9530000E+00,-6.8964E-03,+22.1313E-03
-3.9525000E+00,-6.7959E-03,+25.4479E-03
-3.9520000E+00,-6.3938E-03,+27.7594E-03
-3.9515000E+00,-6.4943E-03,+30.2720E-03
-3.9510000E+00,-6.7959E-03,+32.4830E-03
-3.9505000E+00,-6.4943E-03,+35.2971E-03
-3.9500000E+00,-6.2933E-03,+37.5082E-03
-3.9495000E+00,-6.0923E-03,+40.3222E-03
-3.9490000E+00,-6.4943E-03,+42.9353E-03
-3.9485000E+00,-6.0923E-03,+45.0459E-03
-3.9480000E+00,-5.7908E-03,+43.7393E-03
-3.9475000E+00,-6.0923E-03,+41.2268E-03
-3.9470000E+00,-6.4943E-03,+38.8147E-03
-3.9465000E+00,-6.3938E-03,+36.3021E-03
-3.9460000E+00,-6.1928E-03,+33.5886E-03
-3.9455000E+00,-5.9918E-03,+30.9755E-03
-3.9450000E+00,-6.4943E-03,+28.2619E-03
-3.9445000E+00,-6.1928E-03,+26.0509E-03
-3.9440000E+00,-6.3938E-03,+23.5383E-03
-3.9435000E+00,-6.1928E-03,+21.2268E-03
-3.9430000E+00,-6.4943E-03,+18.3122E-03
-3.9425000E+00,-6.3938E-03,+15.9001E-03
-3.9420000E+00,-6.7959E-03,+13.6891E-03
-3.9415000E+00,-6.5948E-03,+10.4730E-03
-3.9410000E+00,-6.8964E-03,+8.3624E-03
-3.9405000E+00,-6.9969E-03,+5.5484E-03
-3.9400000E+00,-6.8964E-03,+3.0358E-03
-3.9395000E+00,-6.9969E-03,+1.0258E-03
-3.9390000E+00,-7.1979E-03,-1.0848E-03
-3.9385000E+00,-7.2984E-03,-4.0999E-03
-3.9380000E+00,-7.2984E-03,-6.5119E-03
-3.9375000E+00,-7.4994E-03,-9.3260E-03
-3.9370000E+00,-7.8009E-03,-11.8386E-03
-3.9365000E+00,-8.3034E-03,-14.0496E-03
-3.9360000E+00,-8.3034E-03,-16.6627E-03
-3.9355000E+00,-7.9014E-03,-19.1753E-03
-3.9350000E+00,-8.1024E-03,-21.4868E-03
-3.9345000E+00,-8.3034E-03,-23.9994E-03
-3.9340000E+00,-8.6049E-03,-26.4114E-03
-3.9335000E+00,-8.0019E-03,-29.3260E-03
-3.9330000E+00,-8.0019E-03,-31.5371E-03
-3.9325000E+00,-8.6049E-03,-33.8486E-03
-3.9320000E+00,-8.8059E-03,-36.4617E-03
-3.9315000E+00,-8.5044E-03,-38.4717E-03
-3.9310000E+00,-8.6049E-03,-41.4868E-03
-3.9305000E+00,-8.9064E-03,-43.5974E-03
-3.9300000E+00,-9.1074E-03,-46.9139E-03
-3.9295000E+00,-8.8059E-03,-49.0245E-03
-3.9290000E+00,-9.2079E-03,-51.3361E-03
-3.9285000E+00,-9.1074E-03,-53.5471E-03
-3.9280000E+00,-9.2079E-03,-52.5421E-03
-3.9275000E+00,-9.1074E-03,-50.0295E-03
-3.9270000E+00,-8.4039E-03,-47.5170E-03
-3.9265000E+00,-8.5044E-03,-44.8034E-03
-3.9260000E+00,-8.8059E-03,-42.3913E-03
-3.9255000E+00,-8.3034E-03,-39.9793E-03
-3.9250000E+00,-8.1024E-03,-37.1652E-03
-3.9245000E+00,-7.8009E-03,-34.7531E-03
-3.9240000E+00,-8.5044E-03,-32.6426E-03
-3.9235000E+00,-8.1024E-03,-29.8285E-03
-3.9230000E+00,-7.8009E-03,-27.6175E-03
-3.9225000E+00,-7.7004E-03,-25.0044E-03
-3.9220000E+00,-7.9014E-03,-22.5923E-03
-3.9215000E+00,-7.9014E-03,-20.0798E-03
-3.9210000E+00,-7.7004E-03,-17.7682E-03
-3.9205000E+00,-7.5999E-03,-15.1552E-03
-3.9200000E+00,-7.5999E-03,-12.6426E-03
-3.9195000E+00,-8.1024E-03,-9.7280E-03
-3.9190000E+00,-7.7004E-03,-7.5170E-03
-3.9185000E+00,-7.3989E-03,-4.6024E-03
-3.9180000E+00,-7.3989E-03,-2.5923E-03
-3.9175000E+00,-7.5999E-03,-180.3E-06
-3.9170000E+00,-7.7004E-03,+2.5333E-03
-3.9165000E+00,-7.2984E-03,+5.0459E-03
-3.9160000E+00,-7.3989E-03,+7.1564E-03
-3.9155000E+00,-7.5999E-03,+9.8700E-03
-3.9150000E+00,-6.9969E-03,+12.7845E-03
-3.9145000E+00,-7.2984E-03,+14.8951E-03
-3.9140000E+00,-7.3989E-03,+17.9102E-03
-3.9135000E+00,-6.9969E-03,+19.9202E-03
-3.9130000E+00,-7.2984E-03,+22.7343E-03
-3.9125000E+00,-6.9969E-03,+25.1464E-03
-3.9120000E+00,-6.5948E-03,+28.0609E-03
-3.9115000E+00,-6.8964E-03,+29.4680E-03
-3.9110000E+00,-6.5948E-03,+32.4830E-03
-3.9105000E+00,-6.4943E-03,+35.1966E-03
-3.9100000E+00,-6.6954E-03,+37.3072E-03
-3.9095000E+00,-6.3938E-03,+39.9202E-03
-3.9090000E+00,-6.6954E-03,+42.7343E-03
-3.9085000E+00,-6.0923E-03,+44.8448E-03
-3.9080000E+00,-6.3938E-03,+43.4378E-03
-3.9075000E+00,-6.0923E-03,+40.6237E-03
-3.9070000E+00,-6.5948E-03,+38.1112E-03
-3.9065000E+00,-6.0923E-03,+36.0006E-03
-3.9060000E+00,-6.3938E-03,+33.2871E-03
-3.9055000E+00,-6.2933E-03,+31.2770E-03
-3.9050000E+00,-6.5948E-03,+28.3624E-03
-3.9045000E+00,-6.6954E-03,+26.1514E-03
-3.9040000E+00,-6.4943E-03,+23.1363E-03
-3.9035000E+00,-6.2933E-03,+20.6237E-03
-3.9030000E+00,-6.4943E-03,+18.3122E-03
-3.9025000E+00,-7.0974E-03,+16.3021E-03
-3.9020000E+00,-6.9969E-03,+13.2871E-03
-3.9015000E+00,-6.6954E-03,+10.6740E-03
-3.9010000E+00,-6.7959E-03,+8.2619E-03
-3.9005000E+00,-6.9969E-03,+5.7494E-03
-3.9000000E+00,-7.2984E-03,+3.1363E-03
-3.8995000E+00,-6.9969E-03,+925.3E-06
-3.8990000E+00,-7.4994E-03,-1.4868E-03
-3.8985000E+00,-7.4994E-03,-3.6979E-03
-3.8980000E+00,-7.4994E-03,-6.4114E-03
-3.8975000E+00,-7.3989E-03,-8.6225E-03
-3.8970000E+00,-7.4994E-03,-11.5371E-03
-3.8965000E+00,-7.8009E-03,-13.9491E-03
-3.8960000E+00,-7.9014E-03,-16.5622E-03
-3.8955000E+00,-8.1024E-03,-19.3763E-03
-3.8950000E+00,-8.0019E-03,-21.2858E-03
-3.8945000E+00,-8.0019E-03,-23.9994E-03
-3.8940000E+00,-8.3034E-03,-26.6124E-03
-3.8935000E+00,-8.3034E-03,-29.0245E-03
-3.8930000E+00,-8.3034E-03,-31.5371E-03
-3.8925000E+00,-8.6049E-03,-34.2506E-03
-3.8920000E+00,-8.3034E-03,-36.2607E-03
-3.8915000E+00,-8.7054E-03,-39.1753E-03
-3.8910000E+00,-8.4039E-03,-41.2858E-03
-3.8905000E+00,-9.0069E-03,-44.2004E-03
-3.8900000E+00,-8.6049E-03,-46.3109E-03
-3.8895000E+00,-8.8059E-03,-48.8235E-03
-3.8890000E+00,-8.7054E-03,-51.5371E-03
-3.8885000E+00,-9.2079E-03,-53.7481E-03
-3.8880000E+00,-9.1074E-03,-52.3411E-03
-3.8875000E+00,-8.9064E-03,-49.6275E-03
-3.8870000E+00,-8.0019E-03,-47.4165E-03
-3.8865000E+00,-8.9064E-03,-44.6024E-03
-3.8860000E+00,-8.5044E-03,-42.5923E-03
-3.8855000E+00,-8.5044E-03,-39.5773E-03
-3.8850000E+00,-7.8009E-03,-37.5672E-03
-3.8845000E+00,-7.9014E-03,-34.8536E-03
-3.8840000E+00,-8.2029E-03,-32.1401E-03
-3.8835000E+00,-7.8009E-03,-29.3260E-03
-3.8830000E+00,-8.0019E-03,-27.1149E-03
-3.8825000E+00,-7.4994E-03,-25.0044E-03
-3.8820000E+00,-8.2029E-03,-22.3913E-03
-3.8815000E+00,-7.7004E-03,-20.0798E-03
-3.8810000E+00,-7.1979E-03,-17.4667E-03
-3.8805000E+00,-7.5999E-03,-15.0546E-03
-3.8800000E+00,-7.5999E-03,-12.5421E-03
-3.8795000E+00,-7.4994E-03,-9.8285E-03
-3.8790000E+00,-7.7004E-03,-7.8185E-03
-3.8785000E+00,-7.4994E-03,-4.8034E-03
-3.8780000E+00,-7.4994E-03,-2.0898E-03
-3.8775000E+00,-7.7004E-03,-79.8E-06
-3.8770000E+00,-7.3989E-03,+2.8348E-03
-3.8765000E+00,-7.1979E-03,+4.8448E-03
-3.8760000E+00,-7.4994E-03,+6.9554E-03
-3.8755000E+00,-7.3989E-03,+9.7695E-03
-3.8750000E+00,-6.8964E-03,+11.7795E-03
-3.8745000E+00,-7.1979E-03,+14.7946E-03
-3.8740000E+00,-6.8964E-03,+17.4077E-03
-3.8735000E+00,-7.2984E-03,+19.7192E-03
-3.8730000E+00,-6.9969E-03,+22.6338E-03
-3.8725000E+00,-6.9969E-03,+25.1464E-03
-3.8720000E+00,-6.7959E-03,+27.1564E-03
-3.8715000E+00,-6.3938E-03,+30.2720E-03
-3.8710000E+00,-6.7959E-03,+32.6840E-03
-3.8705000E+00,-6.8964E-03,+34.7946E-03
-3.8700000E+00,-6.6954E-03,+37.6087E-03
-3.8695000E+00,-6.3938E-03,+40.2217E-03
-3.8690000E+00,-6.4943E-03,+42.9353E-03
-3.8685000E+00,-6.0923E-03,+44.7443E-03
-3.8680000E+00,-5.6903E-03,+43.7393E-03
-3.8675000E+00,-5.9918E-03,+40.9253E-03
-3.8670000E+00,-6.2933E-03,+38.2117E-03
-3.8665000E+00,-6.1928E-03,+35.7996E-03
-3.8660000E+00,-6.0923E-03,+33.1866E-03
-3.8655000E+00,-6.4943E-03,+31.0760E-03
-3.8650000E+00,-6.4943E-03,+28.4629E-03
-3.8645000E+00,-6.6954E-03,+25.8499E-03
-3.8640000E+00,-6.2933E-03,+23.4378E-03
-3.8635000E+00,-6.4943E-03,+20.5232E-03
-3.8630000E+00,-6.6954E-03,+18.5132E-03
-3.8625000E+00,-6.6954E-03,+15.7996E-03
-3.8620000E+00,-6.8964E-03,+13.3876E-03
-3.8615000E+00,-7.0974E-03,+11.0760E-03
-3.8610000E+00,-7.1979E-03,+8.3624E-03
-3.8605000E+00,-7.0974E-03,+5.7494E-03
-3.8600000E+00,-7.7004E-03,+2.9353E-03
-3.8595000E+00,-7.2984E-03,+1.0258E-03
-3.8590000E+00,-7.7004E-03,-1.4868E-03
-3.8585000E+00,-7.5999E-03,-4.2004E-03
-3.8580000E+00,-7.2984E-03,-6.5119E-03
-3.8575000E+00,-8.1024E-03,-9.3260E-03
-3.8570000E+00,-8.1024E-03,-12.0396E-03
-3.8565000E+00,-8.5044E-03,-13.9491E-03
-3.8560000E+00,-8.3034E-03,-16.3612E-03
-3.8555000E+00,-7.9014E-03,-18.6727E-03
-3.8550000E+00,-8.4039E-03,-21.3863E-03
-3.8545000E+00,-8.6049E-03,-24.2004E-03
-3.8540000E+00,-8.3034E-03,-26.3109E-03
-3.8535000E+00,-8.3034E-03,-28.9240E-03
-3.8530000E+00,-8.8059E-03,-31.4366E-03
-3.8525000E+00,-9.0069E-03,-33.9491E-03
-3.8520000E+00,-8.9064E-03,-36.5622E-03
-3.8515000E+00,-8.8059E-03,-38.8737E-03
-3.8510000E+00,-9.2079E-03,-41.5873E-03
-3.8505000E+00,-9.2079E-03,-43.9994E-03
-3.8500000E+00,-9.1074E-03,-46.2104E-03
-3.8495000E+00,-9.3084E-03,-48.9240E-03
-3.8490000E+00,-9.2079E-03,-51.3361E-03
-3.8485000E+00,-10.1124E-03,-53.9491E-03
-3.8480000E+00,-9.8109E-03,-52.2406E-03
-3.8475000E+00,-9.2079E-03,-49.7280E-03
-3.8470000E+00,-8.7054E-03,-46.9139E-03
-3.8465000E+00,-9.1074E-03,-45.0044E-03
-3.8460000E+00,-9.1074E-03,-42.0898E-03
-3.8455000E+00,-8.6049E-03,-39.9793E-03
-3.8450000E+00,-8.6049E-03,-36.9642E-03
-3.8445000E+00,-8.4039E-03,-34.6526E-03
-3.8440000E+00,-8.6049E-03,-32.4416E-03
-3.8435000E+00,-8.6049E-03,-30.1300E-03
-3.8430000E+00,-7.4994E-03,-27.4165E-03
-3.8425000E+00,-8.0019E-03,-25.1049E-03
-3.8420000E+00,-8.3034E-03,-22.8938E-03
-3.8415000E+00,-7.4994E-03,-19.7783E-03
-3.8410000E+00,-7.5999E-03,-17.5672E-03
-3.8405000E+00,-7.7004E-03,-15.3562E-03
-3.8400000E+00,-7.8009E-03,-12.2406E-03
-3.8395000E+00,-7.8009E-03,-10.1300E-03
-3.8390000E+00,-7.3989E-03,-7.3160E-03
-3.8385000E+00,-7.5999E-03,-4.9039E-03
-3.8380000E+00,-7.8009E-03,-3.1954E-03
-3.8375000E+00,-7.4994E-03,+20.7E-06
-3.8370000E+00,-7.4994E-03,+2.0308E-03
-3.8365000E+00,-7.5999E-03,+4.7443E-03
-3.8360000E+00,-7.3989E-03,+6.9554E-03
-3.8355000E+00,-7.2984E-03,+10.0710E-03
-3.8350000E+00,-7.1979E-03,+12.5835E-03
-3.8345000E+00,-6.6954E-03,+14.7946E-03
-3.8340000E+00,-7.1979E-03,+17.5082E-03
-3.8335000E+00,-7.2984E-03,+20.2217E-03
-3.8330000E+00,-6.8964E-03,+22.6338E-03
-3.8325000E+00,-6.6954E-03,+24.9454E-03
-3.8320000E+00,-6.7959E-03,+27.5584E-03
-3.8315000E+00,-6.7959E-03,+29.7695E-03
-3.8310000E+00,-6.5948E-03,+32.3825E-03
-3.8305000E+00,-6.5948E-03,+34.4931E-03
-3.8300000E+00,-6.3938E-03,+37.9102E-03
-3.8295000E+00,-6.3938E-03,+40.1212E-03
-3.8290000E+00,-6.4943E-03,+42.2318E-03
-3.8285000E+00,-6.4943E-03,+44.3423E-03
-3.8280000E+00,-5.9918E-03,+43.4378E-03
-3.8275000E+00,-6.0923E-03,+40.9253E-03
-3.8270000E+00,-5.9918E-03,+38.2117E-03
-3.8265000E+00,-6.1928E-03,+35.9001E-03
-3.8260000E+00,-6.1928E-03,+33.5886E-03
-3.8255000E+00,-6.4943E-03,+30.7745E-03
-3.8250000E+00,-6.4943E-03,+28.5634E-03
-3.8245000E+00,-6.3938E-03,+26.0509E-03
-3.8240000E+00,-5.6903E-03,+23.6388E-03
-3.8235000E+00,-6.7959E-03,+20.8247E-03
-3.8230000E+00,-6.9969E-03,+18.2117E-03
-3.8225000E+00,-6.4943E-03,+16.1011E-03
-3.8220000E+00,-6.4943E-03,+13.3876E-03
-3.8215000E+00,-6.9969E-03,+10.9755E-03
-3.8210000E+00,-7.1979E-03,+8.0609E-03
-3.8205000E+00,-6.9969E-03,+5.4479E-03
-3.8200000E+00,-6.8964E-03,+3.2368E-03
-3.8195000E+00,-6.9969E-03,+1.1263E-03
-3.8190000E+00,-7.4994E-03,-1.5873E-03
-3.8185000E+00,-7.2984E-03,-3.8989E-03
-3.8180000E+00,-7.4994E-03,-6.7129E-03
-3.8175000E+00,-7.7004E-03,-9.2255E-03
-3.8170000E+00,-8.2029E-03,-11.6376E-03
-3.8165000E+00,-8.0019E-03,-13.7481E-03
-3.8160000E+00,-8.0019E-03,-16.5622E-03
-3.8155000E+00,-7.9014E-03,-18.8737E-03
-3.8150000E+00,-7.9014E-03,-21.0848E-03
-3.8145000E+00,-8.1024E-03,-24.2004E-03
-3.8140000E+00,-8.5044E-03,-26.6124E-03
-3.8135000E+00,-8.1024E-03,-28.8235E-03
-3.8130000E+00,-8.6049E-03,-31.2356E-03
-3.8125000E+00,-8.7054E-03,-33.8486E-03
-3.8120000E+00,-8.7054E-03,-36.6627E-03
-3.8115000E+00,-8.7054E-03,-39.1753E-03
-3.8110000E+00,-8.9064E-03,-41.7883E-03
-3.8105000E+00,-9.3084E-03,-44.0999E-03
-3.8100000E+00,-9.0069E-03,-46.5119E-03
-3.8095000E+00,-9.1074E-03,-48.7230E-03
-3.8090000E+00,-9.1074E-03,-51.3361E-03
-3.8085000E+00,-9.4089E-03,-54.0496E-03
-3.8080000E+00,-9.1074E-03,-52.4416E-03
-3.8075000E+00,-8.7054E-03,-49.4265E-03
-3.8070000E+00,-8.8059E-03,-47.3160E-03
-3.8065000E+00,-8.8059E-03,-44.8034E-03
-3.8060000E+00,-8.6049E-03,-42.4918E-03
-3.8055000E+00,-8.4039E-03,-40.3813E-03
-3.8050000E+00,-8.3034E-03,-37.6677E-03
-3.8045000E+00,-8.6049E-03,-35.3562E-03
-3.8040000E+00,-8.3034E-03,-32.3411E-03
-3.8035000E+00,-7.9014E-03,-29.9290E-03
-3.8030000E+00,-8.0019E-03,-27.2155E-03
-3.8025000E+00,-8.0019E-03,-24.5019E-03
-3.8020000E+00,-8.1024E-03,-22.0898E-03
-3.8015000E+00,-7.9014E-03,-19.8788E-03
-3.8010000E+00,-7.4994E-03,-17.4667E-03
-3.8005000E+00,-8.1024E-03,-14.5521E-03
-3.8000000E+00,-7.4994E-03,-12.4416E-03
-3.7995000E+00,-7.5999E-03,-9.8285E-03
-3.7990000E+00,-7.3989E-03,-7.4165E-03
-3.7985000E+00,-7.2984E-03,-4.6024E-03
-3.7980000E+00,-7.2984E-03,-2.4918E-03
-3.7975000E+00,-7.7004E-03,-79.8E-06
-3.7970000E+00,-7.5999E-03,+1.7293E-03
-3.7965000E+00,-7.1979E-03,+4.8448E-03
-3.7960000E+00,-7.2984E-03,+7.6589E-03
-3.7955000E+00,-7.4994E-03,+10.1715E-03
-3.7950000E+00,-7.1979E-03,+12.8850E-03
-3.7945000E+00,-6.9969E-03,+14.5936E-03
-3.7940000E+00,-7.0974E-03,+17.5082E-03
-3.7935000E+00,-7.4994E-03,+20.1212E-03
-3.7930000E+00,-6.8964E-03,+22.6338E-03
-3.7925000E+00,-6.5948E-03,+25.6489E-03
-3.7920000E+00,-6.8964E-03,+28.1614E-03
-3.7915000E+00,-6.9969E-03,+29.5685E-03
-3.7910000E+00,-6.4943E-03,+32.6840E-03
-3.7905000E+00,-6.5948E-03,+35.1966E-03
-3.7900000E+00,-6.5948E-03,+37.4077E-03
-3.7895000E+00,-6.5948E-03,+40.5232E-03
-3.7890000E+00,-6.6954E-03,+42.8348E-03
-3.7885000E+00,-5.8913E-03,+45.0459E-03
-3.7880000E+00,-6.1928E-03,+43.6388E-03
-3.7875000E+00,-5.9918E-03,+41.1263E-03
-3.7870000E+00,-6.2933E-03,+38.6137E-03
-3.7865000E+00,-6.0923E-03,+35.3976E-03
-3.7860000E+00,-6.1928E-03,+33.7896E-03
-3.7855000E+00,-6.5948E-03,+30.8750E-03
-3.7850000E+00,-6.9969E-03,+28.5634E-03
-3.7845000E+00,-6.1928E-03,+25.9504E-03
-3.7840000E+00,-6.5948E-03,+23.8398E-03
-3.7835000E+00,-6.7959E-03,+21.4278E-03
-3.7830000E+00,-6.7959E-03,+18.2117E-03
-3.7825000E+00,-6.6954E-03,+15.9001E-03
-3.7820000E+00,-7.1979E-03,+13.3876E-03
-3.7815000E+00,-6.7959E-03,+10.7745E-03
-3.7810000E+00,-7.2984E-03,+8.3624E-03
-3.7805000E+00,-7.0974E-03,+6.2519E-03
-3.7800000E+00,-7.7004E-03,+3.3373E-03
-3.7795000E+00,-7.5999E-03,+1.3273E-03
-3.7790000E+00,-7.5999E-03,-1.8888E-03
-3.7785000E+00,-7.3989E-03,-3.9994E-03
-3.7780000E+00,-7.4994E-03,-6.2104E-03
-3.7775000E+00,-8.0019E-03,-9.2255E-03
-3.7770000E+00,-8.5044E-03,-11.4366E-03
-3.7765000E+00,-8.1024E-03,-13.8486E-03
-3.7760000E+00,-8.0019E-03,-16.6627E-03
-3.7755000E+00,-7.8009E-03,-18.3712E-03
-3.7750000E+00,-8.5044E-03,-21.7883E-03
-3.7745000E+00,-8.4039E-03,-23.6979E-03
-3.7740000E+00,-8.6049E-03,-26.2104E-03
-3.7735000E+00,-8.3034E-03,-28.8235E-03
-3.7730000E+00,-8.9064E-03,-31.4366E-03
-3.7725000E+00,-8.7054E-03,-34.0496E-03
-3.7720000E+00,-8.7054E-03,-36.5622E-03
-3.7715000E+00,-8.9064E-03,-39.0747E-03
-3.7710000E+00,-9.3084E-03,-41.2858E-03
-3.7705000E+00,-9.1074E-03,-44.0999E-03
-3.7700000E+00,-9.4089E-03,-46.4114E-03
-3.7695000E+00,-9.4089E-03,-49.0245E-03
-3.7690000E+00,-9.3084E-03,-51.3361E-03
-3.7685000E+00,-9.6099E-03,-53.8486E-03
-3.7680000E+00,-9.4089E-03,-51.8386E-03
-3.7675000E+00,-8.8059E-03,-49.6275E-03
-3.7670000E+00,-8.8059E-03,-47.1149E-03
-3.7665000E+00,-8.9064E-03,-44.4014E-03
-3.7660000E+00,-8.6049E-03,-42.5923E-03
-3.7655000E+00,-8.6049E-03,-39.4768E-03
-3.7650000E+00,-8.4039E-03,-37.0647E-03
-3.7645000E+00,-8.4039E-03,-34.8536E-03
-3.7640000E+00,-8.3034E-03,-32.1401E-03
-3.7635000E+00,-8.3034E-03,-29.5270E-03
-3.7630000E+00,-7.8009E-03,-26.6124E-03
-3.7625000E+00,-8.2029E-03,-24.7029E-03
-3.7620000E+00,-8.3034E-03,-22.0898E-03
-3.7615000E+00,-7.7004E-03,-19.3763E-03
-3.7610000E+00,-7.7004E-03,-17.5672E-03
-3.7605000E+00,-7.5999E-03,-14.3511E-03
-3.7600000E+00,-7.7004E-03,-11.9391E-03
-3.7595000E+00,-7.5999E-03,-9.9290E-03
-3.7590000E+00,-7.5999E-03,-7.5170E-03
-3.7585000E+00,-7.2984E-03,-5.0044E-03
-3.7580000E+00,-7.7004E-03,-2.4918E-03
-3.7575000E+00,-7.5999E-03,+422.7E-06
-3.7570000E+00,-7.4994E-03,+2.8348E-03
-3.7565000E+00,-7.4994E-03,+4.8448E-03
-3.7560000E+00,-7.5999E-03,+7.6589E-03
-3.7555000E+00,-7.1979E-03,+10.2720E-03
-3.7550000E+00,-7.1979E-03,+12.5835E-03
-3.7545000E+00,-7.2984E-03,+15.1966E-03
-3.7540000E+00,-7.3989E-03,+17.3072E-03
-3.7535000E+00,-7.2984E-03,+19.8197E-03
-3.7530000E+00,-6.4943E-03,+22.3323E-03
-3.7525000E+00,-6.8964E-03,+25.2469E-03
-3.7520000E+00,-6.8964E-03,+27.6589E-03
-3.7515000E+00,-6.6954E-03,+30.5735E-03
-3.7510000E+00,-6.6954E-03,+32.5835E-03
-3.7505000E+00,-6.4943E-03,+34.7946E-03
-3.7500000E+00,-6.3938E-03,+37.8097E-03
-3.7495000E+00,-6.5948E-03,+40.3222E-03
-3.7490000E+00,-6.1928E-03,+42.9353E-03
-3.7485000E+00,-6.0923E-03,+44.7443E-03
-3.7480000E+00,-6.1928E-03,+43.5383E-03
-3.7475000E+00,-6.2933E-03,+40.9253E-03
-3.7470000E+00,-5.9918E-03,+38.9152E-03
-3.7465000E+00,-6.0923E-03,+36.0006E-03
-3.7460000E+00,-6.3938E-03,+33.6891E-03
-3.7455000E+00,-6.4943E-03,+30.9755E-03
-3.7450000E+00,-6.2933E-03,+28.4629E-03
-3.7445000E+00,-5.8913E-03,+25.5484E-03
-3.7440000E+00,-6.6954E-03,+23.5383E-03
-3.7435000E+00,-6.5948E-03,+20.7242E-03
-3.7430000E+00,-6.6954E-03,+18.8147E-03
-3.7425000E+00,-6.4943E-03,+15.6991E-03
-3.7420000E+00,-6.4943E-03,+13.5886E-03
-3.7415000E+00,-6.9969E-03,+11.1765E-03
-3.7410000E+00,-6.8964E-03,+8.2619E-03
-3.7405000E+00,-7.0974E-03,+5.4479E-03
-3.7400000E+00,-6.9969E-03,+3.4378E-03
-3.7395000E+00,-7.3989E-03,+824.7E-06
-3.7390000E+00,-7.5999E-03,-1.1853E-03
-3.7385000E+00,-7.1979E-03,-4.3009E-03
-3.7380000E+00,-7.3989E-03,-6.7129E-03
-3.7375000E+00,-7.5999E-03,-9.2255E-03
-3.7370000E+00,-7.9014E-03,-11.2356E-03
-3.7365000E+00,-7.9014E-03,-13.7481E-03
-3.7360000E+00,-7.9014E-03,-16.5622E-03
-3.7355000E+00,-8.2029E-03,-18.7732E-03
-3.7350000E+00,-8.1024E-03,-21.4868E-03
-3.7345000E+00,-8.3034E-03,-23.8989E-03
-3.7340000E+00,-8.1024E-03,-26.2104E-03
-3.7335000E+00,-8.4039E-03,-29.1250E-03
-3.7330000E+00,-8.5044E-03,-31.4366E-03
-3.7325000E+00,-8.7054E-03,-33.6476E-03
-3.7320000E+00,-8.4039E-03,-36.4617E-03
-3.7315000E+00,-8.6049E-03,-39.2758E-03
-3.7310000E+00,-8.9064E-03,-41.4868E-03
-3.7305000E+00,-8.7054E-03,-43.6979E-03
-3.7300000E+00,-8.6049E-03,-46.3109E-03
-3.7295000E+00,-9.1074E-03,-48.3210E-03
-3.7290000E+00,-9.5094E-03,-51.2356E-03
-3.7285000E+00,-9.3084E-03,-53.5471E-03
-3.7280000E+00,-8.9064E-03,-52.1401E-03
-3.7275000E+00,-8.6049E-03,-49.8285E-03
-3.7270000E+00,-9.1074E-03,-46.9139E-03
-3.7265000E+00,-8.8059E-03,-44.8034E-03
-3.7260000E+00,-8.4039E-03,-42.0898E-03
-3.7255000E+00,-8.1024E-03,-39.8788E-03
-3.7250000E+00,-8.3034E-03,-37.5672E-03
-3.7245000E+00,-8.3034E-03,-34.9541E-03
-3.7240000E+00,-7.9014E-03,-32.6426E-03
-3.7235000E+00,-7.4994E-03,-29.6275E-03
-3.7230000E+00,-7.8009E-03,-27.1149E-03
-3.7225000E+00,-7.9014E-03,-24.7029E-03
-3.7220000E+00,-8.0019E-03,-22.1903E-03
-3.7215000E+00,-7.7004E-03,-19.5773E-03
-3.7210000E+00,-7.7004E-03,-17.3662E-03
-3.7205000E+00,-7.8009E-03,-14.9541E-03
-3.7200000E+00,-7.3989E-03,-12.4416E-03
-3.7195000E+00,-7.3989E-03,-10.0295E-03
-3.7190000E+00,-6.9969E-03,-7.5170E-03
-3.7185000E+00,-7.2984E-03,-5.0044E-03
-3.7180000E+00,-7.5999E-03,-2.5923E-03
-3.7175000E+00,-7.4994E-03,-79.8E-06
-3.7170000E+00,-7.1979E-03,+2.5333E-03
-3.7165000E+00,-7.0974E-03,+4.9454E-03
-3.7160000E+00,-7.1979E-03,+7.5584E-03
-3.7155000E+00,-7.1979E-03,+9.6690E-03
-3.7150000E+00,-6.7959E-03,+12.3825E-03
-3.7145000E+00,-7.1979E-03,+15.0961E-03
-3.7140000E+00,-7.1979E-03,+17.8097E-03
-3.7135000E+00,-6.6954E-03,+20.4227E-03
-3.7130000E+00,-6.6954E-03,+22.8348E-03
-3.7125000E+00,-6.5948E-03,+25.8499E-03
-3.7120000E+00,-6.9969E-03,+27.7594E-03
-3.7115000E+00,-6.6954E-03,+30.3725E-03
-3.7110000E+00,-6.3938E-03,+32.4830E-03
-3.7105000E+00,-6.2933E-03,+35.2971E-03
-3.7100000E+00,-6.3938E-03,+37.3072E-03
-3.7095000E+00,-6.2933E-03,+40.3222E-03
-3.7090000E+00,-6.4943E-03,+42.6338E-03
-3.7085000E+00,-5.9918E-03,+45.5484E-03
-3.7080000E+00,-6.2933E-03,+43.4378E-03
-3.7075000E+00,-6.4943E-03,+40.9253E-03
-3.7070000E+00,-6.1928E-03,+38.2117E-03
-3.7065000E+00,-6.0923E-03,+36.0006E-03
-3.7060000E+00,-6.5948E-03,+32.9856E-03
-3.7055000E+00,-6.5948E-03,+30.6740E-03
-3.7050000E+00,-6.0923E-03,+28.5634E-03
-3.7045000E+00,-6.4943E-03,+25.9504E-03
-3.7040000E+00,-6.5948E-03,+23.5383E-03
-3.7035000E+00,-6.7959E-03,+21.3273E-03
-3.7030000E+00,-6.5948E-03,+18.6137E-03
-3.7025000E+00,-6.4943E-03,+15.7996E-03
-3.7020000E+00,-6.7959E-03,+13.5886E-03
-3.7015000E+00,-7.0974E-03,+11.3775E-03
-3.7010000E+00,-7.2984E-03,+8.5634E-03
-3.7005000E+00,-7.2984E-03,+5.7494E-03
-3.7000000E+00,-7.2984E-03,+3.4378E-03
-3.6995000E+00,-7.3989E-03,+623.7E-06
-3.6990000E+00,-7.5999E-03,-1.3863E-03
-3.6985000E+00,-7.0974E-03,-4.4014E-03
-3.6980000E+00,-7.1979E-03,-6.4114E-03
-3.6975000E+00,-7.7004E-03,-9.1250E-03
-3.6970000E+00,-8.0019E-03,-11.5371E-03
-3.6965000E+00,-8.1024E-03,-14.2506E-03
-3.6960000E+00,-7.9014E-03,-16.8637E-03
-3.6955000E+00,-7.9014E-03,-18.8737E-03
-3.6950000E+00,-8.3034E-03,-21.4868E-03
-3.6945000E+00,-8.3034E-03,-24.0999E-03
-3.6940000E+00,-8.5044E-03,-26.6124E-03
-3.6935000E+00,-8.3034E-03,-29.2255E-03
-3.6930000E+00,-8.9064E-03,-31.6376E-03
-3.6925000E+00,-9.0069E-03,-33.9491E-03
-3.6920000E+00,-8.6049E-03,-36.4617E-03
-3.6915000E+00,-8.8059E-03,-38.8737E-03
-3.6910000E+00,-9.1074E-03,-41.6878E-03
-3.6905000E+00,-8.9064E-03,-44.0999E-03
-3.6900000E+00,-9.3084E-03,-46.7129E-03
-3.6895000E+00,-9.3084E-03,-48.7230E-03
-3.6890000E+00,-9.8109E-03,-52.0396E-03
-3.6885000E+00,-9.6099E-03,-54.1501E-03
-3.6880000E+00,-9.5094E-03,-52.7431E-03
-3.6875000E+00,-9.3084E-03,-50.1300E-03
-3.6870000E+00,-9.1074E-03,-47.7180E-03
-3.6865000E+00,-9.2079E-03,-45.0044E-03
-3.6860000E+00,-8.7054E-03,-42.8938E-03
-3.6855000E+00,-8.2029E-03,-40.0798E-03
-3.6850000E+00,-8.9064E-03,-37.9692E-03
-3.6845000E+00,-8.4039E-03,-35.0546E-03
-3.6840000E+00,-8.3034E-03,-32.4416E-03
-3.6835000E+00,-8.1024E-03,-29.9290E-03
-3.6830000E+00,-7.9014E-03,-28.1200E-03
-3.6825000E+00,-8.3034E-03,-25.2054E-03
-3.6820000E+00,-7.8009E-03,-22.6928E-03
-3.6815000E+00,-7.5999E-03,-20.4818E-03
-3.6810000E+00,-7.8009E-03,-17.3662E-03
-3.6805000E+00,-7.8009E-03,-15.1552E-03
-3.6800000E+00,-7.8009E-03,-12.7431E-03
-3.6795000E+00,-7.9014E-03,-10.4315E-03
-3.6790000E+00,-7.3989E-03,-7.9190E-03
-3.6785000E+00,-8.0019E-03,-5.5069E-03
-3.6780000E+00,-7.8009E-03,-2.6928E-03
-3.6775000E+00,-7.4994E-03,-180.3E-06
-3.6770000E+00,-7.7004E-03,+2.5333E-03
-3.6765000E+00,-7.9014E-03,+4.7443E-03
-3.6760000E+00,-7.8009E-03,+7.1564E-03
-3.6755000E+00,-7.4994E-03,+9.9705E-03
-3.6750000E+00,-7.2984E-03,+12.1815E-03
-3.6745000E+00,-7.4994E-03,+14.8951E-03
-3.6740000E+00,-8.0019E-03,+17.6087E-03
-3.6735000E+00,-7.3989E-03,+20.2217E-03
-3.6730000E+00,-7.0974E-03,+22.2318E-03
-3.6725000E+00,-6.8964E-03,+24.9454E-03
-3.6720000E+00,-6.8964E-03,+27.8599E-03
-3.6715000E+00,-6.8964E-03,+29.7695E-03
-3.6710000E+00,-6.8964E-03,+32.3825E-03
-3.6705000E+00,-6.9969E-03,+34.8951E-03
-3.6700000E+00,-6.7959E-03,+37.8097E-03
-3.6695000E+00,-6.6954E-03,+40.0207E-03
-3.6690000E+00,-6.1928E-03,+42.9353E-03
-3.6685000E+00,-6.3938E-03,+45.0459E-03
-3.6680000E+00,-6.6954E-03,+43.1363E-03
-3.6675000E+00,-6.1928E-03,+40.6237E-03
-3.6670000E+00,-6.0923E-03,+38.4127E-03
-3.6665000E+00,-6.1928E-03,+35.5986E-03
-3.6660000E+00,-6.6954E-03,+33.1866E-03
-3.6655000E+00,-6.5948E-03,+30.9755E-03
-3.6650000E+00,-6.5948E-03,+28.0609E-03
-3.6645000E+00,-6.1928E-03,+26.0509E-03
-3.6640000E+00,-6.7959E-03,+23.2368E-03
-3.6635000E+00,-6.8964E-03,+20.9253E-03
-3.6630000E+00,-6.7959E-03,+18.5132E-03
-3.6625000E+00,-6.6954E-03,+15.5986E-03
-3.6620000E+00,-6.7959E-03,+12.8850E-03
-3.6615000E+00,-6.7959E-03,+10.4730E-03
-3.6610000E+00,-6.8964E-03,+7.8599E-03
-3.6605000E+00,-6.8964E-03,+5.6489E-03
-3.6600000E+00,-7.0974E-03,+3.3373E-03
-3.6595000E+00,-7.4994E-03,+724.2E-06
-3.6590000E+00,-7.5999E-03,-1.6878E-03
-3.6585000E+00,-7.3989E-03,-3.9994E-03
-3.6580000E+00,-7.4994E-03,-6.6124E-03
-3.6575000E+00,-7.8009E-03,-9.2255E-03
-3.6570000E+00,-7.8009E-03,-11.4366E-03
-3.6565000E+00,-7.8009E-03,-13.9491E-03
-3.6560000E+00,-7.7004E-03,-16.8637E-03
-3.6555000E+00,-8.1024E-03,-19.0747E-03
-3.6550000E+00,-8.1024E-03,-21.2858E-03
-3.6545000E+00,-8.4039E-03,-24.4014E-03
-3.6540000E+00,-8.1024E-03,-26.3109E-03
-3.6535000E+00,-8.4039E-03,-29.2255E-03
-3.6530000E+00,-8.6049E-03,-31.7381E-03
-3.6525000E+00,-8.2029E-03,-34.0496E-03
-3.6520000E+00,-8.3034E-03,-36.3612E-03
-3.6515000E+00,-8.6049E-03,-38.8737E-03
-3.6510000E+00,-8.5044E-03,-41.3863E-03
-3.6505000E+00,-8.4039E-03,-43.5974E-03
-3.6500000E+00,-8.6049E-03,-46.4114E-03
-3.6495000E+00,-8.9064E-03,-49.1250E-03
-3.6490000E+00,-9.0069E-03,-51.6376E-03
-3.6485000E+00,-9.1074E-03,-53.6476E-03
-3.6480000E+00,-8.8059E-03,-52.7431E-03
-3.6475000E+00,-8.5044E-03,-50.3310E-03
-3.6470000E+00,-8.9064E-03,-47.7180E-03
-3.6465000E+00,-8.5044E-03,-44.7029E-03
-3.6460000E+00,-8.5044E-03,-42.2908E-03
-3.6455000E+00,-8.0019E-03,-39.7783E-03
-3.6450000E+00,-8.4039E-03,-37.1652E-03
-3.6445000E+00,-8.0019E-03,-35.2557E-03
-3.6440000E+00,-8.2029E-03,-32.7431E-03
-3.6435000E+00,-7.7004E-03,-29.8285E-03
-3.6430000E+00,-8.0019E-03,-27.3160E-03
-3.6425000E+00,-8.0019E-03,-25.1049E-03
-3.6420000E+00,-7.5999E-03,-23.0948E-03
-3.6415000E+00,-7.4994E-03,-20.0798E-03
-3.6410000E+00,-7.3989E-03,-17.3662E-03
-3.6405000E+00,-7.5999E-03,-14.9541E-03
-3.6400000E+00,-7.7004E-03,-12.8436E-03
-3.6395000E+00,-7.2984E-03,-10.2305E-03
-3.6390000E+00,-7.5999E-03,-7.6175E-03
-3.6385000E+00,-7.3989E-03,-5.3059E-03
-3.6380000E+00,-7.4994E-03,-2.9943E-03
-3.6375000E+00,-7.4994E-03,-582.3E-06
-3.6370000E+00,-7.1979E-03,+2.5333E-03
-3.6365000E+00,-7.7004E-03,+4.6438E-03
-3.6360000E+00,-7.2984E-03,+7.1564E-03
-3.6355000E+00,-7.2984E-03,+9.6690E-03
-3.6350000E+00,-7.2984E-03,+12.4830E-03
-3.6345000E+00,-7.2984E-03,+14.7946E-03
-3.6340000E+00,-7.2984E-03,+17.4077E-03
-3.6335000E+00,-6.9969E-03,+19.7192E-03
-3.6330000E+00,-7.0974E-03,+22.4328E-03
-3.6325000E+00,-6.9969E-03,+24.6438E-03
-3.6320000E+00,-7.1979E-03,+27.2569E-03
-3.6315000E+00,-6.9969E-03,+29.9705E-03
-3.6310000E+00,-6.6954E-03,+32.3825E-03
-3.6305000E+00,-6.4943E-03,+35.0961E-03
-3.6300000E+00,-6.7959E-03,+37.8097E-03
-3.6295000E+00,-6.0923E-03,+40.2217E-03
-3.6290000E+00,-6.3938E-03,+42.3323E-03
-3.6285000E+00,-6.1928E-03,+44.9454E-03
-3.6280000E+00,-6.5948E-03,+43.3373E-03
-3.6275000E+00,-6.6954E-03,+41.0258E-03
-3.6270000E+00,-6.2933E-03,+38.3122E-03
-3.6265000E+00,-6.3938E-03,+36.2016E-03
-3.6260000E+00,-6.5948E-03,+33.1866E-03
-3.6255000E+00,-6.6954E-03,+31.0760E-03
-3.6250000E+00,-6.5948E-03,+28.0609E-03
-3.6245000E+00,-6.8964E-03,+25.6489E-03
-3.6240000E+00,-6.9969E-03,+23.4378E-03
-3.6235000E+00,-7.0974E-03,+20.6237E-03
-3.6230000E+00,-6.4943E-03,+18.6137E-03
-3.6225000E+00,-6.8964E-03,+15.6991E-03
-3.6220000E+00,-7.1979E-03,+13.1866E-03
-3.6215000E+00,-7.3989E-03,+10.3725E-03
-3.6210000E+00,-7.4994E-03,+7.8599E-03
-3.6205000E+00,-7.1979E-03,+5.8499E-03
-3.6200000E+00,-7.5999E-03,+3.4378E-03
-3.6195000E+00,-7.4994E-03,+824.7E-06
-3.6190000E+00,-7.8009E-03,-1.4868E-03
-3.6185000E+00,-7.1979E-03,-3.5974E-03
-3.6180000E+00,-7.7004E-03,-6.5119E-03
-3.6175000E+00,-7.9014E-03,-9.3260E-03
-3.6170000E+00,-8.3034E-03,-11.9391E-03
-3.6165000E+00,-8.2029E-03,-13.9491E-03
-3.6160000E+00,-7.9014E-03,-16.2607E-03
-3.6155000E+00,-8.2029E-03,-19.2758E-03
-3.6150000E+00,-8.3034E-03,-21.3863E-03
-3.6145000E+00,-8.1024E-03,-23.7984E-03
-3.6140000E+00,-8.6049E-03,-26.3109E-03
-3.6135000E+00,-8.5044E-03,-28.9240E-03
-3.6130000E+00,-8.6049E-03,-31.4366E-03
-3.6125000E+00,-8.6049E-03,-33.8486E-03
-3.6120000E+00,-8.5044E-03,-36.3612E-03
-3.6115000E+00,-8.9064E-03,-38.6727E-03
-3.6110000E+00,-9.0069E-03,-41.2858E-03
-3.6105000E+00,-9.2079E-03,-43.9994E-03
-3.6100000E+00,-8.8059E-03,-45.7079E-03
-3.6095000E+00,-9.4089E-03,-49.3260E-03
-3.6090000E+00,-9.5094E-03,-51.3361E-03
-3.6085000E+00,-9.2079E-03,-53.4466E-03
-3.6080000E+00,-9.2079E-03,-52.3411E-03
-3.6075000E+00,-9.0069E-03,-49.5270E-03
-3.6070000E+00,-9.1074E-03,-47.2155E-03
-3.6065000E+00,-8.7054E-03,-44.4014E-03
-3.6060000E+00,-8.4039E-03,-42.2908E-03
-3.6055000E+00,-8.6049E-03,-39.8788E-03
-3.6050000E+00,-8.9064E-03,-37.2657E-03
-3.6045000E+00,-8.3034E-03,-34.6526E-03
-3.6040000E+00,-8.2029E-03,-32.2406E-03
-3.6035000E+00,-8.3034E-03,-29.9290E-03
-3.6030000E+00,-8.0019E-03,-27.1149E-03
-3.6025000E+00,-8.0019E-03,-24.8034E-03
-3.6020000E+00,-7.8009E-03,-22.6928E-03
-3.6015000E+00,-7.4994E-03,-19.6778E-03
-3.6010000E+00,-8.1024E-03,-17.2657E-03
-3.6005000E+00,-7.8009E-03,-14.9541E-03
-3.6000000E+00,-7.7004E-03,-12.5421E-03
-3.5995000E+00,-7.5999E-03,-9.9290E-03
-3.5990000E+00,-7.5999E-03,-7.2155E-03
-3.5985000E+00,-7.4994E-03,-5.0044E-03
-3.5980000E+00,-7.3989E-03,-2.4918E-03
-3.5975000E+00,-7.0974E-03,+20.7E-06
-3.5970000E+00,-7.7004E-03,+2.6338E-03
-3.5965000E+00,-7.8009E-03,+4.9454E-03
-3.5960000E+00,-6.7959E-03,+7.4579E-03
-3.5955000E+00,-6.7959E-03,+9.6690E-03
-3.5950000E+00,-7.3989E-03,+12.6840E-03
-3.5945000E+00,-7.2984E-03,+14.7946E-03
-3.5940000E+00,-6.8964E-03,+17.3072E-03
-3.5935000E+00,-6.7959E-03,+20.1212E-03
-3.5930000E+00,-6.8964E-03,+22.0308E-03
-3.5925000E+00,-6.8964E-03,+24.5433E-03
-3.5920000E+00,-6.6954E-03,+27.3574E-03
-3.5915000E+00,-6.4943E-03,+29.7695E-03
-3.5910000E+00,-6.4943E-03,+32.7845E-03
-3.5905000E+00,-6.7959E-03,+35.1966E-03
-3.5900000E+00,-6.4943E-03,+37.6087E-03
-3.5895000E+00,-6.0923E-03,+39.7192E-03
-3.5890000E+00,-6.3938E-03,+42.9353E-03
-3.5885000E+00,-6.1928E-03,+44.5433E-03
-3.5880000E+00,-6.6954E-03,+43.4378E-03
-3.5875000E+00,-6.2933E-03,+40.9253E-03
-3.5870000E+00,-6.1928E-03,+38.4127E-03
-3.5865000E+00,-6.2933E-03,+36.1011E-03
-3.5860000E+00,-6.0923E-03,+33.2871E-03
-3.5855000E+00,-6.5948E-03,+30.7745E-03
-3.5850000E+00,-6.2933E-03,+28.2619E-03
-3.5845000E+00,-6.2933E-03,+25.9504E-03
-3.5840000E+00,-6.5948E-03,+23.2368E-03
-3.5835000E+00,-6.5948E-03,+21.0258E-03
-3.5830000E+00,-6.3938E-03,+18.2117E-03
-3.5825000E+00,-6.6954E-03,+16.0006E-03
-3.5820000E+00,-6.7959E-03,+13.4881E-03
-3.5815000E+00,-6.9969E-03,+11.1765E-03
-3.5810000E+00,-6.6954E-03,+7.9604E-03
-3.5805000E+00,-6.9969E-03,+5.8499E-03
-3.5800000E+00,-7.3989E-03,+3.4378E-03
-3.5795000E+00,-7.1979E-03,+925.3E-06
-3.5790000E+00,-7.3989E-03,-1.7883E-03
-3.5785000E+00,-7.1979E-03,-4.2004E-03
-3.5780000E+00,-7.5999E-03,-6.3109E-03
-3.5775000E+00,-7.5999E-03,-9.0245E-03
-3.5770000E+00,-7.9014E-03,-11.7381E-03
-3.5765000E+00,-8.0019E-03,-13.8486E-03
-3.5760000E+00,-7.7004E-03,-16.7632E-03
-3.5755000E+00,-8.3034E-03,-18.7732E-03
-3.5750000E+00,-8.2029E-03,-21.2858E-03
-3.5745000E+00,-8.3034E-03,-23.7984E-03
-3.5740000E+00,-8.4039E-03,-26.6124E-03
-3.5735000E+00,-8.6049E-03,-29.1250E-03
-3.5730000E+00,-8.6049E-03,-31.4366E-03
-3.5725000E+00,-8.3034E-03,-34.0496E-03
-3.5720000E+00,-8.9064E-03,-36.3612E-03
-3.5715000E+00,-9.1074E-03,-38.8737E-03
-3.5710000E+00,-9.2079E-03,-41.4868E-03
-3.5705000E+00,-8.9064E-03,-43.7984E-03
-3.5700000E+00,-9.2079E-03,-46.3109E-03
-3.5695000E+00,-9.3084E-03,-48.7230E-03
-3.5690000E+00,-9.1074E-03,-51.5371E-03
-3.5685000E+00,-9.2079E-03,-53.7481E-03
-3.5680000E+00,-8.9064E-03,-52.1401E-03
-3.5675000E+00,-9.1074E-03,-49.3260E-03
-3.5670000E+00,-8.8059E-03,-47.0144E-03
-3.5665000E+00,-8.8059E-03,-44.9039E-03
-3.5660000E+00,-8.7054E-03,-42.0898E-03
-3.5655000E+00,-8.7054E-03,-39.5773E-03
-3.5650000E+00,-8.2029E-03,-37.3662E-03
-3.5645000E+00,-8.2029E-03,-34.7531E-03
-3.5640000E+00,-8.3034E-03,-31.8386E-03
-3.5635000E+00,-8.3034E-03,-30.0295E-03
-3.5630000E+00,-8.0019E-03,-27.2155E-03
-3.5625000E+00,-8.1024E-03,-24.6024E-03
-3.5620000E+00,-8.1024E-03,-22.5923E-03
-3.5615000E+00,-7.9014E-03,-19.6778E-03
-3.5610000E+00,-7.9014E-03,-17.5672E-03
-3.5605000E+00,-8.1024E-03,-14.8536E-03
-3.5600000E+00,-7.5999E-03,-12.0396E-03
-3.5595000E+00,-7.4994E-03,-9.9290E-03
-3.5590000E+00,-7.8009E-03,-7.6175E-03
-3.5585000E+00,-7.8009E-03,-4.8034E-03
-3.5580000E+00,-7.5999E-03,-2.1903E-03
-3.5575000E+00,-7.4994E-03,+121.2E-06
-3.5570000E+00,-7.7004E-03,+2.6338E-03
-3.5565000E+00,-7.8009E-03,+5.0459E-03
-3.5560000E+00,-7.7004E-03,+7.7594E-03
-3.5555000E+00,-7.3989E-03,+10.2720E-03
-3.5550000E+00,-7.5999E-03,+12.2820E-03
-3.5545000E+00,-7.5999E-03,+15.2971E-03
-3.5540000E+00,-7.4994E-03,+17.1062E-03
-3.5535000E+00,-7.1979E-03,+20.1212E-03
-3.5530000E+00,-7.4994E-03,+22.5333E-03
-3.5525000E+00,-7.2984E-03,+25.1464E-03
-3.5520000E+00,-6.9969E-03,+27.6589E-03
-3.5515000E+00,-6.8964E-03,+30.1715E-03
-3.5510000E+00,-6.7959E-03,+32.9856E-03
-3.5505000E+00,-6.8964E-03,+35.2971E-03
-3.5500000E+00,-6.5948E-03,+38.0107E-03
-3.5495000E+00,-6.3938E-03,+40.3222E-03
-3.5490000E+00,-6.4943E-03,+43.1363E-03
-3.5485000E+00,-6.3938E-03,+45.2469E-03
-3.5480000E+00,-6.4943E-03,+43.9403E-03
-3.5475000E+00,-6.2933E-03,+41.6288E-03
-3.5470000E+00,-6.0923E-03,+38.9152E-03
-3.5465000E+00,-6.5948E-03,+36.5031E-03
-3.5460000E+00,-6.4943E-03,+33.7896E-03
-3.5455000E+00,-6.5948E-03,+31.3775E-03
-3.5450000E+00,-6.2933E-03,+28.4629E-03
-3.5445000E+00,-6.7959E-03,+26.4529E-03
-3.5440000E+00,-6.5948E-03,+24.1413E-03
-3.5435000E+00,-6.7959E-03,+21.1263E-03
-3.5430000E+00,-6.3938E-03,+18.6137E-03
-3.5425000E+00,-6.8964E-03,+15.9001E-03
-3.5420000E+00,-6.8964E-03,+13.3876E-03
-3.5415000E+00,-6.9969E-03,+11.0760E-03
-3.5410000E+00,-6.6954E-03,+8.3624E-03
-3.5405000E+00,-7.3989E-03,+5.8499E-03
-3.5400000E+00,-7.2984E-03,+3.2368E-03
-3.5395000E+00,-6.8964E-03,+1.2268E-03
-3.5390000E+00,-7.0974E-03,-1.2858E-03
-3.5385000E+00,-7.5999E-03,-3.9994E-03
-3.5380000E+00,-7.9014E-03,-6.4114E-03
-3.5375000E+00,-8.0019E-03,-8.7230E-03
-3.5370000E+00,-7.8009E-03,-11.6376E-03
-3.5365000E+00,-7.9014E-03,-13.6476E-03
-3.5360000E+00,-7.7004E-03,-16.4617E-03
-3.5355000E+00,-8.2029E-03,-18.6727E-03
-3.5350000E+00,-8.1024E-03,-21.0848E-03
-3.5345000E+00,-7.9014E-03,-23.7984E-03
-3.5340000E+00,-8.2029E-03,-26.1099E-03
-3.5335000E+00,-8.8059E-03,-28.5220E-03
-3.5330000E+00,-8.3034E-03,-31.1351E-03
-3.5325000E+00,-8.3034E-03,-33.8486E-03
-3.5320000E+00,-8.8059E-03,-35.9592E-03
-3.5315000E+00,-8.8059E-03,-38.7732E-03
-3.5310000E+00,-8.7054E-03,-41.1853E-03
-3.5305000E+00,-8.9064E-03,-43.5974E-03
-3.5300000E+00,-8.7054E-03,-45.8084E-03
-3.5295000E+00,-9.5094E-03,-48.8235E-03
-3.5290000E+00,-9.0069E-03,-51.4366E-03
-3.5285000E+00,-9.0069E-03,-53.4466E-03
-3.5280000E+00,-8.9064E-03,-51.7381E-03
-3.5275000E+00,-9.3084E-03,-49.8285E-03
-3.5270000E+00,-8.8059E-03,-46.8134E-03
-3.5265000E+00,-8.5044E-03,-44.7029E-03
-3.5260000E+00,-8.4039E-03,-42.0898E-03
-3.5255000E+00,-8.3034E-03,-39.5773E-03
-3.5250000E+00,-8.5044E-03,-36.9642E-03
-3.5245000E+00,-7.9014E-03,-34.3511E-03
-3.5240000E+00,-7.9014E-03,-31.7381E-03
-3.5235000E+00,-7.9014E-03,-29.7280E-03
-3.5230000E+00,-7.7004E-03,-26.7129E-03
-3.5225000E+00,-8.0019E-03,-24.9039E-03
-3.5220000E+00,-7.5999E-03,-22.2908E-03
-3.5215000E+00,-7.7004E-03,-19.3763E-03
-3.5210000E+00,-7.4994E-03,-16.8637E-03
-3.5205000E+00,-7.3989E-03,-14.3511E-03
-3.5200000E+00,-7.0974E-03,-12.1401E-03
-3.5195000E+00,-7.5999E-03,-9.7280E-03
-3.5190000E+00,-7.7004E-03,-7.3160E-03
-3.5185000E+00,-7.1979E-03,-4.5019E-03
-3.5180000E+00,-7.2984E-03,-1.9893E-03
-3.5175000E+00,-7.1979E-03,+322.2E-06
-3.5170000E+00,-7.3989E-03,+2.6338E-03
-3.5165000E+00,-7.4994E-03,+5.1464E-03
-3.5160000E+00,-7.0974E-03,+7.7594E-03
-3.5155000E+00,-6.7959E-03,+10.0710E-03
-3.5150000E+00,-7.0974E-03,+12.7845E-03
-3.5145000E+00,-6.7959E-03,+15.1966E-03
-3.5140000E+00,-6.7959E-03,+18.0107E-03
-3.5135000E+00,-6.5948E-03,+20.3222E-03
-3.5130000E+00,-7.1979E-03,+22.8348E-03
-3.5125000E+00,-6.7959E-03,+25.1464E-03
-3.5120000E+00,-6.7959E-03,+27.6589E-03
-3.5115000E+00,-6.5948E-03,+29.9705E-03
-3.5110000E+00,-6.4943E-03,+32.9856E-03
-3.5105000E+00,-6.5948E-03,+35.3976E-03
-3.5100000E+00,-6.4943E-03,+37.5082E-03
-3.5095000E+00,-6.1928E-03,+40.2217E-03
-3.5090000E+00,-6.2933E-03,+43.0358E-03
-3.5085000E+00,-6.2933E-03,+45.0459E-03
-3.5080000E+00,-5.6903E-03,+44.0408E-03
-3.5075000E+00,-5.7908E-03,+41.1263E-03
-3.5070000E+00,-5.3888E-03,+38.8147E-03
-3.5065000E+00,-6.0923E-03,+36.2016E-03
-3.5060000E+00,-5.9918E-03,+33.4881E-03
-3.5055000E+00,-6.0923E-03,+31.4780E-03
-3.5050000E+00,-6.2933E-03,+28.4629E-03
-3.5045000E+00,-6.4943E-03,+25.9504E-03
-3.5040000E+00,-6.1928E-03,+23.5383E-03
-3.5035000E+00,-6.4943E-03,+21.2268E-03
-3.5030000E+00,-6.3938E-03,+18.5132E-03
-3.5025000E+00,-6.3938E-03,+16.3021E-03
-3.5020000E+00,-6.5948E-03,+13.5886E-03
-3.5015000E+00,-6.2933E-03,+10.9755E-03
-3.5010000E+00,-6.3938E-03,+8.4629E-03
-3.5005000E+00,-6.3938E-03,+6.2519E-03
-3.5000000E+00,-7.2984E-03,+3.5383E-03
-3.4995000E+00,-6.7959E-03,+1.1263E-03
-3.4990000E+00,-7.1979E-03,-1.3863E-03
-3.4985000E+00,-7.1979E-03,-3.6979E-03
-3.4980000E+00,-7.4994E-03,-6.3109E-03
-3.4975000E+00,-7.7004E-03,-9.2255E-03
-3.4970000E+00,-7.7004E-03,-11.3361E-03
-3.4965000E+00,-7.4994E-03,-13.5471E-03
-3.4960000E+00,-8.0019E-03,-16.6627E-03
-3.4955000E+00,-8.3034E-03,-18.9742E-03
-3.4950000E+00,-8.1024E-03,-21.4868E-03
-3.4945000E+00,-8.1024E-03,-23.7984E-03
-3.4940000E+00,-8.3034E-03,-26.3109E-03
-3.4935000E+00,-8.3034E-03,-28.2205E-03
-3.4930000E+00,-8.3034E-03,-31.2356E-03
-3.4925000E+00,-8.2029E-03,-33.3461E-03
-3.4920000E+00,-9.1074E-03,-36.4617E-03
-3.4915000E+00,-8.9064E-03,-38.0697E-03
-3.4910000E+00,-8.2029E-03,-41.0848E-03
-3.4905000E+00,-8.8059E-03,-44.3009E-03
-3.4900000E+00,-8.8059E-03,-46.0094E-03
-3.4895000E+00,-9.3084E-03,-48.7230E-03
-3.4890000E+00,-9.1074E-03,-51.3361E-03
-3.4885000E+00,-9.3084E-03,-53.2456E-03
-3.4880000E+00,-9.4089E-03,-52.2406E-03
-3.4875000E+00,-8.6049E-03,-49.4265E-03
-3.4870000E+00,-9.1074E-03,-46.5119E-03
-3.4865000E+00,-8.3034E-03,-44.2004E-03
-3.4860000E+00,-8.5044E-03,-41.9893E-03
-3.4855000E+00,-8.2029E-03,-39.5773E-03
-3.4850000E+00,-8.0019E-03,-36.8637E-03
-3.4845000E+00,-8.0019E-03,-34.5521E-03
-3.4840000E+00,-7.7004E-03,-31.8386E-03
-3.4835000E+00,-8.1024E-03,-29.6275E-03
-3.4830000E+00,-7.8009E-03,-27.0144E-03
-3.4825000E+00,-7.7004E-03,-24.5019E-03
-3.4820000E+00,-7.4994E-03,-21.9893E-03
-3.4815000E+00,-7.5999E-03,-19.3763E-03
-3.4810000E+00,-7.2984E-03,-16.7632E-03
-3.4805000E+00,-7.1979E-03,-14.4516E-03
-3.4800000E+00,-7.3989E-03,-11.9391E-03
-3.4795000E+00,-7.4994E-03,-9.2255E-03
-3.4790000E+00,-7.5999E-03,-6.9139E-03
-3.4785000E+00,-6.8964E-03,-4.3009E-03
-3.4780000E+00,-7.1979E-03,-2.1903E-03
-3.4775000E+00,-7.2984E-03,+322.2E-06
-3.4770000E+00,-6.9969E-03,+3.2368E-03
-3.4765000E+00,-6.9969E-03,+5.1464E-03
-3.4760000E+00,-6.7959E-03,+7.6589E-03
-3.4755000E+00,-7.1979E-03,+10.1715E-03
-3.4750000E+00,-7.2984E-03,+12.8850E-03
-3.4745000E+00,-7.1979E-03,+15.4981E-03
-3.4740000E+00,-6.6954E-03,+17.3072E-03
-3.4735000E+00,-6.6954E-03,+20.1212E-03
-3.4730000E+00,-6.8964E-03,+22.7343E-03
-3.4725000E+00,-6.9969E-03,+25.7494E-03
-3.4720000E+00,-6.8964E-03,+27.8599E-03
-3.4715000E+00,-6.3938E-03,+30.8750E-03
-3.4710000E+00,-6.6954E-03,+32.6840E-03
-3.4705000E+00,-6.3938E-03,+35.1966E-03
-3.4700000E+00,-6.1928E-03,+37.8097E-03
-3.4695000E+00,-5.9918E-03,+40.7242E-03
-3.4690000E+00,-6.2933E-03,+43.1363E-03
-3.4685000E+00,-5.8913E-03,+45.4479E-03
-3.4680000E+00,-5.9918E-03,+44.0408E-03
-3.4675000E+00,-5.7908E-03,+41.1263E-03
-3.4670000E+00,-5.8913E-03,+38.7142E-03
-3.4665000E+00,-6.1928E-03,+36.5031E-03
-3.4660000E+00,-6.0923E-03,+33.7896E-03
-3.4655000E+00,-6.1928E-03,+31.2770E-03
-3.4650000E+00,-5.8913E-03,+29.1665E-03
-3.4645000E+00,-6.3938E-03,+26.2519E-03
-3.4640000E+00,-6.2933E-03,+23.8398E-03
-3.4635000E+00,-6.3938E-03,+21.0258E-03
-3.4630000E+00,-6.2933E-03,+18.8147E-03
-3.4625000E+00,-6.3938E-03,+16.4026E-03
-3.4620000E+00,-6.5948E-03,+13.6891E-03
-3.4615000E+00,-6.4943E-03,+10.7745E-03
-3.4610000E+00,-6.7959E-03,+8.6639E-03
-3.4605000E+00,-7.1979E-03,+6.0509E-03
-3.4600000E+00,-7.1979E-03,+3.5383E-03
-3.4595000E+00,-6.9969E-03,+1.3273E-03
-3.4590000E+00,-7.0974E-03,-1.3863E-03
-3.4585000E+00,-7.4994E-03,-3.6979E-03
-3.4580000E+00,-7.5999E-03,-6.2104E-03
-3.4575000E+00,-7.3989E-03,-8.6225E-03
-3.4570000E+00,-7.5999E-03,-11.3361E-03
-3.4565000E+00,-8.1024E-03,-13.7481E-03
-3.4560000E+00,-7.9014E-03,-16.1602E-03
-3.4555000E+00,-8.0019E-03,-18.9742E-03
-3.4550000E+00,-8.1024E-03,-21.0848E-03
-3.4545000E+00,-8.2029E-03,-23.6979E-03
-3.4540000E+00,-8.2029E-03,-26.4114E-03
-3.4535000E+00,-8.3034E-03,-28.6225E-03
-3.4530000E+00,-8.6049E-03,-31.1351E-03
-3.4525000E+00,-8.5044E-03,-33.5471E-03
-3.4520000E+00,-8.9064E-03,-36.2607E-03
-3.4515000E+00,-8.8059E-03,-38.7732E-03
-3.4510000E+00,-8.8059E-03,-41.1853E-03
-3.4505000E+00,-8.7054E-03,-43.0948E-03
-3.4500000E+00,-9.1074E-03,-46.2104E-03
-3.4495000E+00,-9.1074E-03,-48.7230E-03
-3.4490000E+00,-9.1074E-03,-51.5371E-03
-3.4485000E+00,-9.0069E-03,-53.3461E-03
-3.4480000E+00,-9.2079E-03,-52.3411E-03
-3.4475000E+00,-9.1074E-03,-49.2255E-03
-3.4470000E+00,-8.6049E-03,-47.2155E-03
-3.4465000E+00,-8.7054E-03,-44.6024E-03
-3.4460000E+00,-8.7054E-03,-42.2908E-03
-3.4455000E+00,-8.3034E-03,-39.4768E-03
-3.4450000E+00,-8.0019E-03,-36.9642E-03
-3.4445000E+00,-7.9014E-03,-34.7531E-03
-3.4440000E+00,-7.9014E-03,-32.1401E-03
-3.4435000E+00,-7.5999E-03,-29.4265E-03
-3.4430000E+00,-8.0019E-03,-27.2155E-03
-3.4425000E+00,-7.5999E-03,-24.4014E-03
-3.4420000E+00,-7.8009E-03,-22.1903E-03
-3.4415000E+00,-7.7004E-03,-19.4768E-03
-3.4410000E+00,-7.2984E-03,-16.8637E-03
-3.4405000E+00,-7.1979E-03,-14.7531E-03
-3.4400000E+00,-7.3989E-03,-12.4416E-03
-3.4395000E+00,-7.4994E-03,-9.8285E-03
-3.4390000E+00,-7.3989E-03,-7.2155E-03
-3.4385000E+00,-7.2984E-03,-4.9039E-03
-3.4380000E+00,-7.1979E-03,-2.4918E-03
-3.4375000E+00,-7.4994E-03,+523.2E-06
-3.4370000E+00,-7.1979E-03,+2.9353E-03
-3.4365000E+00,-7.4994E-03,+4.9454E-03
-3.4360000E+00,-6.8964E-03,+7.5584E-03
-3.4355000E+00,-6.8964E-03,+9.8700E-03
-3.4350000E+00,-6.8964E-03,+12.4830E-03
-3.4345000E+00,-6.7959E-03,+15.3976E-03
-3.4340000E+00,-6.4943E-03,+17.5082E-03
-3.4335000E+00,-6.7959E-03,+20.3222E-03
-3.4330000E+00,-6.8964E-03,+22.5333E-03
-3.4325000E+00,-6.9969E-03,+25.5484E-03
-3.4320000E+00,-6.2933E-03,+27.9604E-03
-3.4315000E+00,-6.6954E-03,+30.0710E-03
-3.4310000E+00,-6.5948E-03,+32.7845E-03
-3.4305000E+00,-6.0923E-03,+35.2971E-03
-3.4300000E+00,-5.9918E-03,+37.7092E-03
-3.4295000E+00,-5.6903E-03,+40.6237E-03
-3.4290000E+00,-6.1928E-03,+42.6338E-03
-3.4285000E+00,-5.8913E-03,+45.3474E-03
-3.4280000E+00,-5.8913E-03,+43.8398E-03
-3.4275000E+00,-5.7908E-03,+41.1263E-03
-3.4270000E+00,-5.8913E-03,+38.5132E-03
-3.4265000E+00,-5.9918E-03,+36.1011E-03
-3.4260000E+00,-6.0923E-03,+34.1916E-03
-3.4255000E+00,-5.6903E-03,+31.1765E-03
-3.4250000E+00,-6.2933E-03,+28.7644E-03
-3.4245000E+00,-6.1928E-03,+26.0509E-03
-3.4240000E+00,-6.0923E-03,+23.8398E-03
-3.4235000E+00,-6.1928E-03,+21.0258E-03
-3.4230000E+00,-6.4943E-03,+18.8147E-03
-3.4225000E+00,-6.6954E-03,+16.1011E-03
-3.4220000E+00,-6.4943E-03,+13.8901E-03
-3.4215000E+00,-6.3938E-03,+10.6740E-03
-3.4210000E+00,-6.9969E-03,+8.6639E-03
-3.4205000E+00,-6.8964E-03,+5.8499E-03
-3.4200000E+00,-7.1979E-03,+3.6388E-03
-3.4195000E+00,-6.5948E-03,+1.2268E-03
-3.4190000E+00,-6.4943E-03,-1.0848E-03
-3.4185000E+00,-7.1979E-03,-4.0999E-03
-3.4180000E+00,-7.0974E-03,-6.4114E-03
-3.4175000E+00,-7.3989E-03,-9.2255E-03
-3.4170000E+00,-7.4994E-03,-11.2356E-03
-3.4165000E+00,-7.9014E-03,-13.6476E-03
-3.4160000E+00,-8.0019E-03,-16.5622E-03
-3.4155000E+00,-8.3034E-03,-18.8737E-03
-3.4150000E+00,-7.7004E-03,-21.4868E-03
-3.4145000E+00,-8.2029E-03,-23.7984E-03
-3.4140000E+00,-8.4039E-03,-26.2104E-03
-3.4135000E+00,-8.3034E-03,-28.8235E-03
-3.4130000E+00,-8.4039E-03,-31.4366E-03
-3.4125000E+00,-8.2029E-03,-33.5471E-03
-3.4120000E+00,-8.3034E-03,-35.9592E-03
-3.4115000E+00,-8.7054E-03,-38.6727E-03
-3.4110000E+00,-8.5044E-03,-40.9843E-03
-3.4105000E+00,-9.1074E-03,-43.5974E-03
-3.4100000E+00,-8.9064E-03,-46.2104E-03
-3.4095000E+00,-8.9064E-03,-48.6225E-03
-3.4090000E+00,-9.1074E-03,-51.3361E-03
-3.4085000E+00,-9.2079E-03,-53.1451E-03
-3.4080000E+00,-9.1074E-03,-52.0396E-03
-3.4075000E+00,-8.9064E-03,-49.2255E-03
-3.4070000E+00,-8.8059E-03,-46.4114E-03
-3.4065000E+00,-8.3034E-03,-44.8034E-03
-3.4060000E+00,-8.6049E-03,-42.2908E-03
-3.4055000E+00,-8.4039E-03,-39.5773E-03
-3.4050000E+00,-8.2029E-03,-36.9642E-03
-3.4045000E+00,-8.4039E-03,-34.3511E-03
-3.4040000E+00,-8.0019E-03,-32.0396E-03
-3.4035000E+00,-7.9014E-03,-29.6275E-03
-3.4030000E+00,-7.8009E-03,-26.6124E-03
-3.4025000E+00,-7.7004E-03,-24.6024E-03
-3.4020000E+00,-7.3989E-03,-21.9893E-03
-3.4015000E+00,-7.4994E-03,-19.4768E-03
-3.4010000E+00,-7.8009E-03,-16.9642E-03
-3.4005000E+00,-7.8009E-03,-14.3511E-03
-3.4000000E+00,-7.9014E-03,-11.9391E-03
-3.3995000E+00,-7.7004E-03,-9.6275E-03
-3.3990000E+00,-7.4994E-03,-6.7129E-03
-3.3985000E+00,-7.1979E-03,-4.7029E-03
-3.3980000E+00,-7.3989E-03,-2.3913E-03
-3.3975000E+00,-7.5999E-03,+322.2E-06
-3.3970000E+00,-7.8009E-03,+2.9353E-03
-3.3965000E+00,-7.1979E-03,+5.2469E-03
-3.3960000E+00,-7.1979E-03,+7.8599E-03
-3.3955000E+00,-7.5999E-03,+10.0710E-03
-3.3950000E+00,-7.2984E-03,+12.6840E-03
-3.3945000E+00,-7.1979E-03,+15.2971E-03
-3.3940000E+00,-7.1979E-03,+17.6087E-03
-3.3935000E+00,-7.0974E-03,+20.2217E-03
-3.3930000E+00,-7.3989E-03,+22.8348E-03
-3.3925000E+00,-6.8964E-03,+25.2469E-03
-3.3920000E+00,-6.6954E-03,+27.7594E-03
-3.3915000E+00,-6.8964E-03,+30.1715E-03
-3.3910000E+00,-6.7959E-03,+32.9856E-03
-3.3905000E+00,-6.7959E-03,+35.1966E-03
-3.3900000E+00,-6.4943E-03,+38.0107E-03
-3.3895000E+00,-6.7959E-03,+40.5232E-03
-3.3890000E+00,-6.4943E-03,+42.9353E-03
-3.3885000E+00,-6.3938E-03,+44.7443E-03
-3.3880000E+00,-6.1928E-03,+43.8398E-03
-3.3875000E+00,-6.1928E-03,+41.2268E-03
-3.3870000E+00,-6.5948E-03,+38.3122E-03
-3.3865000E+00,-6.1928E-03,+36.0006E-03
-3.3860000E+00,-6.1928E-03,+33.6891E-03
-3.3855000E+00,-6.1928E-03,+31.1765E-03
-3.3850000E+00,-6.4943E-03,+28.8649E-03
-3.3845000E+00,-6.5948E-03,+26.1514E-03
-3.3840000E+00,-6.7959E-03,+23.5383E-03
-3.3835000E+00,-6.3938E-03,+21.0258E-03
-3.3830000E+00,-6.4943E-03,+18.5132E-03
-3.3825000E+00,-7.1979E-03,+16.1011E-03
-3.3820000E+00,-6.8964E-03,+13.5886E-03
-3.3815000E+00,-6.8964E-03,+10.9755E-03
-3.3810000E+00,-7.2984E-03,+8.7644E-03
-3.3805000E+00,-7.1979E-03,+6.2519E-03
-3.3800000E+00,-7.0974E-03,+3.4378E-03
-3.3795000E+00,-7.3989E-03,+1.1263E-03
-3.3790000E+00,-7.8009E-03,-1.6878E-03
-3.3785000E+00,-7.5999E-03,-3.9994E-03
-3.3780000E+00,-7.8009E-03,-6.5119E-03
-3.3775000E+00,-7.8009E-03,-8.6225E-03
-3.3770000E+00,-7.5999E-03,-10.9340E-03
-3.3765000E+00,-8.2029E-03,-13.9491E-03
-3.3760000E+00,-7.8009E-03,-15.8587E-03
-3.3755000E+00,-8.2029E-03,-18.7732E-03
-3.3750000E+00,-8.4039E-03,-21.4868E-03
-3.3745000E+00,-8.2029E-03,-23.5974E-03
-3.3740000E+00,-8.8059E-03,-26.0094E-03
-3.3735000E+00,-8.4039E-03,-28.4215E-03
-3.3730000E+00,-8.6049E-03,-30.8335E-03
-3.3725000E+00,-9.1074E-03,-33.2456E-03
-3.3720000E+00,-9.1074E-03,-36.2607E-03
-3.3715000E+00,-8.9064E-03,-38.7732E-03
-3.3710000E+00,-8.5044E-03,-41.0848E-03
-3.3705000E+00,-9.0069E-03,-43.7984E-03
-3.3700000E+00,-9.2079E-03,-46.3109E-03
-3.3695000E+00,-9.5094E-03,-49.0245E-03
-3.3690000E+00,-9.1074E-03,-50.9340E-03
-3.3685000E+00,-9.3084E-03,-53.5471E-03
-3.3680000E+00,-9.2079E-03,-52.1401E-03
-3.3675000E+00,-9.2079E-03,-49.0245E-03
-3.3670000E+00,-8.8059E-03,-47.3160E-03
-3.3665000E+00,-8.6049E-03,-44.7029E-03
-3.3660000E+00,-8.6049E-03,-41.8888E-03
-3.3655000E+00,-8.4039E-03,-39.6778E-03
-3.3650000E+00,-8.2029E-03,-37.0647E-03
-3.3645000E+00,-7.5999E-03,-34.5521E-03
-3.3640000E+00,-8.0019E-03,-32.5421E-03
-3.3635000E+00,-8.4039E-03,-29.8285E-03
-3.3630000E+00,-7.8009E-03,-27.1149E-03
-3.3625000E+00,-7.9014E-03,-24.5019E-03
-3.3620000E+00,-7.8009E-03,-22.1903E-03
-3.3615000E+00,-7.5999E-03,-19.4768E-03
-3.3610000E+00,-7.7004E-03,-17.1652E-03
-3.3605000E+00,-7.1979E-03,-14.0496E-03
-3.3600000E+00,-7.3989E-03,-12.4416E-03
-3.3595000E+00,-7.3989E-03,-9.4265E-03
-3.3590000E+00,-7.3989E-03,-7.5170E-03
-3.3585000E+00,-7.2984E-03,-4.5019E-03
-3.3580000E+00,-7.5999E-03,-1.7883E-03
-3.3575000E+00,-7.3989E-03,+121.2E-06
-3.3570000E+00,-7.1979E-03,+2.6338E-03
-3.3565000E+00,-6.9969E-03,+4.7443E-03
-3.3560000E+00,-6.9969E-03,+7.8599E-03
-3.3555000E+00,-7.3989E-03,+10.0710E-03
-3.3550000E+00,-7.1979E-03,+11.9805E-03
-3.3545000E+00,-6.8964E-03,+14.9956E-03
-3.3540000E+00,-6.6954E-03,+17.9102E-03
-3.3535000E+00,-6.7959E-03,+20.1212E-03
-3.3530000E+00,-7.0974E-03,+22.6338E-03
-3.3525000E+00,-6.4943E-03,+25.3474E-03
-3.3520000E+00,-6.3938E-03,+27.9604E-03
-3.3515000E+00,-6.5948E-03,+30.4730E-03
-3.3510000E+00,-6.8964E-03,+32.5835E-03
-3.3505000E+00,-6.4943E-03,+35.2971E-03
-3.3500000E+00,-5.8913E-03,+37.6087E-03
-3.3495000E+00,-6.1928E-03,+39.8197E-03
-3.3490000E+00,-6.0923E-03,+42.8348E-03
-3.3485000E+00,-5.8913E-03,+45.1464E-03
-3.3480000E+00,-6.1928E-03,+43.6388E-03
-3.3475000E+00,-5.7908E-03,+41.3273E-03
-3.3470000E+00,-5.8913E-03,+38.8147E-03
-3.3465000E+00,-5.6903E-03,+36.4026E-03
-3.3460000E+00,-6.1928E-03,+33.6891E-03
-3.3455000E+00,-5.8913E-03,+30.9755E-03
-3.3450000E+00,-5.9918E-03,+28.7644E-03
-3.3445000E+00,-5.9918E-03,+26.2519E-03
-3.3440000E+00,-6.1928E-03,+23.4378E-03
-3.3435000E+00,-6.0923E-03,+21.1263E-03
-3.3430000E+00,-6.2933E-03,+18.5132E-03
-3.3425000E+00,-6.8964E-03,+16.1011E-03
-3.3420000E+00,-6.5948E-03,+13.5886E-03
-3.3415000E+00,-6.5948E-03,+11.0760E-03
-3.3410000E+00,-7.1979E-03,+8.3624E-03
-3.3405000E+00,-7.0974E-03,+5.9504E-03
-3.3400000E+00,-6.7959E-03,+3.1363E-03
-3.3395000E+00,-6.5948E-03,+1.4278E-03
-3.3390000E+00,-7.3989E-03,-1.5873E-03
-3.3385000E+00,-7.3989E-03,-3.6979E-03
-3.3380000E+00,-7.4994E-03,-6.3109E-03
-3.3375000E+00,-7.5999E-03,-9.4265E-03
-3.3370000E+00,-7.9014E-03,-11.3361E-03
-3.3365000E+00,-7.7004E-03,-13.5471E-03
-3.3360000E+00,-8.1024E-03,-15.9592E-03
-3.3355000E+00,-8.1024E-03,-18.8737E-03
-3.3350000E+00,-7.9014E-03,-21.0848E-03
-3.3345000E+00,-8.4039E-03,-23.5974E-03
-3.3340000E+00,-8.5044E-03,-26.2104E-03
-3.3335000E+00,-8.5044E-03,-28.7230E-03
-3.3330000E+00,-8.3034E-03,-31.2356E-03
-3.3325000E+00,-8.7054E-03,-33.6476E-03
-3.3320000E+00,-8.9064E-03,-36.1602E-03
-3.3315000E+00,-8.5044E-03,-38.6727E-03
-3.3310000E+00,-8.7054E-03,-40.9843E-03
-3.3305000E+00,-8.8059E-03,-43.7984E-03
-3.3300000E+00,-9.2079E-03,-46.5119E-03
-3.3295000E+00,-9.0069E-03,-48.8235E-03
-3.3290000E+00,-9.3084E-03,-51.5371E-03
-3.3285000E+00,-9.6099E-03,-53.7481E-03
-3.3280000E+00,-9.2079E-03,-51.6376E-03
-3.3275000E+00,-8.9064E-03,-49.5270E-03
-3.3270000E+00,-8.6049E-03,-47.2155E-03
-3.3265000E+00,-8.6049E-03,-44.3009E-03
-3.3260000E+00,-8.6049E-03,-41.9893E-03
-3.3255000E+00,-8.6049E-03,-39.8788E-03
-3.3250000E+00,-8.3034E-03,-37.3662E-03
-3.3245000E+00,-8.0019E-03,-34.7531E-03
-3.3240000E+00,-8.0019E-03,-32.4416E-03
-3.3235000E+00,-8.2029E-03,-29.5270E-03
-3.3230000E+00,-7.9014E-03,-27.2155E-03
-3.3225000E+00,-8.3034E-03,-24.5019E-03
-3.3220000E+00,-8.1024E-03,-22.3913E-03
-3.3215000E+00,-8.1024E-03,-19.9793E-03
-3.3210000E+00,-7.7004E-03,-17.2657E-03
-3.3205000E+00,-7.7004E-03,-14.6526E-03
-3.3200000E+00,-7.9014E-03,-11.8386E-03
-3.3195000E+00,-7.8009E-03,-9.6275E-03
-3.3190000E+00,-7.7004E-03,-7.4165E-03
-3.3185000E+00,-7.1979E-03,-4.3009E-03
-3.3180000E+00,-7.5999E-03,-2.3913E-03
-3.3175000E+00,-7.9014E-03,+523.2E-06
-3.3170000E+00,-7.3989E-03,+2.5333E-03
-3.3165000E+00,-7.1979E-03,+5.1464E-03
-3.3160000E+00,-7.2984E-03,+7.6589E-03
-3.3155000E+00,-7.3989E-03,+9.9705E-03
-3.3150000E+00,-7.1979E-03,+12.8850E-03
-3.3145000E+00,-7.1979E-03,+15.2971E-03
-3.3140000E+00,-7.0974E-03,+17.7092E-03
-3.3135000E+00,-6.8964E-03,+20.2217E-03
-3.3130000E+00,-6.8964E-03,+22.7343E-03
-3.3125000E+00,-6.4943E-03,+25.3474E-03
-3.3120000E+00,-6.7959E-03,+27.6589E-03
-3.3115000E+00,-6.7959E-03,+30.3725E-03
-3.3110000E+00,-6.9969E-03,+32.7845E-03
-3.3105000E+00,-6.7959E-03,+35.1966E-03
-3.3100000E+00,-6.1928E-03,+37.9102E-03
-3.3095000E+00,-6.5948E-03,+40.2217E-03
-3.3090000E+00,-6.3938E-03,+43.0358E-03
-3.3085000E+00,-6.4943E-03,+44.9454E-03
-3.3080000E+00,-5.8913E-03,+43.9403E-03
-3.3075000E+00,-6.2933E-03,+41.2268E-03
-3.3070000E+00,-6.3938E-03,+38.4127E-03
-3.3065000E+00,-6.2933E-03,+36.1011E-03
-3.3060000E+00,-5.8913E-03,+33.5886E-03
-3.3055000E+00,-6.6954E-03,+30.9755E-03
-3.3050000E+00,-6.5948E-03,+28.7644E-03
-3.3045000E+00,-6.3938E-03,+26.2519E-03
-3.3040000E+00,-5.9918E-03,+23.4378E-03
-3.3035000E+00,-6.5948E-03,+20.8247E-03
-3.3030000E+00,-6.7959E-03,+18.5132E-03
-3.3025000E+00,-6.5948E-03,+16.5031E-03
-3.3020000E+00,-6.5948E-03,+13.4881E-03
-3.3015000E+00,-6.8964E-03,+10.8750E-03
-3.3010000E+00,-6.8964E-03,+8.6639E-03
-3.3005000E+00,-7.2984E-03,+6.0509E-03
-3.3000000E+00,-7.1979E-03,+3.3373E-03
-3.2995000E+00,-7.2984E-03,+1.3273E-03
-3.2990000E+00,-7.3989E-03,-1.6878E-03
-3.2985000E+00,-7.3989E-03,-3.7984E-03
-3.2980000E+00,-7.2984E-03,-6.2104E-03
-3.2975000E+00,-7.7004E-03,-8.6225E-03
-3.2970000E+00,-8.0019E-03,-11.1351E-03
-3.2965000E+00,-8.0019E-03,-13.8486E-03
-3.2960000E+00,-7.7004E-03,-16.1602E-03
-3.2955000E+00,-7.9014E-03,-18.7732E-03
-3.2950000E+00,-8.4039E-03,-20.9843E-03
-3.2945000E+00,-8.3034E-03,-23.9994E-03
-3.2940000E+00,-8.5044E-03,-26.0094E-03
-3.2935000E+00,-8.1024E-03,-28.8235E-03
-3.2930000E+00,-8.7054E-03,-31.3361E-03
-3.2925000E+00,-8.4039E-03,-33.7481E-03
-3.2920000E+00,-8.5044E-03,-36.0597E-03
-3.2915000E+00,-8.5044E-03,-38.7732E-03
-3.2910000E+00,-9.1074E-03,-41.0848E-03
-3.2905000E+00,-9.1074E-03,-43.9994E-03
-3.2900000E+00,-9.2079E-03,-46.1099E-03
-3.2895000E+00,-9.0069E-03,-48.5220E-03
-3.2890000E+00,-9.0069E-03,-51.4366E-03
-3.2885000E+00,-9.5094E-03,-53.6476E-03
-3.2880000E+00,-8.9064E-03,-51.7381E-03
-3.2875000E+00,-8.8059E-03,-49.4265E-03
-3.2870000E+00,-8.6049E-03,-46.9139E-03
-3.2865000E+00,-8.6049E-03,-44.6024E-03
-3.2860000E+00,-8.4039E-03,-41.8888E-03
-3.2855000E+00,-8.3034E-03,-39.2758E-03
-3.2850000E+00,-8.0019E-03,-36.9642E-03
-3.2845000E+00,-8.1024E-03,-34.1501E-03
-3.2840000E+00,-8.3034E-03,-32.0396E-03
-3.2835000E+00,-8.0019E-03,-29.4265E-03
-3.2830000E+00,-7.5999E-03,-27.1149E-03
-3.2825000E+00,-7.9014E-03,-24.3009E-03
-3.2820000E+00,-7.9014E-03,-21.9893E-03
-3.2815000E+00,-7.7004E-03,-19.5773E-03
-3.2810000E+00,-7.3989E-03,-17.0647E-03
-3.2805000E+00,-7.3989E-03,-14.5521E-03
-3.2800000E+00,-7.9014E-03,-12.5421E-03
-3.2795000E+00,-8.0019E-03,-9.9290E-03
-3.2790000E+00,-6.9969E-03,-7.3160E-03
-3.2785000E+00,-7.1979E-03,-4.7029E-03
-3.2780000E+00,-7.5999E-03,-2.0898E-03
-3.2775000E+00,-7.5999E-03,+322.2E-06
-3.2770000E+00,-7.2984E-03,+2.6338E-03
-3.2765000E+00,-6.9969E-03,+5.0459E-03
-3.2760000E+00,-7.1979E-03,+7.6589E-03
-3.2755000E+00,-7.3989E-03,+10.3725E-03
-3.2750000E+00,-7.1979E-03,+12.8850E-03
-3.2745000E+00,-6.7959E-03,+15.6991E-03
-3.2740000E+00,-7.0974E-03,+17.8097E-03
-3.2735000E+00,-6.9969E-03,+20.5232E-03
-3.2730000E+00,-7.0974E-03,+22.9353E-03
-3.2725000E+00,-6.8964E-03,+25.2469E-03
-3.2720000E+00,-6.8964E-03,+27.6589E-03
-3.2715000E+00,-6.9969E-03,+30.1715E-03
-3.2710000E+00,-6.7959E-03,+32.3825E-03
-3.2705000E+00,-6.2933E-03,+35.3976E-03
-3.2700000E+00,-6.2933E-03,+37.8097E-03
-3.2695000E+00,-6.2933E-03,+40.4227E-03
-3.2690000E+00,-6.2933E-03,+42.8348E-03
-3.2685000E+00,-5.9918E-03,+44.6438E-03
-3.2680000E+00,-6.3938E-03,+43.5383E-03
-3.2675000E+00,-6.2933E-03,+41.2268E-03
-3.2670000E+00,-6.2933E-03,+38.7142E-03
-3.2665000E+00,-5.9918E-03,+35.9001E-03
-3.2660000E+00,-6.4943E-03,+33.4881E-03
-3.2655000E+00,-6.3938E-03,+30.6740E-03
-3.2650000E+00,-6.4943E-03,+28.5634E-03
-3.2645000E+00,-6.2933E-03,+26.1514E-03
-3.2640000E+00,-6.3938E-03,+23.7393E-03
-3.2635000E+00,-6.6954E-03,+20.9253E-03
-3.2630000E+00,-7.1979E-03,+18.5132E-03
-3.2625000E+00,-6.5948E-03,+16.1011E-03
-3.2620000E+00,-6.4943E-03,+13.3876E-03
-3.2615000E+00,-6.9969E-03,+11.1765E-03
-3.2610000E+00,-7.0974E-03,+8.3624E-03
-3.2605000E+00,-7.3989E-03,+5.9504E-03
-3.2600000E+00,-6.9969E-03,+2.8348E-03
-3.2595000E+00,-7.2984E-03,+1.0258E-03
-3.2590000E+00,-7.7004E-03,-1.5873E-03
-3.2585000E+00,-7.4994E-03,-4.3009E-03
-3.2580000E+00,-7.9014E-03,-6.8134E-03
-3.2575000E+00,-7.4994E-03,-9.1250E-03
-3.2570000E+00,-7.9014E-03,-11.5371E-03
-3.2565000E+00,-8.0019E-03,-14.0496E-03
-3.2560000E+00,-8.3034E-03,-16.5622E-03
-3.2555000E+00,-8.1024E-03,-18.9742E-03
-3.2550000E+00,-8.7054E-03,-21.5873E-03
-3.2545000E+00,-8.9064E-03,-23.9994E-03
-3.2540000E+00,-8.7054E-03,-26.6124E-03
-3.2535000E+00,-8.4039E-03,-29.1250E-03
-3.2530000E+00,-9.0069E-03,-31.8386E-03
-3.2525000E+00,-8.8059E-03,-33.4466E-03
-3.2520000E+00,-8.7054E-03,-36.3612E-03
-3.2515000E+00,-8.8059E-03,-38.8737E-03
-3.2510000E+00,-8.8059E-03,-41.5873E-03
-3.2505000E+00,-9.3084E-03,-43.6979E-03
-3.2500000E+00,-9.0069E-03,-46.3109E-03
-3.2495000E+00,-9.3084E-03,-48.9240E-03
-3.2490000E+00,-9.5094E-03,-51.4366E-03
-3.2485000E+00,-9.6099E-03,-53.6476E-03
-3.2480000E+00,-9.3084E-03,-52.2406E-03
-3.2475000E+00,-8.7054E-03,-50.1300E-03
-3.2470000E+00,-9.0069E-03,-47.5170E-03
-3.2465000E+00,-9.2079E-03,-44.9039E-03
-3.2460000E+00,-8.8059E-03,-42.2908E-03
-3.2455000E+00,-8.3034E-03,-40.1803E-03
-3.2450000E+00,-8.2029E-03,-37.0647E-03
-3.2445000E+00,-8.3034E-03,-35.2557E-03
-3.2440000E+00,-8.2029E-03,-32.0396E-03
-3.2435000E+00,-7.9014E-03,-30.0295E-03
-3.2430000E+00,-7.7004E-03,-27.4165E-03
-3.2425000E+00,-8.0019E-03,-25.2054E-03
-3.2420000E+00,-8.2029E-03,-21.9893E-03
-3.2415000E+00,-7.3989E-03,-19.7783E-03
-3.2410000E+00,-7.5999E-03,-17.3662E-03
-3.2405000E+00,-7.3989E-03,-14.8536E-03
-3.2400000E+00,-7.5999E-03,-12.6426E-03
-3.2395000E+00,-7.2984E-03,-9.9290E-03
-3.2390000E+00,-7.3989E-03,-7.8185E-03
-3.2385000E+00,-7.5999E-03,-4.9039E-03
-3.2380000E+00,-7.4994E-03,-2.3913E-03
-3.2375000E+00,-7.0974E-03,+121.2E-06
-3.2370000E+00,-7.1979E-03,+2.5333E-03
-3.2365000E+00,-6.9969E-03,+4.9454E-03
-3.2360000E+00,-7.5999E-03,+7.5584E-03
-3.2355000E+00,-6.8964E-03,+9.9705E-03
-3.2350000E+00,-6.7959E-03,+12.0810E-03
-3.2345000E+00,-6.5948E-03,+15.0961E-03
-3.2340000E+00,-7.3989E-03,+17.5082E-03
-3.2335000E+00,-6.4943E-03,+20.1212E-03
-3.2330000E+00,-6.6954E-03,+22.3323E-03
-3.2325000E+00,-6.4943E-03,+24.6438E-03
-3.2320000E+00,-6.5948E-03,+27.2569E-03
-3.2315000E+00,-6.2933E-03,+29.9705E-03
-3.2310000E+00,-5.9918E-03,+32.6840E-03
-3.2305000E+00,-6.2933E-03,+34.8951E-03
-3.2300000E+00,-6.1928E-03,+37.8097E-03
-3.2295000E+00,-6.1928E-03,+40.2217E-03
-3.2290000E+00,-5.9918E-03,+42.5333E-03
-3.2285000E+00,-5.9918E-03,+44.6438E-03
-3.2280000E+00,-6.0923E-03,+43.9403E-03
-3.2275000E+00,-6.0923E-03,+41.0258E-03
-3.2270000E+00,-5.6903E-03,+38.3122E-03
-3.2265000E+00,-5.7908E-03,+36.1011E-03
-3.2260000E+00,-6.0923E-03,+33.3876E-03
-3.2255000E+00,-6.2933E-03,+30.8750E-03
-3.2250000E+00,-6.3938E-03,+28.4629E-03
-3.2245000E+00,-5.7908E-03,+25.9504E-03
-3.2240000E+00,-5.7908E-03,+23.5383E-03
-3.2235000E+00,-6.5948E-03,+21.0258E-03
-3.2230000E+00,-6.3938E-03,+18.3122E-03
-3.2225000E+00,-6.3938E-03,+15.6991E-03
-3.2220000E+00,-6.5948E-03,+13.1866E-03
-3.2215000E+00,-6.9969E-03,+10.9755E-03
-3.2210000E+00,-7.0974E-03,+8.4629E-03
-3.2205000E+00,-6.7959E-03,+5.9504E-03
-3.2200000E+00,-6.6954E-03,+3.6388E-03
-3.2195000E+00,-7.3989E-03,+724.2E-06
-3.2190000E+00,-7.2984E-03,-1.2858E-03
-3.2185000E+00,-7.0974E-03,-3.7984E-03
-3.2180000E+00,-7.1979E-03,-6.8134E-03
-3.2175000E+00,-7.4994E-03,-8.8235E-03
-3.2170000E+00,-7.9014E-03,-11.3361E-03
-3.2165000E+00,-7.9014E-03,-14.1501E-03
-3.2160000E+00,-7.7004E-03,-16.1602E-03
-3.2155000E+00,-8.2029E-03,-18.9742E-03
-3.2150000E+00,-8.1024E-03,-21.5873E-03
-3.2145000E+00,-8.4039E-03,-23.9994E-03
-3.2140000E+00,-7.8009E-03,-26.7129E-03
-3.2135000E+00,-8.1024E-03,-28.9240E-03
-3.2130000E+00,-8.4039E-03,-31.4366E-03
-3.2125000E+00,-8.6049E-03,-33.8486E-03
-3.2120000E+00,-8.6049E-03,-36.6627E-03
-3.2115000E+00,-8.3034E-03,-38.5722E-03
-3.2110000E+00,-8.8059E-03,-41.1853E-03
-3.2105000E+00,-9.1074E-03,-43.7984E-03
-3.2100000E+00,-8.8059E-03,-46.6124E-03
-3.2095000E+00,-8.8059E-03,-48.7230E-03
-3.2090000E+00,-9.5094E-03,-51.6376E-03
-3.2085000E+00,-9.4089E-03,-53.6476E-03
-3.2080000E+00,-9.0069E-03,-51.9391E-03
-3.2075000E+00,-8.6049E-03,-49.2255E-03
-3.2070000E+00,-8.6049E-03,-46.8134E-03
-3.2065000E+00,-8.5044E-03,-44.9039E-03
-3.2060000E+00,-8.4039E-03,-42.0898E-03
-3.2055000E+00,-8.6049E-03,-39.7783E-03
-3.2050000E+00,-8.0019E-03,-37.1652E-03
-3.2045000E+00,-8.3034E-03,-34.8536E-03
-3.2040000E+00,-8.0019E-03,-32.1401E-03
-3.2035000E+00,-7.7004E-03,-29.7280E-03
-3.2030000E+00,-7.8009E-03,-27.2155E-03
-3.2025000E+00,-7.7004E-03,-24.8034E-03
-3.2020000E+00,-7.9014E-03,-22.3913E-03
-3.2015000E+00,-7.1979E-03,-19.6778E-03
-3.2010000E+00,-7.4994E-03,-17.3662E-03
-3.2005000E+00,-7.5999E-03,-15.0546E-03
-3.2000000E+00,-7.7004E-03,-12.6426E-03
-3.1995000E+00,-7.3989E-03,-10.2305E-03
-3.1990000E+00,-7.2984E-03,-7.7180E-03
-3.1985000E+00,-7.2984E-03,-4.7029E-03
-3.1980000E+00,-7.8009E-03,-2.4918E-03
-3.1975000E+00,-7.2984E-03,-280.8E-06
-3.1970000E+00,-7.4994E-03,+2.2318E-03
-3.1965000E+00,-7.4994E-03,+4.4428E-03
-3.1960000E+00,-7.3989E-03,+7.5584E-03
-3.1955000E+00,-7.1979E-03,+9.6690E-03
-3.1950000E+00,-6.9969E-03,+12.1815E-03
-3.1945000E+00,-7.1979E-03,+14.9956E-03
-3.1940000E+00,-7.3989E-03,+17.1062E-03
-3.1935000E+00,-6.8964E-03,+19.6187E-03
-3.1930000E+00,-6.7959E-03,+22.3323E-03
-3.1925000E+00,-7.1979E-03,+25.0459E-03
-3.1920000E+00,-7.1979E-03,+27.1564E-03
-3.1915000E+00,-6.4943E-03,+29.9705E-03
-3.1910000E+00,-6.7959E-03,+32.0810E-03
-3.1905000E+00,-6.3938E-03,+34.8951E-03
-3.1900000E+00,-7.0974E-03,+37.3072E-03
-3.1895000E+00,-6.7959E-03,+40.1212E-03
-3.1890000E+00,-6.2933E-03,+42.6338E-03
-3.1885000E+00,-6.5948E-03,+44.6438E-03
-3.1880000E+00,-6.6954E-03,+43.1363E-03
-3.1875000E+00,-6.5948E-03,+40.8247E-03
-3.1870000E+00,-6.4943E-03,+38.4127E-03
-3.1865000E+00,-6.4943E-03,+35.9001E-03
-3.1860000E+00,-6.8964E-03,+33.2871E-03
-3.1855000E+00,-6.6954E-03,+30.9755E-03
-3.1850000E+00,-6.8964E-03,+28.4629E-03
-3.1845000E+00,-6.4943E-03,+25.6489E-03
-3.1840000E+00,-6.2933E-03,+23.5383E-03
-3.1835000E+00,-6.5948E-03,+20.6237E-03
-3.1830000E+00,-7.1979E-03,+17.9102E-03
-3.1825000E+00,-7.1979E-03,+15.9001E-03
-3.1820000E+00,-6.9969E-03,+13.2871E-03
-3.1815000E+00,-6.9969E-03,+10.3725E-03
-3.1810000E+00,-7.4994E-03,+8.0609E-03
-3.1805000E+00,-7.5999E-03,+5.9504E-03
-3.1800000E+00,-7.1979E-03,+3.0358E-03
-3.1795000E+00,-7.9014E-03,+824.7E-06
-3.1790000E+00,-7.8009E-03,-1.4868E-03
-3.1785000E+00,-8.1024E-03,-4.6024E-03
-3.1780000E+00,-7.8009E-03,-6.3109E-03
-3.1775000E+00,-8.0019E-03,-9.1250E-03
-3.1770000E+00,-8.3034E-03,-11.6376E-03
-3.1765000E+00,-8.4039E-03,-13.7481E-03
-3.1760000E+00,-8.3034E-03,-16.4617E-03
-3.1755000E+00,-8.8059E-03,-18.7732E-03
-3.1750000E+00,-8.4039E-03,-21.9893E-03
-3.1745000E+00,-8.8059E-03,-24.0999E-03
-3.1740000E+00,-8.7054E-03,-26.3109E-03
-3.1735000E+00,-9.1074E-03,-29.2255E-03
-3.1730000E+00,-9.1074E-03,-32.0396E-03
-3.1725000E+00,-9.2079E-03,-34.0496E-03
-3.1720000E+00,-9.0069E-03,-36.6627E-03
-3.1715000E+00,-9.4089E-03,-38.9742E-03
-3.1710000E+00,-9.7104E-03,-41.9893E-03
-3.1705000E+00,-9.4089E-03,-43.7984E-03
-3.1700000E+00,-9.6099E-03,-46.6124E-03
-3.1695000E+00,-9.5094E-03,-48.9240E-03
-3.1690000E+00,-9.9114E-03,-51.8386E-03
-3.1685000E+00,-9.5094E-03,-53.4466E-03
-3.1680000E+00,-9.5094E-03,-52.4416E-03
-3.1675000E+00,-9.2079E-03,-49.6275E-03
-3.1670000E+00,-9.8109E-03,-47.4165E-03
-3.1665000E+00,-9.2079E-03,-44.9039E-03
-3.1660000E+00,-9.1074E-03,-42.2908E-03
-3.1655000E+00,-8.7054E-03,-39.8788E-03
-3.1650000E+00,-8.7054E-03,-36.9642E-03
-3.1645000E+00,-9.0069E-03,-34.5521E-03
-3.1640000E+00,-8.4039E-03,-32.1401E-03
-3.1635000E+00,-8.3034E-03,-29.7280E-03
-3.1630000E+00,-8.4039E-03,-27.2155E-03
-3.1625000E+00,-8.1024E-03,-24.9039E-03
-3.1620000E+00,-8.2029E-03,-22.2908E-03
-3.1615000E+00,-7.9014E-03,-19.7783E-03
-3.1610000E+00,-7.8009E-03,-17.5672E-03
-3.1605000E+00,-8.2029E-03,-14.7531E-03
-3.1600000E+00,-8.1024E-03,-12.1401E-03
-3.1595000E+00,-7.7004E-03,-10.3310E-03
-3.1590000E+00,-7.3989E-03,-6.8134E-03
-3.1585000E+00,-7.9014E-03,-4.9039E-03
-3.1580000E+00,-8.1024E-03,-2.3913E-03
-3.1575000E+00,-7.7004E-03,+422.7E-06
-3.1570000E+00,-7.4994E-03,+3.0358E-03
-3.1565000E+00,-7.9014E-03,+4.8448E-03
-3.1560000E+00,-7.9014E-03,+7.2569E-03
-3.1555000E+00,-7.8009E-03,+9.7695E-03
-3.1550000E+00,-7.4994E-03,+12.7845E-03
-3.1545000E+00,-7.3989E-03,+14.5936E-03
-3.1540000E+00,-7.5999E-03,+17.7092E-03
-3.1535000E+00,-7.1979E-03,+20.1212E-03
-3.1530000E+00,-7.1979E-03,+23.0358E-03
-3.1525000E+00,-7.1979E-03,+25.2469E-03
-3.1520000E+00,-7.2984E-03,+28.0609E-03
-3.1515000E+00,-7.1979E-03,+30.2720E-03
-3.1510000E+00,-6.6954E-03,+32.7845E-03
-3.1505000E+00,-6.6954E-03,+35.2971E-03
-3.1500000E+00,-7.0974E-03,+37.5082E-03
-3.1495000E+00,-6.6954E-03,+40.7242E-03
-3.1490000E+00,-6.1928E-03,+42.7343E-03
-3.1485000E+00,-6.1928E-03,+45.2469E-03
-3.1480000E+00,-6.5948E-03,+43.6388E-03
-3.1475000E+00,-6.5948E-03,+41.1263E-03
-3.1470000E+00,-6.2933E-03,+38.6137E-03
-3.1465000E+00,-6.4943E-03,+36.4026E-03
-3.1460000E+00,-6.3938E-03,+33.4881E-03
-3.1455000E+00,-6.4943E-03,+31.3775E-03
-3.1450000E+00,-6.3938E-03,+28.2619E-03
-3.1445000E+00,-6.5948E-03,+26.0509E-03
-3.1440000E+00,-6.5948E-03,+23.7393E-03
-3.1435000E+00,-6.9969E-03,+21.0258E-03
-3.1430000E+00,-6.8964E-03,+18.5132E-03
-3.1425000E+00,-6.4943E-03,+15.9001E-03
-3.1420000E+00,-6.7959E-03,+13.4881E-03
-3.1415000E+00,-7.1979E-03,+11.3775E-03
-3.1410000E+00,-7.2984E-03,+8.3624E-03
-3.1405000E+00,-7.0974E-03,+5.9504E-03
-3.1400000E+00,-7.1979E-03,+3.4378E-03
-3.1395000E+00,-7.3989E-03,+1.4278E-03
-3.1390000E+00,-7.5999E-03,-1.3863E-03
-3.1385000E+00,-7.9014E-03,-3.6979E-03
-3.1380000E+00,-7.3989E-03,-6.4114E-03
-3.1375000E+00,-8.0019E-03,-9.1250E-03
-3.1370000E+00,-8.2029E-03,-11.2356E-03
-3.1365000E+00,-8.1024E-03,-13.4466E-03
-3.1360000E+00,-7.9014E-03,-16.3612E-03
-3.1355000E+00,-8.3034E-03,-18.3712E-03
-3.1350000E+00,-8.3034E-03,-21.2858E-03
-3.1345000E+00,-8.5044E-03,-24.0999E-03
-3.1340000E+00,-8.2029E-03,-26.3109E-03
-3.1335000E+00,-8.7054E-03,-28.8235E-03
-3.1330000E+00,-8.7054E-03,-31.5371E-03
-3.1325000E+00,-9.0069E-03,-33.4466E-03
-3.1320000E+00,-8.3034E-03,-35.9592E-03
-3.1315000E+00,-8.5044E-03,-38.8737E-03
-3.1310000E+00,-9.1074E-03,-41.3863E-03
-3.1305000E+00,-8.9064E-03,-43.6979E-03
-3.1300000E+00,-9.0069E-03,-46.2104E-03
-3.1295000E+00,-9.3084E-03,-48.1200E-03
-3.1290000E+00,-9.1074E-03,-51.2356E-03
-3.1285000E+00,-9.4089E-03,-53.0446E-03
-3.1280000E+00,-9.3084E-03,-51.8386E-03
-3.1275000E+00,-8.7054E-03,-49.9290E-03
-3.1270000E+00,-8.9064E-03,-47.0144E-03
-3.1265000E+00,-8.5044E-03,-44.4014E-03
-3.1260000E+00,-8.5044E-03,-42.2908E-03
-3.1255000E+00,-8.4039E-03,-39.5773E-03
-3.1250000E+00,-8.5044E-03,-37.3662E-03
-3.1245000E+00,-8.7054E-03,-34.8536E-03
-3.1240000E+00,-8.0019E-03,-32.1401E-03
-3.1235000E+00,-7.7004E-03,-30.0295E-03
-3.1230000E+00,-8.2029E-03,-27.2155E-03
-3.1225000E+00,-8.2029E-03,-24.6024E-03
-3.1220000E+00,-8.0019E-03,-22.1903E-03
-3.1215000E+00,-7.5999E-03,-19.6778E-03
-3.1210000E+00,-8.1024E-03,-17.3662E-03
-3.1205000E+00,-7.7004E-03,-14.5521E-03
-3.1200000E+00,-7.2984E-03,-12.2406E-03
-3.1195000E+00,-7.1979E-03,-9.5270E-03
-3.1190000E+00,-7.5999E-03,-7.2155E-03
-3.1185000E+00,-7.4994E-03,-4.9039E-03
-3.1180000E+00,-7.3989E-03,-2.3913E-03
-3.1175000E+00,-7.2984E-03,+523.2E-06
-3.1170000E+00,-7.2984E-03,+2.7343E-03
-3.1165000E+00,-7.5999E-03,+5.0459E-03
-3.1160000E+00,-6.7959E-03,+7.6589E-03
-3.1155000E+00,-7.7004E-03,+9.9705E-03
-3.1150000E+00,-6.8964E-03,+12.7845E-03
-3.1145000E+00,-7.0974E-03,+15.0961E-03
-3.1140000E+00,-6.9969E-03,+17.7092E-03
-3.1135000E+00,-6.9969E-03,+20.4227E-03
-3.1130000E+00,-6.4943E-03,+22.9353E-03
-3.1125000E+00,-6.8964E-03,+25.0459E-03
-3.1120000E+00,-6.5948E-03,+27.4579E-03
-3.1115000E+00,-6.6954E-03,+30.1715E-03
-3.1110000E+00,-6.3938E-03,+32.7845E-03
-3.1105000E+00,-6.6954E-03,+35.6991E-03
-3.1100000E+00,-6.6954E-03,+37.7092E-03
-3.1095000E+00,-6.1928E-03,+40.6237E-03
-3.1090000E+00,-5.8913E-03,+42.8348E-03
-3.1085000E+00,-6.3938E-03,+45.1464E-03
-3.1080000E+00,-6.2933E-03,+43.5383E-03
-3.1075000E+00,-5.9918E-03,+41.1263E-03
-3.1070000E+00,-5.8913E-03,+38.2117E-03
-3.1065000E+00,-6.2933E-03,+36.1011E-03
-3.1060000E+00,-6.1928E-03,+33.5886E-03
-3.1055000E+00,-6.4943E-03,+31.1765E-03
-3.1050000E+00,-5.9918E-03,+28.3624E-03
-3.1045000E+00,-6.3938E-03,+25.9504E-03
-3.1040000E+00,-6.6954E-03,+23.5383E-03
-3.1035000E+00,-6.5948E-03,+21.1263E-03
-3.1030000E+00,-6.7959E-03,+18.3122E-03
-3.1025000E+00,-6.6954E-03,+16.0006E-03
-3.1020000E+00,-6.5948E-03,+13.5886E-03
-3.1015000E+00,-6.6954E-03,+10.9755E-03
-3.1010000E+00,-6.9969E-03,+8.4629E-03
-3.1005000E+00,-7.3989E-03,+6.0509E-03
-3.1000000E+00,-7.1979E-03,+3.0358E-03
-3.0995000E+00,-7.4994E-03,+1.1263E-03
-3.0990000E+00,-7.3989E-03,-1.5873E-03
-3.0985000E+00,-7.0974E-03,-4.3009E-03
-3.0980000E+00,-7.8009E-03,-6.4114E-03
-3.0975000E+00,-8.3034E-03,-9.2255E-03
-3.0970000E+00,-8.2029E-03,-11.6376E-03
-3.0965000E+00,-7.7004E-03,-13.8486E-03
-3.0960000E+00,-8.1024E-03,-16.3612E-03
-3.0955000E+00,-8.5044E-03,-18.7732E-03
-3.0950000E+00,-8.6049E-03,-21.2858E-03
-3.0945000E+00,-8.3034E-03,-24.0999E-03
-3.0940000E+00,-8.6049E-03,-26.3109E-03
-3.0935000E+00,-8.8059E-03,-28.8235E-03
-3.0930000E+00,-8.9064E-03,-31.1351E-03
-3.0925000E+00,-8.9064E-03,-33.8486E-03
-3.0920000E+00,-8.8059E-03,-36.3612E-03
-3.0915000E+00,-9.2079E-03,-39.0747E-03
-3.0910000E+00,-9.3084E-03,-41.3863E-03
-3.0905000E+00,-9.1074E-03,-43.7984E-03
-3.0900000E+00,-9.2079E-03,-46.2104E-03
-3.0895000E+00,-9.5094E-03,-48.9240E-03
-3.0890000E+00,-9.7104E-03,-51.5371E-03
-3.0885000E+00,-9.4089E-03,-53.3461E-03
-3.0880000E+00,-9.5094E-03,-52.1401E-03
-3.0875000E+00,-9.1074E-03,-49.3260E-03
-3.0870000E+00,-9.0069E-03,-46.8134E-03
-3.0865000E+00,-8.6049E-03,-44.3009E-03
-3.0860000E+00,-8.6049E-03,-41.9893E-03
-3.0855000E+00,-8.6049E-03,-39.4768E-03
-3.0850000E+00,-8.6049E-03,-36.6627E-03
-3.0845000E+00,-8.7054E-03,-34.6526E-03
-3.0840000E+00,-8.2029E-03,-31.8386E-03
-3.0835000E+00,-8.2029E-03,-29.7280E-03
-3.0830000E+00,-8.3034E-03,-27.5170E-03
-3.0825000E+00,-8.0019E-03,-24.9039E-03
-3.0820000E+00,-7.4994E-03,-22.0898E-03
-3.0815000E+00,-7.9014E-03,-19.5773E-03
-3.0810000E+00,-8.2029E-03,-17.0647E-03
-3.0805000E+00,-7.7004E-03,-14.0496E-03
-3.0800000E+00,-7.5999E-03,-12.0396E-03
-3.0795000E+00,-7.1979E-03,-9.5270E-03
-3.0790000E+00,-7.7004E-03,-7.4165E-03
-3.0785000E+00,-7.5999E-03,-4.8034E-03
-3.0780000E+00,-7.5999E-03,-2.2908E-03
-3.0775000E+00,-7.7004E-03,+523.2E-06
-3.0770000E+00,-7.4994E-03,+2.8348E-03
-3.0765000E+00,-7.4994E-03,+5.2469E-03
-3.0760000E+00,-7.4994E-03,+7.4579E-03
-3.0755000E+00,-7.1979E-03,+9.8700E-03
-3.0750000E+00,-6.9969E-03,+13.0861E-03
-3.0745000E+00,-7.2984E-03,+15.1966E-03
-3.0740000E+00,-6.8964E-03,+17.6087E-03
-3.0735000E+00,-6.9969E-03,+19.9202E-03
-3.0730000E+00,-6.6954E-03,+22.8348E-03
-3.0725000E+00,-6.8964E-03,+25.1464E-03
-3.0720000E+00,-7.2984E-03,+27.8599E-03
-3.0715000E+00,-6.5948E-03,+30.2720E-03
-3.0710000E+00,-6.5948E-03,+32.6840E-03
-3.0705000E+00,-6.9969E-03,+35.3976E-03
-3.0700000E+00,-6.9969E-03,+38.0107E-03
-3.0695000E+00,-6.6954E-03,+40.3222E-03
-3.0690000E+00,-6.2933E-03,+42.8348E-03
-3.0685000E+00,-6.3938E-03,+44.9454E-03
-3.0680000E+00,-6.7959E-03,+44.0408E-03
-3.0675000E+00,-6.1928E-03,+41.5283E-03
-3.0670000E+00,-5.7908E-03,+38.4127E-03
-3.0665000E+00,-6.4943E-03,+36.0006E-03
-3.0660000E+00,-6.5948E-03,+33.3876E-03
-3.0655000E+00,-6.3938E-03,+31.0760E-03
-3.0650000E+00,-6.3938E-03,+28.3624E-03
-3.0645000E+00,-6.8964E-03,+26.1514E-03
-3.0640000E+00,-7.0974E-03,+23.8398E-03
-3.0635000E+00,-6.5948E-03,+21.1263E-03
-3.0630000E+00,-6.7959E-03,+18.5132E-03
-3.0625000E+00,-6.9969E-03,+15.5986E-03
-3.0620000E+00,-7.1979E-03,+13.5886E-03
-3.0615000E+00,-7.2984E-03,+11.0760E-03
-3.0610000E+00,-7.2984E-03,+8.4629E-03
-3.0605000E+00,-7.8009E-03,+5.9504E-03
-3.0600000E+00,-7.4994E-03,+3.2368E-03
-3.0595000E+00,-8.0019E-03,+925.3E-06
-3.0590000E+00,-7.5999E-03,-1.2858E-03
-3.0585000E+00,-7.4994E-03,-3.6979E-03
-3.0580000E+00,-7.9014E-03,-6.3109E-03
-3.0575000E+00,-8.2029E-03,-8.7230E-03
-3.0570000E+00,-8.2029E-03,-11.4366E-03
-3.0565000E+00,-8.0019E-03,-14.1501E-03
-3.0560000E+00,-8.6049E-03,-16.5622E-03
-3.0555000E+00,-8.7054E-03,-18.7732E-03
-3.0550000E+00,-8.8059E-03,-21.4868E-03
-3.0545000E+00,-8.6049E-03,-23.7984E-03
-3.0540000E+00,-8.7054E-03,-26.4114E-03
-3.0535000E+00,-9.0069E-03,-29.0245E-03
-3.0530000E+00,-9.3084E-03,-31.5371E-03
-3.0525000E+00,-9.2079E-03,-34.1501E-03
-3.0520000E+00,-9.4089E-03,-36.0597E-03
-3.0515000E+00,-9.6099E-03,-39.1753E-03
-3.0510000E+00,-9.3084E-03,-40.8838E-03
-3.0505000E+00,-9.2079E-03,-43.7984E-03
-3.0500000E+00,-9.4089E-03,-46.1099E-03
-3.0495000E+00,-10.3134E-03,-48.6225E-03
-3.0490000E+00,-10.2129E-03,-51.0345E-03
-3.0485000E+00,-9.1074E-03,-53.3461E-03
-3.0480000E+00,-9.1074E-03,-51.5371E-03
-3.0475000E+00,-9.4089E-03,-49.7280E-03
-3.0470000E+00,-9.3084E-03,-46.8134E-03
-3.0465000E+00,-8.9064E-03,-44.5019E-03
-3.0460000E+00,-8.8059E-03,-41.3863E-03
-3.0455000E+00,-9.1074E-03,-39.2758E-03
-3.0450000E+00,-8.8059E-03,-36.8637E-03
-3.0445000E+00,-8.4039E-03,-34.8536E-03
-3.0440000E+00,-8.5044E-03,-32.2406E-03
-3.0435000E+00,-8.2029E-03,-29.4265E-03
-3.0430000E+00,-7.8009E-03,-26.9139E-03
-3.0425000E+00,-8.0019E-03,-24.6024E-03
-3.0420000E+00,-7.9014E-03,-22.0898E-03
-3.0415000E+00,-7.5999E-03,-19.5773E-03
-3.0410000E+00,-8.3034E-03,-17.0647E-03
-3.0405000E+00,-8.1024E-03,-14.5521E-03
-3.0400000E+00,-7.2984E-03,-12.1401E-03
-3.0395000E+00,-8.0019E-03,-9.9290E-03
-3.0390000E+00,-7.5999E-03,-7.5170E-03
-3.0385000E+00,-7.5999E-03,-4.9039E-03
-3.0380000E+00,-7.3989E-03,-2.1903E-03
-3.0375000E+00,-6.9969E-03,-79.8E-06
-3.0370000E+00,-8.0019E-03,+2.6338E-03
-3.0365000E+00,-7.5999E-03,+5.2469E-03
-3.0360000E+00,-7.2984E-03,+7.8599E-03
-3.0355000E+00,-7.1979E-03,+10.2720E-03
-3.0350000E+00,-7.3989E-03,+12.5835E-03
-3.0345000E+00,-7.1979E-03,+15.1966E-03
-3.0340000E+00,-7.0974E-03,+17.8097E-03
-3.0335000E+00,-6.9969E-03,+20.1212E-03
-3.0330000E+00,-6.6954E-03,+22.9353E-03
-3.0325000E+00,-6.9969E-03,+25.1464E-03
-3.0320000E+00,-6.6954E-03,+27.8599E-03
-3.0315000E+00,-6.4943E-03,+30.4730E-03
-3.0310000E+00,-6.5948E-03,+32.7845E-03
-3.0305000E+00,-6.5948E-03,+35.5986E-03
-3.0300000E+00,-6.6954E-03,+37.6087E-03
-3.0295000E+00,-6.2933E-03,+40.4227E-03
-3.0290000E+00,-6.1928E-03,+42.6338E-03
-3.0285000E+00,-6.5948E-03,+44.6438E-03
-3.0280000E+00,-6.0923E-03,+43.7393E-03
-3.0275000E+00,-6.0923E-03,+40.8247E-03
-3.0270000E+00,-5.8913E-03,+38.9152E-03
-3.0265000E+00,-6.2933E-03,+36.6036E-03
-3.0260000E+00,-6.0923E-03,+33.4881E-03
-3.0255000E+00,-5.7908E-03,+30.8750E-03
-3.0250000E+00,-6.0923E-03,+28.8649E-03
-3.0245000E+00,-6.4943E-03,+26.2519E-03
-3.0240000E+00,-6.3938E-03,+23.7393E-03
-3.0235000E+00,-6.1928E-03,+20.8247E-03
-3.0230000E+00,-6.5948E-03,+18.4127E-03
-3.0225000E+00,-6.6954E-03,+16.1011E-03
-3.0220000E+00,-6.8964E-03,+13.1866E-03
-3.0215000E+00,-6.9969E-03,+10.9755E-03
-3.0210000E+00,-6.9969E-03,+8.0609E-03
-3.0205000E+00,-7.3989E-03,+5.7494E-03
-3.0200000E+00,-7.2984E-03,+3.5383E-03
-3.0195000E+00,-7.0974E-03,+1.1263E-03
-3.0190000E+00,-6.8964E-03,-1.7883E-03
-3.0185000E+00,-7.4994E-03,-4.0999E-03
-3.0180000E+00,-7.2984E-03,-6.4114E-03
-3.0175000E+00,-7.8009E-03,-8.8235E-03
-3.0170000E+00,-7.5999E-03,-11.3361E-03
-3.0165000E+00,-7.4994E-03,-13.8486E-03
-3.0160000E+00,-8.2029E-03,-15.8587E-03
-3.0155000E+00,-8.5044E-03,-18.9742E-03
-3.0150000E+00,-8.3034E-03,-21.3863E-03
-3.0145000E+00,-8.3034E-03,-23.6979E-03
-3.0140000E+00,-8.6049E-03,-26.2104E-03
-3.0135000E+00,-8.4039E-03,-28.6225E-03
-3.0130000E+00,-8.6049E-03,-31.3361E-03
-3.0125000E+00,-8.6049E-03,-33.9491E-03
-3.0120000E+00,-8.8059E-03,-36.1602E-03
-3.0115000E+00,-8.9064E-03,-39.0747E-03
-3.0110000E+00,-8.9064E-03,-41.3863E-03
-3.0105000E+00,-9.0069E-03,-44.0999E-03
-3.0100000E+00,-9.0069E-03,-46.6124E-03
-3.0095000E+00,-9.5094E-03,-49.0245E-03
-3.0090000E+00,-9.3084E-03,-51.4366E-03
-3.0085000E+00,-9.2079E-03,-53.5471E-03
-3.0080000E+00,-9.0069E-03,-52.1401E-03
-3.0075000E+00,-9.1074E-03,-49.9290E-03
-3.0070000E+00,-9.4089E-03,-47.3160E-03
-3.0065000E+00,-8.9064E-03,-45.0044E-03
-3.0060000E+00,-8.6049E-03,-42.2908E-03
-3.0055000E+00,-8.8059E-03,-39.6778E-03
-3.0050000E+00,-8.4039E-03,-37.4667E-03
-3.0045000E+00,-8.5044E-03,-34.6526E-03
-3.0040000E+00,-7.7004E-03,-32.2406E-03
-3.0035000E+00,-8.4039E-03,-29.4265E-03
-3.0030000E+00,-7.8009E-03,-26.7129E-03
-3.0025000E+00,-7.9014E-03,-25.1049E-03
-3.0020000E+00,-7.7004E-03,-22.6928E-03
-3.0015000E+00,-8.0019E-03,-19.6778E-03
-3.0010000E+00,-8.3034E-03,-17.3662E-03
-3.0005000E+00,-7.5999E-03,-14.5521E-03
-3.0000000E+00,-7.4994E-03,-12.2406E-03
-2.9995000E+00,-7.4994E-03,-9.9290E-03
-2.9990000E+00,-8.0019E-03,-7.6175E-03
-2.9985000E+00,-7.7004E-03,-4.5019E-03
-2.9980000E+00,-7.4994E-03,-2.3913E-03
-2.9975000E+00,-7.8009E-03,+121.2E-06
-2.9970000E+00,-7.4994E-03,+2.3323E-03
-2.9965000E+00,-7.5999E-03,+5.1464E-03
-2.9960000E+00,-7.3989E-03,+7.3574E-03
-2.9955000E+00,-7.2984E-03,+10.2720E-03
-2.9950000E+00,-7.4994E-03,+12.4830E-03
-2.9945000E+00,-7.5999E-03,+14.5936E-03
-2.9940000E+00,-7.1979E-03,+17.6087E-03
-2.9935000E+00,-7.0974E-03,+20.3222E-03
-2.9930000E+00,-7.1979E-03,+22.7343E-03
-2.9925000E+00,-7.0974E-03,+25.3474E-03
-2.9920000E+00,-6.8964E-03,+27.3574E-03
-2.9915000E+00,-6.6954E-03,+29.9705E-03
-2.9910000E+00,-6.4943E-03,+32.7845E-03
-2.9905000E+00,-6.5948E-03,+34.9956E-03
-2.9900000E+00,-6.5948E-03,+37.8097E-03
-2.9895000E+00,-6.4943E-03,+40.2217E-03
-2.9890000E+00,-6.8964E-03,+41.3273E-03
-2.9885000E+00,-6.4943E-03,+44.1413E-03
-2.9880000E+00,-6.5948E-03,+42.7343E-03
-2.9875000E+00,-6.4943E-03,+40.3222E-03
-2.9870000E+00,-6.2933E-03,+39.4177E-03
-2.9865000E+00,-6.2933E-03,+36.5031E-03
-2.9860000E+00,-6.3938E-03,+33.3876E-03
-2.9855000E+00,-6.5948E-03,+30.9755E-03
-2.9850000E+00,-6.3938E-03,+28.5634E-03
-2.9845000E+00,-6.4943E-03,+26.4529E-03
-2.9840000E+00,-6.9969E-03,+24.0408E-03
-2.9835000E+00,-6.6954E-03,+21.1263E-03
-2.9830000E+00,-6.4943E-03,+18.8147E-03
-2.9825000E+00,-6.9969E-03,+15.7996E-03
-2.9820000E+00,-6.9969E-03,+13.4881E-03
-2.9815000E+00,-7.1979E-03,+10.4730E-03
-2.9810000E+00,-6.4943E-03,+8.1614E-03
-2.9805000E+00,-7.0974E-03,+5.5484E-03
-2.9800000E+00,-7.3989E-03,+3.1363E-03
-2.9795000E+00,-7.3989E-03,+1.0258E-03
-2.9790000E+00,-7.5999E-03,-1.6878E-03
-2.9785000E+00,-7.4994E-03,-3.8989E-03
-2.9780000E+00,-7.5999E-03,-6.6124E-03
-2.9775000E+00,-8.0019E-03,-8.9240E-03
-2.9770000E+00,-7.9014E-03,-11.4366E-03
-2.9765000E+00,-7.8009E-03,-13.3461E-03
-2.9760000E+00,-8.4039E-03,-16.4617E-03
-2.9755000E+00,-8.2029E-03,-18.8737E-03
-2.9750000E+00,-8.4039E-03,-21.1853E-03
-2.9745000E+00,-8.6049E-03,-23.9994E-03
-2.9740000E+00,-8.8059E-03,-26.5119E-03
-2.9735000E+00,-8.6049E-03,-28.9240E-03
-2.9730000E+00,-8.8059E-03,-31.7381E-03
-2.9725000E+00,-9.0069E-03,-33.4466E-03
-2.9720000E+00,-8.9064E-03,-36.3612E-03
-2.9715000E+00,-8.7054E-03,-38.6727E-03
-2.9710000E+00,-8.9064E-03,-41.4868E-03
-2.9705000E+00,-9.4089E-03,-43.7984E-03
-2.9700000E+00,-9.1074E-03,-46.5119E-03
-2.9695000E+00,-9.3084E-03,-48.7230E-03
-2.9690000E+00,-9.1074E-03,-51.1350E-03
-2.9685000E+00,-9.3084E-03,-53.6476E-03
-2.9680000E+00,-9.1074E-03,-52.1401E-03
-2.9675000E+00,-9.4089E-03,-49.9290E-03
-2.9670000E+00,-9.0069E-03,-46.6124E-03
-2.9665000E+00,-8.6049E-03,-44.2004E-03
-2.9660000E+00,-8.7054E-03,-41.7883E-03
-2.9655000E+00,-8.4039E-03,-39.6778E-03
-2.9650000E+00,-8.3034E-03,-36.6627E-03
-2.9645000E+00,-8.6049E-03,-34.6526E-03
-2.9640000E+00,-8.3034E-03,-32.0396E-03
-2.9635000E+00,-8.2029E-03,-29.6275E-03
-2.9630000E+00,-8.0019E-03,-26.7129E-03
-2.9625000E+00,-7.8009E-03,-24.6024E-03
-2.9620000E+00,-8.0019E-03,-22.2908E-03
-2.9615000E+00,-7.9014E-03,-19.6778E-03
-2.9610000E+00,-7.8009E-03,-17.1652E-03
-2.9605000E+00,-7.3989E-03,-14.4516E-03
-2.9600000E+00,-7.7004E-03,-12.4416E-03
-2.9595000E+00,-7.7004E-03,-9.6275E-03
-2.9590000E+00,-7.5999E-03,-7.2155E-03
-2.9585000E+00,-7.5999E-03,-4.6024E-03
-2.9580000E+00,-7.1979E-03,-2.2908E-03
-2.9575000E+00,-7.3989E-03,-79.8E-06
-2.9570000E+00,-7.3989E-03,+2.4328E-03
-2.9565000E+00,-7.5999E-03,+4.8448E-03
-2.9560000E+00,-7.4994E-03,+7.4579E-03
-2.9555000E+00,-7.2984E-03,+10.3725E-03
-2.9550000E+00,-6.9969E-03,+12.7845E-03
-2.9545000E+00,-6.9969E-03,+15.6991E-03
-2.9540000E+00,-6.9969E-03,+17.8097E-03
-2.9535000E+00,-7.0974E-03,+20.5232E-03
-2.9530000E+00,-6.8964E-03,+22.9353E-03
-2.9525000E+00,-7.2984E-03,+25.5484E-03
-2.9520000E+00,-6.6954E-03,+27.4579E-03
-2.9515000E+00,-6.7959E-03,+30.4730E-03
-2.9510000E+00,-6.6954E-03,+32.7845E-03
-2.9505000E+00,-6.5948E-03,+35.1966E-03
-2.9500000E+00,-6.3938E-03,+37.9102E-03
-2.9495000E+00,-6.4943E-03,+40.7242E-03
-2.9490000E+00,-6.2933E-03,+42.8348E-03
-2.9485000E+00,-6.6954E-03,+45.2469E-03
-2.9480000E+00,-6.7959E-03,+43.5383E-03
-2.9475000E+00,-5.9918E-03,+40.7242E-03
-2.9470000E+00,-5.9918E-03,+38.6137E-03
-2.9465000E+00,-6.1928E-03,+35.7996E-03
-2.9460000E+00,-6.1928E-03,+33.6891E-03
-2.9455000E+00,-6.1928E-03,+30.9755E-03
-2.9450000E+00,-6.4943E-03,+28.4629E-03
-2.9445000E+00,-6.7959E-03,+26.0509E-03
-2.9440000E+00,-6.8964E-03,+24.0408E-03
-2.9435000E+00,-6.6954E-03,+20.9253E-03
-2.9430000E+00,-6.4943E-03,+18.4127E-03
-2.9425000E+00,-7.0974E-03,+15.6991E-03
-2.9420000E+00,-6.9969E-03,+13.3876E-03
-2.9415000E+00,-6.8964E-03,+10.8750E-03
-2.9410000E+00,-6.7959E-03,+8.2619E-03
-2.9405000E+00,-7.1979E-03,+5.7494E-03
-2.9400000E+00,-7.3989E-03,+3.2368E-03
-2.9395000E+00,-7.1979E-03,+925.3E-06
-2.9390000E+00,-7.4994E-03,-1.6878E-03
-2.9385000E+00,-7.9014E-03,-4.0999E-03
-2.9380000E+00,-7.5999E-03,-6.7129E-03
-2.9375000E+00,-7.9014E-03,-8.5220E-03
-2.9370000E+00,-7.9014E-03,-11.6376E-03
-2.9365000E+00,-8.1024E-03,-13.9491E-03
-2.9360000E+00,-8.4039E-03,-16.3612E-03
-2.9355000E+00,-8.2029E-03,-19.0747E-03
-2.9350000E+00,-8.3034E-03,-21.4868E-03
-2.9345000E+00,-9.1074E-03,-23.8989E-03
-2.9340000E+00,-8.5044E-03,-26.3109E-03
-2.9335000E+00,-8.3034E-03,-28.5220E-03
-2.9330000E+00,-8.4039E-03,-30.7330E-03
-2.9325000E+00,-8.5044E-03,-33.8486E-03
-2.9320000E+00,-8.8059E-03,-36.6627E-03
-2.9315000E+00,-9.2079E-03,-38.8737E-03
-2.9310000E+00,-9.0069E-03,-41.3863E-03
-2.9305000E+00,-8.7054E-03,-43.7984E-03
-2.9300000E+00,-9.2079E-03,-46.3109E-03
-2.9295000E+00,-9.1074E-03,-49.2255E-03
-2.9290000E+00,-9.0069E-03,-51.4366E-03
-2.9285000E+00,-8.8059E-03,-53.6476E-03
-2.9280000E+00,-9.2079E-03,-52.1401E-03
-2.9275000E+00,-8.9064E-03,-49.2255E-03
-2.9270000E+00,-8.7054E-03,-46.7129E-03
-2.9265000E+00,-8.4039E-03,-44.6024E-03
-2.9260000E+00,-8.8059E-03,-41.8888E-03
-2.9255000E+00,-8.6049E-03,-39.1753E-03
-2.9250000E+00,-8.1024E-03,-36.8637E-03
-2.9245000E+00,-7.9014E-03,-34.7531E-03
-2.9240000E+00,-8.0019E-03,-31.8386E-03
-2.9235000E+00,-7.9014E-03,-29.2255E-03
-2.9230000E+00,-7.5999E-03,-26.5119E-03
-2.9225000E+00,-7.9014E-03,-25.1049E-03
-2.9220000E+00,-7.8009E-03,-22.3913E-03
-2.9215000E+00,-7.8009E-03,-19.5773E-03
-2.9210000E+00,-7.2984E-03,-17.0647E-03
-2.9205000E+00,-7.5999E-03,-14.2506E-03
-2.9200000E+00,-7.0974E-03,-12.2406E-03
-2.9195000E+00,-7.5999E-03,-9.7280E-03
-2.9190000E+00,-7.1979E-03,-7.2155E-03
-2.9185000E+00,-7.7004E-03,-4.4014E-03
-2.9180000E+00,-6.9969E-03,-2.1903E-03
-2.9175000E+00,-7.1979E-03,+221.7E-06
-2.9170000E+00,-7.3989E-03,+2.9353E-03
-2.9165000E+00,-7.1979E-03,+4.8448E-03
-2.9160000E+00,-7.0974E-03,+7.6589E-03
-2.9155000E+00,-7.1979E-03,+10.1715E-03
-2.9150000E+00,-7.0974E-03,+12.6840E-03
-2.9145000E+00,-7.0974E-03,+14.8951E-03
-2.9140000E+00,-6.6954E-03,+17.8097E-03
-2.9135000E+00,-6.6954E-03,+20.5232E-03
-2.9130000E+00,-7.1979E-03,+22.5333E-03
-2.9125000E+00,-6.9969E-03,+25.3474E-03
-2.9120000E+00,-6.5948E-03,+27.7594E-03
-2.9115000E+00,-6.6954E-03,+30.1715E-03
-2.9110000E+00,-6.3938E-03,+32.9856E-03
-2.9105000E+00,-6.3938E-03,+35.2971E-03
-2.9100000E+00,-6.2933E-03,+37.7092E-03
-2.9095000E+00,-6.0923E-03,+40.9253E-03
-2.9090000E+00,-6.5948E-03,+43.1363E-03
-2.9085000E+00,-6.2933E-03,+45.0459E-03
-2.9080000E+00,-6.2933E-03,+44.1413E-03
-2.9075000E+00,-5.5898E-03,+41.7293E-03
-2.9070000E+00,-6.1928E-03,+39.2167E-03
-2.9065000E+00,-6.3938E-03,+36.0006E-03
-2.9060000E+00,-6.4943E-03,+33.5886E-03
-2.9055000E+00,-5.9918E-03,+31.0760E-03
-2.9050000E+00,-6.4943E-03,+29.0660E-03
-2.9045000E+00,-6.4943E-03,+26.2519E-03
-2.9040000E+00,-6.4943E-03,+23.6388E-03
-2.9035000E+00,-6.4943E-03,+21.4278E-03
-2.9030000E+00,-6.3938E-03,+18.7142E-03
-2.9025000E+00,-6.7959E-03,+16.2016E-03
-2.9020000E+00,-6.7959E-03,+13.6891E-03
-2.9015000E+00,-6.5948E-03,+10.4730E-03
-2.9010000E+00,-6.7959E-03,+8.5634E-03
-2.9005000E+00,-6.9969E-03,+5.8499E-03
-2.9000000E+00,-7.1979E-03,+3.6388E-03
-2.8995000E+00,-7.1979E-03,+1.4278E-03
-2.8990000E+00,-7.1979E-03,-1.4868E-03
-2.8985000E+00,-7.3989E-03,-3.7984E-03
-2.8980000E+00,-7.4994E-03,-5.9089E-03
-2.8975000E+00,-7.4994E-03,-9.1250E-03
-2.8970000E+00,-7.9014E-03,-11.1351E-03
-2.8965000E+00,-8.3034E-03,-13.7481E-03
-2.8960000E+00,-8.0019E-03,-16.3612E-03
-2.8955000E+00,-8.1024E-03,-19.0747E-03
-2.8950000E+00,-8.0019E-03,-20.9843E-03
-2.8945000E+00,-8.1024E-03,-23.5974E-03
-2.8940000E+00,-8.8059E-03,-25.9089E-03
-2.8935000E+00,-8.2029E-03,-28.7230E-03
-2.8930000E+00,-8.4039E-03,-31.4366E-03
-2.8925000E+00,-8.8059E-03,-33.8486E-03
-2.8920000E+00,-9.1074E-03,-36.4617E-03
-2.8915000E+00,-8.7054E-03,-38.6727E-03
-2.8910000E+00,-8.9064E-03,-41.0848E-03
-2.8905000E+00,-8.9064E-03,-43.6979E-03
-2.8900000E+00,-9.3084E-03,-46.5119E-03
-2.8895000E+00,-9.6099E-03,-48.9240E-03
-2.8890000E+00,-9.3084E-03,-51.3361E-03
-2.8885000E+00,-9.2079E-03,-53.2456E-03
-2.8880000E+00,-9.7104E-03,-52.0396E-03
-2.8875000E+00,-9.1074E-03,-49.7280E-03
-2.8870000E+00,-9.0069E-03,-47.0144E-03
-2.8865000E+00,-8.5044E-03,-44.3009E-03
-2.8860000E+00,-8.8059E-03,-41.6878E-03
-2.8855000E+00,-8.5044E-03,-39.1753E-03
-2.8850000E+00,-8.2029E-03,-37.2657E-03
-2.8845000E+00,-8.1024E-03,-34.5521E-03
-2.8840000E+00,-8.2029E-03,-31.8386E-03
-2.8835000E+00,-8.2029E-03,-29.7280E-03
-2.8830000E+00,-8.1024E-03,-26.7129E-03
-2.8825000E+00,-7.7004E-03,-24.6024E-03
-2.8820000E+00,-7.8009E-03,-21.8888E-03
-2.8815000E+00,-7.5999E-03,-19.4768E-03
-2.8810000E+00,-8.1024E-03,-17.0647E-03
-2.8805000E+00,-7.7004E-03,-14.5521E-03
-2.8800000E+00,-7.1979E-03,-12.1401E-03
-2.8795000E+00,-7.4994E-03,-9.5270E-03
-2.8790000E+00,-7.5999E-03,-6.9139E-03
-2.8785000E+00,-7.1979E-03,-4.8034E-03
-2.8780000E+00,-7.2984E-03,-1.9893E-03
-2.8775000E+00,-7.8009E-03,+221.7E-06
-2.8770000E+00,-7.5999E-03,+2.6338E-03
-2.8765000E+00,-7.2984E-03,+4.9454E-03
-2.8760000E+00,-7.3989E-03,+7.5584E-03
-2.8755000E+00,-7.0974E-03,+10.2720E-03
-2.8750000E+00,-7.1979E-03,+12.6840E-03
-2.8745000E+00,-7.1979E-03,+15.2971E-03
-2.8740000E+00,-7.1979E-03,+17.8097E-03
-2.8735000E+00,-6.8964E-03,+20.3222E-03
-2.8730000E+00,-7.2984E-03,+22.3323E-03
-2.8725000E+00,-7.1979E-03,+24.6438E-03
-2.8720000E+00,-6.8964E-03,+27.6589E-03
-2.8715000E+00,-6.7959E-03,+29.9705E-03
-2.8710000E+00,-6.5948E-03,+32.7845E-03
-2.8705000E+00,-6.4943E-03,+35.2971E-03
-2.8700000E+00,-6.4943E-03,+37.7092E-03
-2.8695000E+00,-6.0923E-03,+40.6237E-03
-2.8690000E+00,-6.3938E-03,+43.3373E-03
-2.8685000E+00,-6.5948E-03,+44.7443E-03
-2.8680000E+00,-5.9918E-03,+43.8398E-03
-2.8675000E+00,-6.0923E-03,+41.3273E-03
-2.8670000E+00,-6.2933E-03,+38.6137E-03
-2.8665000E+00,-6.2933E-03,+36.1011E-03
-2.8660000E+00,-6.3938E-03,+33.7896E-03
-2.8655000E+00,-6.1928E-03,+31.4780E-03
-2.8650000E+00,-6.3938E-03,+28.6639E-03
-2.8645000E+00,-6.5948E-03,+25.9504E-03
-2.8640000E+00,-5.8913E-03,+24.0408E-03
-2.8635000E+00,-6.5948E-03,+21.4278E-03
-2.8630000E+00,-6.7959E-03,+18.6137E-03
-2.8625000E+00,-6.7959E-03,+16.4026E-03
-2.8620000E+00,-7.0974E-03,+13.4881E-03
-2.8615000E+00,-7.0974E-03,+10.9755E-03
-2.8610000E+00,-7.0974E-03,+8.8649E-03
-2.8605000E+00,-7.2984E-03,+5.9504E-03
-2.8600000E+00,-7.0974E-03,+3.3373E-03
-2.8595000E+00,-7.4994E-03,+925.3E-06
-2.8590000E+00,-7.3989E-03,-1.2858E-03
-2.8585000E+00,-7.7004E-03,-3.7984E-03
-2.8580000E+00,-7.9014E-03,-6.2104E-03
-2.8575000E+00,-7.9014E-03,-8.8235E-03
-2.8570000E+00,-7.9014E-03,-11.2356E-03
-2.8565000E+00,-8.2029E-03,-13.8486E-03
-2.8560000E+00,-8.2029E-03,-16.4617E-03
-2.8555000E+00,-8.1024E-03,-18.8737E-03
-2.8550000E+00,-8.2029E-03,-21.2858E-03
-2.8545000E+00,-8.3034E-03,-23.5974E-03
-2.8540000E+00,-8.6049E-03,-25.9089E-03
-2.8535000E+00,-8.4039E-03,-28.4215E-03
-2.8530000E+00,-8.7054E-03,-31.1351E-03
-2.8525000E+00,-8.9064E-03,-33.6476E-03
-2.8520000E+00,-9.3084E-03,-36.5622E-03
-2.8515000E+00,-8.9064E-03,-38.3712E-03
-2.8510000E+00,-8.9064E-03,-41.0848E-03
-2.8505000E+00,-9.4089E-03,-43.8989E-03
-2.8500000E+00,-9.7104E-03,-46.4114E-03
-2.8495000E+00,-9.4089E-03,-48.4215E-03
-2.8490000E+00,-9.5094E-03,-51.0345E-03
-2.8485000E+00,-9.5094E-03,-53.4466E-03
-2.8480000E+00,-9.8109E-03,-51.8386E-03
-2.8475000E+00,-9.0069E-03,-49.3260E-03
-2.8470000E+00,-8.9064E-03,-46.7129E-03
-2.8465000E+00,-8.8059E-03,-44.3009E-03
-2.8460000E+00,-8.8059E-03,-41.9893E-03
-2.8455000E+00,-8.6049E-03,-39.5773E-03
-2.8450000E+00,-8.6049E-03,-37.0647E-03
-2.8445000E+00,-8.4039E-03,-34.3511E-03
-2.8440000E+00,-8.6049E-03,-32.1401E-03
-2.8435000E+00,-8.3034E-03,-29.5270E-03
-2.8430000E+00,-8.1024E-03,-27.0144E-03
-2.8425000E+00,-8.2029E-03,-24.8034E-03
-2.8420000E+00,-7.8009E-03,-22.4918E-03
-2.8415000E+00,-8.2029E-03,-19.6778E-03
-2.8410000E+00,-7.9014E-03,-17.1652E-03
-2.8405000E+00,-8.0019E-03,-14.4516E-03
-2.8400000E+00,-7.8009E-03,-12.1401E-03
-2.8395000E+00,-8.0019E-03,-9.6275E-03
-2.8390000E+00,-8.1024E-03,-7.1149E-03
-2.8385000E+00,-7.5999E-03,-4.6024E-03
-2.8380000E+00,-7.3989E-03,-2.1903E-03
-2.8375000E+00,-7.8009E-03,+221.7E-06
-2.8370000E+00,-7.7004E-03,+2.3323E-03
-2.8365000E+00,-7.7004E-03,+5.2469E-03
-2.8360000E+00,-7.2984E-03,+8.1614E-03
-2.8355000E+00,-6.9969E-03,+10.0710E-03
-2.8350000E+00,-7.7004E-03,+12.8850E-03
-2.8345000E+00,-6.9969E-03,+15.2971E-03
-2.8340000E+00,-6.7959E-03,+17.8097E-03
-2.8335000E+00,-7.5999E-03,+20.3222E-03
-2.8330000E+00,-7.3989E-03,+23.2368E-03
-2.8325000E+00,-7.2984E-03,+25.1464E-03
-2.8320000E+00,-6.8964E-03,+27.4579E-03
-2.8315000E+00,-6.9969E-03,+30.3725E-03
-2.8310000E+00,-6.8964E-03,+32.6840E-03
-2.8305000E+00,-6.5948E-03,+35.2971E-03
-2.8300000E+00,-6.6954E-03,+37.8097E-03
-2.8295000E+00,-5.9918E-03,+40.3222E-03
-2.8290000E+00,-6.2933E-03,+43.0358E-03
-2.8285000E+00,-6.3938E-03,+44.9454E-03
-2.8280000E+00,-6.2933E-03,+43.8398E-03
-2.8275000E+00,-6.2933E-03,+41.3273E-03
-2.8270000E+00,-6.4943E-03,+38.7142E-03
-2.8265000E+00,-6.3938E-03,+36.0006E-03
-2.8260000E+00,-6.2933E-03,+33.2871E-03
-2.8255000E+00,-6.2933E-03,+30.9755E-03
-2.8250000E+00,-6.3938E-03,+28.4629E-03
-2.8245000E+00,-6.3938E-03,+25.9504E-03
-2.8240000E+00,-6.7959E-03,+23.3373E-03
-2.8235000E+00,-6.3938E-03,+20.8247E-03
-2.8230000E+00,-7.1979E-03,+18.3122E-03
-2.8225000E+00,-6.8964E-03,+16.0006E-03
-2.8220000E+00,-6.6954E-03,+13.2871E-03
-2.8215000E+00,-6.5948E-03,+11.1765E-03
-2.8210000E+00,-7.3989E-03,+8.3624E-03
-2.8205000E+00,-7.2984E-03,+5.9504E-03
-2.8200000E+00,-7.2984E-03,+3.5383E-03
-2.8195000E+00,-7.2984E-03,+1.0258E-03
-2.8190000E+00,-7.3989E-03,-1.2858E-03
-2.8185000E+00,-7.7004E-03,-3.6979E-03
-2.8180000E+00,-7.9014E-03,-6.2104E-03
-2.8175000E+00,-7.5999E-03,-9.1250E-03
-2.8170000E+00,-8.1024E-03,-11.7381E-03
-2.8165000E+00,-8.2029E-03,-14.3511E-03
-2.8160000E+00,-8.0019E-03,-16.5622E-03
-2.8155000E+00,-8.0019E-03,-18.8737E-03
-2.8150000E+00,-8.0019E-03,-21.3863E-03
-2.8145000E+00,-8.7054E-03,-24.2004E-03
-2.8140000E+00,-8.9064E-03,-26.6124E-03
-2.8135000E+00,-8.5044E-03,-29.2255E-03
-2.8130000E+00,-8.7054E-03,-31.5371E-03
-2.8125000E+00,-9.0069E-03,-34.0496E-03
-2.8120000E+00,-9.0069E-03,-36.3612E-03
-2.8115000E+00,-8.7054E-03,-38.9742E-03
-2.8110000E+00,-8.8059E-03,-41.1853E-03
-2.8105000E+00,-9.5094E-03,-43.7984E-03
-2.8100000E+00,-9.3084E-03,-46.3109E-03
-2.8095000E+00,-9.1074E-03,-49.0245E-03
-2.8090000E+00,-9.5094E-03,-51.6376E-03
-2.8085000E+00,-9.8109E-03,-53.8486E-03
-2.8080000E+00,-9.7104E-03,-52.4416E-03
-2.8075000E+00,-9.3084E-03,-49.7280E-03
-2.8070000E+00,-9.1074E-03,-46.8134E-03
-2.8065000E+00,-9.1074E-03,-44.6024E-03
-2.8060000E+00,-9.2079E-03,-42.3913E-03
-2.8055000E+00,-8.9064E-03,-39.4768E-03
-2.8050000E+00,-8.7054E-03,-37.1652E-03
-2.8045000E+00,-8.5044E-03,-34.8536E-03
-2.8040000E+00,-8.2029E-03,-32.3411E-03
-2.8035000E+00,-8.8059E-03,-29.9290E-03
-2.8030000E+00,-8.1024E-03,-27.3160E-03
-2.8025000E+00,-7.9014E-03,-24.7029E-03
-2.8020000E+00,-7.8009E-03,-22.2908E-03
-2.8015000E+00,-7.9014E-03,-19.4768E-03
-2.8010000E+00,-7.8009E-03,-17.2657E-03
-2.8005000E+00,-7.9014E-03,-14.8536E-03
-2.8000000E+00,-8.2029E-03,-12.3411E-03
-2.7995000E+00,-8.2029E-03,-9.9290E-03
-2.7990000E+00,-7.9014E-03,-7.7180E-03
-2.7985000E+00,-7.7004E-03,-4.7029E-03
-2.7980000E+00,-7.9014E-03,-2.6928E-03
-2.7975000E+00,-7.8009E-03,+20.7E-06
-2.7970000E+00,-7.7004E-03,+2.8348E-03
-2.7965000E+00,-7.3989E-03,+4.7443E-03
-2.7960000E+00,-7.9014E-03,+7.2569E-03
-2.7955000E+00,-7.7004E-03,+9.8700E-03
-2.7950000E+00,-7.4994E-03,+12.7845E-03
-2.7945000E+00,-7.0974E-03,+13.6891E-03
-2.7940000E+00,-7.2984E-03,+16.9052E-03
-2.7935000E+00,-7.3989E-03,+20.2217E-03
-2.7930000E+00,-7.0974E-03,+22.7343E-03
-2.7925000E+00,-7.2984E-03,+24.4428E-03
-2.7920000E+00,-6.6954E-03,+27.8599E-03
-2.7915000E+00,-7.0974E-03,+30.3725E-03
-2.7910000E+00,-6.8964E-03,+33.0861E-03
-2.7905000E+00,-6.4943E-03,+35.2971E-03
-2.7900000E+00,-7.0974E-03,+37.6087E-03
-2.7895000E+00,-6.6954E-03,+40.1212E-03
-2.7890000E+00,-6.5948E-03,+42.6338E-03
-2.7885000E+00,-6.0923E-03,+44.9454E-03
-2.7880000E+00,-6.0923E-03,+43.7393E-03
-2.7875000E+00,-6.2933E-03,+41.2268E-03
-2.7870000E+00,-6.1928E-03,+38.6137E-03
-2.7865000E+00,-6.4943E-03,+36.0006E-03
-2.7860000E+00,-6.3938E-03,+33.1866E-03
-2.7855000E+00,-6.6954E-03,+31.2770E-03
-2.7850000E+00,-6.7959E-03,+28.4629E-03
-2.7845000E+00,-6.3938E-03,+26.0509E-03
-2.7840000E+00,-6.7959E-03,+23.4378E-03
-2.7835000E+00,-6.4943E-03,+20.9253E-03
-2.7830000E+00,-6.8964E-03,+18.5132E-03
-2.7825000E+00,-7.1979E-03,+16.1011E-03
-2.7820000E+00,-6.9969E-03,+13.2871E-03
-2.7815000E+00,-6.8964E-03,+10.7745E-03
-2.7810000E+00,-7.2984E-03,+8.1614E-03
-2.7805000E+00,-7.5999E-03,+6.1514E-03
-2.7800000E+00,-7.3989E-03,+3.4378E-03
-2.7795000E+00,-7.3989E-03,+1.2268E-03
-2.7790000E+00,-7.9014E-03,-1.4868E-03
-2.7785000E+00,-7.4994E-03,-3.8989E-03
-2.7780000E+00,-7.8009E-03,-7.0144E-03
-2.7775000E+00,-7.9014E-03,-9.2255E-03
-2.7770000E+00,-8.4039E-03,-11.9391E-03
-2.7765000E+00,-8.0019E-03,-14.9541E-03
-2.7760000E+00,-8.2029E-03,-16.8637E-03
-2.7755000E+00,-8.3034E-03,-18.2707E-03
-2.7750000E+00,-8.8059E-03,-21.0848E-03
-2.7745000E+00,-8.5044E-03,-23.6979E-03
-2.7740000E+00,-8.7054E-03,-26.2104E-03
-2.7735000E+00,-8.3034E-03,-28.4215E-03
-2.7730000E+00,-8.6049E-03,-31.3361E-03
-2.7725000E+00,-9.4089E-03,-33.8486E-03
-2.7720000E+00,-9.0069E-03,-35.9592E-03
-2.7715000E+00,-8.7054E-03,-38.8737E-03
-2.7710000E+00,-8.9064E-03,-41.2858E-03
-2.7705000E+00,-9.3084E-03,-43.2959E-03
-2.7700000E+00,-9.4089E-03,-46.4114E-03
-2.7695000E+00,-9.3084E-03,-48.8235E-03
-2.7690000E+00,-9.2079E-03,-51.0345E-03
-2.7685000E+00,-9.8109E-03,-53.5471E-03
-2.7680000E+00,-9.8109E-03,-52.3411E-03
-2.7675000E+00,-9.1074E-03,-49.7280E-03
-2.7670000E+00,-8.8059E-03,-46.8134E-03
-2.7665000E+00,-9.1074E-03,-44.6024E-03
-2.7660000E+00,-8.6049E-03,-41.7883E-03
-2.7655000E+00,-8.7054E-03,-39.1753E-03
-2.7650000E+00,-8.6049E-03,-37.3662E-03
-2.7645000E+00,-8.5044E-03,-34.7531E-03
-2.7640000E+00,-7.9014E-03,-32.1401E-03
-2.7635000E+00,-8.0019E-03,-29.9290E-03
-2.7630000E+00,-7.7004E-03,-27.3160E-03
-2.7625000E+00,-7.7004E-03,-24.6024E-03
-2.7620000E+00,-7.7004E-03,-22.1903E-03
-2.7615000E+00,-7.9014E-03,-19.8788E-03
-2.7610000E+00,-7.8009E-03,-17.1652E-03
-2.7605000E+00,-7.7004E-03,-14.9541E-03
-2.7600000E+00,-8.1024E-03,-12.2406E-03
-2.7595000E+00,-7.5999E-03,-9.8285E-03
-2.7590000E+00,-7.7004E-03,-7.9190E-03
-2.7585000E+00,-7.1979E-03,-4.9039E-03
-2.7580000E+00,-7.2984E-03,-2.5923E-03
-2.7575000E+00,-7.9014E-03,+20.7E-06
-2.7570000E+00,-7.5999E-03,+2.3323E-03
-2.7565000E+00,-7.5999E-03,+5.1464E-03
-2.7560000E+00,-7.3989E-03,+7.2569E-03
-2.7555000E+00,-7.0974E-03,+9.8700E-03
-2.7550000E+00,-7.3989E-03,+12.7845E-03
-2.7545000E+00,-6.9969E-03,+15.5986E-03
-2.7540000E+00,-7.2984E-03,+17.8097E-03
-2.7535000E+00,-6.9969E-03,+19.9202E-03
-2.7530000E+00,-6.9969E-03,+22.8348E-03
-2.7525000E+00,-6.7959E-03,+25.1464E-03
-2.7520000E+00,-6.5948E-03,+27.3574E-03
-2.7515000E+00,-6.5948E-03,+30.3725E-03
-2.7510000E+00,-6.6954E-03,+32.2820E-03
-2.7505000E+00,-6.4943E-03,+35.0961E-03
-2.7500000E+00,-6.0923E-03,+37.5082E-03
-2.7495000E+00,-6.5948E-03,+40.3222E-03
-2.7490000E+00,-6.3938E-03,+42.8348E-03
-2.7485000E+00,-6.0923E-03,+44.6438E-03
-2.7480000E+00,-6.2933E-03,+43.8398E-03
-2.7475000E+00,-6.5948E-03,+40.9253E-03
-2.7470000E+00,-6.3938E-03,+38.7142E-03
-2.7465000E+00,-6.1928E-03,+35.7996E-03
-2.7460000E+00,-5.8913E-03,+33.6891E-03
-2.7455000E+00,-6.3938E-03,+30.9755E-03
-2.7450000E+00,-6.4943E-03,+28.7644E-03
-2.7445000E+00,-5.9918E-03,+25.6489E-03
-2.7440000E+00,-6.2933E-03,+23.5383E-03
-2.7435000E+00,-6.7959E-03,+21.0258E-03
-2.7430000E+00,-6.4943E-03,+18.3122E-03
-2.7425000E+00,-6.4943E-03,+16.2016E-03
-2.7420000E+00,-6.3938E-03,+13.3876E-03
-2.7415000E+00,-6.7959E-03,+10.7745E-03
-2.7410000E+00,-7.4994E-03,+8.3624E-03
-2.7405000E+00,-7.1979E-03,+5.9504E-03
-2.7400000E+00,-7.1979E-03,+3.3373E-03
-2.7395000E+00,-7.0974E-03,+1.4278E-03
-2.7390000E+00,-7.1979E-03,-1.7883E-03
-2.7385000E+00,-7.7004E-03,-3.6979E-03
-2.7380000E+00,-7.4994E-03,-6.6124E-03
-2.7375000E+00,-7.7004E-03,-9.2255E-03
-2.7370000E+00,-7.9014E-03,-11.4366E-03
-2.7365000E+00,-7.5999E-03,-13.9491E-03
-2.7360000E+00,-8.0019E-03,-16.6627E-03
-2.7355000E+00,-8.2029E-03,-18.9742E-03
-2.7350000E+00,-8.2029E-03,-21.5873E-03
-2.7345000E+00,-8.6049E-03,-24.0999E-03
-2.7340000E+00,-8.4039E-03,-26.4114E-03
-2.7335000E+00,-8.1024E-03,-28.8235E-03
-2.7330000E+00,-8.6049E-03,-31.4366E-03
-2.7325000E+00,-8.5044E-03,-33.5471E-03
-2.7320000E+00,-9.0069E-03,-36.0597E-03
-2.7315000E+00,-8.5044E-03,-38.6727E-03
-2.7310000E+00,-8.7054E-03,-41.1853E-03
-2.7305000E+00,-9.0069E-03,-43.6979E-03
-2.7300000E+00,-8.7054E-03,-46.2104E-03
-2.7295000E+00,-9.1074E-03,-48.8235E-03
-2.7290000E+00,-9.3084E-03,-51.5371E-03
-2.7285000E+00,-9.2079E-03,-53.7481E-03
-2.7280000E+00,-9.4089E-03,-51.9391E-03
-2.7275000E+00,-8.9064E-03,-49.5270E-03
-2.7270000E+00,-8.4039E-03,-47.0144E-03
-2.7265000E+00,-8.4039E-03,-44.5019E-03
-2.7260000E+00,-8.5044E-03,-41.9893E-03
-2.7255000E+00,-8.2029E-03,-39.3763E-03
-2.7250000E+00,-7.9014E-03,-36.5622E-03
-2.7245000E+00,-8.2029E-03,-34.5521E-03
-2.7240000E+00,-8.3034E-03,-32.4416E-03
-2.7235000E+00,-8.1024E-03,-29.6275E-03
-2.7230000E+00,-7.5999E-03,-27.0144E-03
-2.7225000E+00,-7.4994E-03,-24.9039E-03
-2.7220000E+00,-8.1024E-03,-22.0898E-03
-2.7215000E+00,-7.3989E-03,-19.6778E-03
-2.7210000E+00,-7.3989E-03,-17.2657E-03
-2.7205000E+00,-7.9014E-03,-14.7531E-03
-2.7200000E+00,-7.9014E-03,-12.3411E-03
-2.7195000E+00,-7.5999E-03,-9.9290E-03
-2.7190000E+00,-7.1979E-03,-7.2155E-03
-2.7185000E+00,-6.8964E-03,-4.7029E-03
-2.7180000E+00,-7.1979E-03,-2.5923E-03
-2.7175000E+00,-7.5999E-03,+422.7E-06
-2.7170000E+00,-7.0974E-03,+2.5333E-03
-2.7165000E+00,-7.3989E-03,+5.4479E-03
-2.7160000E+00,-7.4994E-03,+7.5584E-03
-2.7155000E+00,-7.3989E-03,+10.1715E-03
-2.7150000E+00,-7.4994E-03,+12.6840E-03
-2.7145000E+00,-6.9969E-03,+15.2971E-03
-2.7140000E+00,-6.9969E-03,+17.4077E-03
-2.7135000E+00,-7.1979E-03,+20.1212E-03
-2.7130000E+00,-6.7959E-03,+22.9353E-03
-2.7125000E+00,-6.4943E-03,+25.4479E-03
-2.7120000E+00,-6.8964E-03,+27.6589E-03
-2.7115000E+00,-6.9969E-03,+29.9705E-03
-2.7110000E+00,-6.7959E-03,+32.7845E-03
-2.7105000E+00,-6.5948E-03,+35.3976E-03
-2.7100000E+00,-6.1928E-03,+37.7092E-03
-2.7095000E+00,-6.1928E-03,+40.2217E-03
-2.7090000E+00,-6.1928E-03,+42.7343E-03
-2.7085000E+00,-6.1928E-03,+45.1464E-03
-2.7080000E+00,-5.9918E-03,+43.3373E-03
-2.7075000E+00,-5.8913E-03,+40.8247E-03
-2.7070000E+00,-6.1928E-03,+38.4127E-03
-2.7065000E+00,-6.1928E-03,+35.7996E-03
-2.7060000E+00,-5.8913E-03,+33.6891E-03
-2.7055000E+00,-6.3938E-03,+30.9755E-03
-2.7050000E+00,-6.2933E-03,+28.5634E-03
-2.7045000E+00,-6.4943E-03,+25.7494E-03
-2.7040000E+00,-6.5948E-03,+23.3373E-03
-2.7035000E+00,-6.4943E-03,+21.4278E-03
-2.7030000E+00,-6.7959E-03,+18.2117E-03
-2.7025000E+00,-6.6954E-03,+16.1011E-03
-2.7020000E+00,-6.6954E-03,+13.7896E-03
-2.7015000E+00,-6.9969E-03,+10.8750E-03
-2.7010000E+00,-7.0974E-03,+8.4629E-03
-2.7005000E+00,-7.0974E-03,+5.7494E-03
-2.7000000E+00,-6.6954E-03,+3.2368E-03
-2.6995000E+00,-6.9969E-03,+925.3E-06
-2.6990000E+00,-7.5999E-03,-1.6878E-03
-2.6985000E+00,-7.1979E-03,-3.9994E-03
-2.6980000E+00,-7.2984E-03,-6.8134E-03
-2.6975000E+00,-7.5999E-03,-9.2255E-03
-2.6970000E+00,-7.9014E-03,-11.4366E-03
-2.6965000E+00,-8.0019E-03,-14.1501E-03
-2.6960000E+00,-8.0019E-03,-16.2607E-03
-2.6955000E+00,-8.1024E-03,-18.9742E-03
-2.6950000E+00,-8.1024E-03,-21.6878E-03
-2.6945000E+00,-8.2029E-03,-23.5974E-03
-2.6940000E+00,-8.2029E-03,-26.5119E-03
-2.6935000E+00,-8.2029E-03,-28.9240E-03
-2.6930000E+00,-8.7054E-03,-31.9391E-03
-2.6925000E+00,-8.6049E-03,-33.9491E-03
-2.6920000E+00,-8.5044E-03,-36.6627E-03
-2.6915000E+00,-8.5044E-03,-38.6727E-03
-2.6910000E+00,-8.6049E-03,-41.4868E-03
-2.6905000E+00,-8.8059E-03,-43.6979E-03
-2.6900000E+00,-9.3084E-03,-46.2104E-03
-2.6895000E+00,-8.9064E-03,-49.0245E-03
-2.6890000E+00,-9.0069E-03,-51.8386E-03
-2.6885000E+00,-9.5094E-03,-53.4466E-03
-2.6880000E+00,-9.2079E-03,-52.2406E-03
-2.6875000E+00,-8.7054E-03,-49.5270E-03
-2.6870000E+00,-8.8059E-03,-47.1149E-03
-2.6865000E+00,-8.9064E-03,-44.3009E-03
-2.6860000E+00,-8.0019E-03,-42.0898E-03
-2.6855000E+00,-8.0019E-03,-39.6778E-03
-2.6850000E+00,-7.9014E-03,-36.9642E-03
-2.6845000E+00,-8.0019E-03,-34.8536E-03
-2.6840000E+00,-8.1024E-03,-32.4416E-03
-2.6835000E+00,-7.8009E-03,-30.1300E-03
-2.6830000E+00,-7.3989E-03,-26.7129E-03
-2.6825000E+00,-8.0019E-03,-24.4014E-03
-2.6820000E+00,-7.7004E-03,-22.1903E-03
-2.6815000E+00,-8.0019E-03,-19.9793E-03
-2.6810000E+00,-7.3989E-03,-17.2657E-03
-2.6805000E+00,-7.3989E-03,-15.1552E-03
-2.6800000E+00,-7.4994E-03,-12.1401E-03
-2.6795000E+00,-7.3989E-03,-9.8285E-03
-2.6790000E+00,-7.3989E-03,-7.2155E-03
-2.6785000E+00,-6.7959E-03,-4.6024E-03
-2.6780000E+00,-7.5999E-03,-2.1903E-03
-2.6775000E+00,-7.0974E-03,+322.2E-06
-2.6770000E+00,-7.2984E-03,+2.8348E-03
-2.6765000E+00,-7.0974E-03,+5.1464E-03
-2.6760000E+00,-7.2984E-03,+7.8599E-03
-2.6755000E+00,-6.9969E-03,+10.1715E-03
-2.6750000E+00,-6.3938E-03,+12.3825E-03
-2.6745000E+00,-6.6954E-03,+15.4981E-03
-2.6740000E+00,-7.1979E-03,+17.5082E-03
-2.6735000E+00,-7.2984E-03,+19.9202E-03
-2.6730000E+00,-6.7959E-03,+22.3323E-03
-2.6725000E+00,-6.6954E-03,+25.3474E-03
-2.6720000E+00,-6.6954E-03,+27.8599E-03
-2.6715000E+00,-6.7959E-03,+30.4730E-03
-2.6710000E+00,-6.3938E-03,+32.3825E-03
-2.6705000E+00,-6.3938E-03,+35.0961E-03
-2.6700000E+00,-5.9918E-03,+37.7092E-03
-2.6695000E+00,-6.2933E-03,+40.5232E-03
-2.6690000E+00,-5.8913E-03,+42.9353E-03
-2.6685000E+00,-5.7908E-03,+45.1464E-03
-2.6680000E+00,-5.9918E-03,+43.6388E-03
-2.6675000E+00,-6.2933E-03,+41.1263E-03
-2.6670000E+00,-5.8913E-03,+38.4127E-03
-2.6665000E+00,-6.0923E-03,+36.1011E-03
-2.6660000E+00,-6.2933E-03,+33.3876E-03
-2.6655000E+00,-6.2933E-03,+31.1765E-03
-2.6650000E+00,-6.4943E-03,+28.8649E-03
-2.6645000E+00,-6.0923E-03,+25.9504E-03
-2.6640000E+00,-6.3938E-03,+23.7393E-03
-2.6635000E+00,-6.5948E-03,+21.1263E-03
-2.6630000E+00,-6.4943E-03,+18.8147E-03
-2.6625000E+00,-6.4943E-03,+16.0006E-03
-2.6620000E+00,-6.7959E-03,+13.7896E-03
-2.6615000E+00,-7.0974E-03,+11.3775E-03
-2.6610000E+00,-6.6954E-03,+8.5634E-03
-2.6605000E+00,-7.2984E-03,+5.8499E-03
-2.6600000E+00,-6.6954E-03,+3.3373E-03
-2.6595000E+00,-7.4994E-03,+1.1263E-03
-2.6590000E+00,-7.4994E-03,-1.3863E-03
-2.6585000E+00,-7.8009E-03,-3.7984E-03
-2.6580000E+00,-7.8009E-03,-6.3109E-03
-2.6575000E+00,-8.1024E-03,-8.8235E-03
-2.6570000E+00,-8.1024E-03,-11.3361E-03
-2.6565000E+00,-8.2029E-03,-14.0496E-03
-2.6560000E+00,-8.2029E-03,-16.2607E-03
-2.6555000E+00,-8.3034E-03,-18.7732E-03
-2.6550000E+00,-8.6049E-03,-21.1853E-03
-2.6545000E+00,-8.8059E-03,-23.7984E-03
-2.6540000E+00,-8.8059E-03,-26.4114E-03
-2.6535000E+00,-9.0069E-03,-28.4215E-03
-2.6530000E+00,-9.1074E-03,-31.0345E-03
-2.6525000E+00,-8.9064E-03,-33.5471E-03
-2.6520000E+00,-8.8059E-03,-36.0597E-03
-2.6515000E+00,-9.2079E-03,-38.6727E-03
-2.6510000E+00,-9.3084E-03,-40.9843E-03
-2.6505000E+00,-9.2079E-03,-43.6979E-03
-2.6500000E+00,-9.7104E-03,-45.8084E-03
-2.6495000E+00,-9.1074E-03,-48.8235E-03
-2.6490000E+00,-9.5094E-03,-51.3361E-03
-2.6485000E+00,-10.1124E-03,-53.2456E-03
-2.6480000E+00,-9.8109E-03,-51.4366E-03
-2.6475000E+00,-9.0069E-03,-48.9240E-03
-2.6470000E+00,-9.6099E-03,-46.3109E-03
-2.6465000E+00,-9.1074E-03,-44.4014E-03
-2.6460000E+00,-9.0069E-03,-42.0898E-03
-2.6455000E+00,-8.4039E-03,-39.7783E-03
-2.6450000E+00,-8.7054E-03,-36.8637E-03
-2.6445000E+00,-8.8059E-03,-34.3511E-03
-2.6440000E+00,-8.0019E-03,-31.5371E-03
-2.6435000E+00,-8.2029E-03,-29.5270E-03
-2.6430000E+00,-8.1024E-03,-26.3109E-03
-2.6425000E+00,-8.3034E-03,-24.5019E-03
-2.6420000E+00,-8.4039E-03,-22.0898E-03
-2.6415000E+00,-7.8009E-03,-19.1753E-03
-2.6410000E+00,-7.9014E-03,-16.9642E-03
-2.6405000E+00,-8.1024E-03,-14.6526E-03
-2.6400000E+00,-8.0019E-03,-11.9391E-03
-2.6395000E+00,-7.9014E-03,-9.7280E-03
-2.6390000E+00,-7.7004E-03,-6.8134E-03
-2.6385000E+00,-7.5999E-03,-4.2004E-03
-2.6380000E+00,-7.2984E-03,-2.1903E-03
-2.6375000E+00,-7.5999E-03,+322.2E-06
-2.6370000E+00,-7.2984E-03,+3.2368E-03
-2.6365000E+00,-7.8009E-03,+5.2469E-03
-2.6360000E+00,-7.5999E-03,+7.7594E-03
-2.6355000E+00,-7.3989E-03,+10.2720E-03
-2.6350000E+00,-6.8964E-03,+12.2820E-03
-2.6345000E+00,-7.2984E-03,+15.3976E-03
-2.6340000E+00,-7.2984E-03,+17.7092E-03
-2.6335000E+00,-7.0974E-03,+20.1212E-03
-2.6330000E+00,-6.7959E-03,+22.7343E-03
-2.6325000E+00,-7.0974E-03,+25.0459E-03
-2.6320000E+00,-6.7959E-03,+27.6589E-03
-2.6315000E+00,-6.5948E-03,+30.5735E-03
-2.6310000E+00,-6.5948E-03,+32.2820E-03
-2.6305000E+00,-6.2933E-03,+34.4931E-03
-2.6300000E+00,-6.5948E-03,+37.0057E-03
-2.6295000E+00,-6.3938E-03,+39.8197E-03
-2.6290000E+00,-6.2933E-03,+42.4328E-03
-2.6285000E+00,-6.1928E-03,+45.8499E-03
-2.6280000E+00,-6.2933E-03,+43.0358E-03
-2.6275000E+00,-6.0923E-03,+41.1263E-03
-2.6270000E+00,-6.2933E-03,+38.1112E-03
-2.6265000E+00,-6.1928E-03,+36.9052E-03
-2.6260000E+00,-6.2933E-03,+34.0911E-03
-2.6255000E+00,-6.3938E-03,+31.2770E-03
-2.6250000E+00,-6.1928E-03,+29.0660E-03
-2.6245000E+00,-6.1928E-03,+26.6539E-03
-2.6240000E+00,-6.3938E-03,+23.9403E-03
-2.6235000E+00,-7.0974E-03,+21.1263E-03
-2.6230000E+00,-6.9969E-03,+18.4127E-03
-2.6225000E+00,-6.8964E-03,+16.0006E-03
-2.6220000E+00,-6.8964E-03,+13.5886E-03
-2.6215000E+00,-6.9969E-03,+11.1765E-03
-2.6210000E+00,-7.0974E-03,+9.1665E-03
-2.6205000E+00,-7.2984E-03,+6.0509E-03
-2.6200000E+00,-7.3989E-03,+3.7393E-03
-2.6195000E+00,-7.4994E-03,+1.0258E-03
-2.6190000E+00,-7.5999E-03,-1.3863E-03
-2.6185000E+00,-7.7004E-03,-3.7984E-03
-2.6180000E+00,-7.5999E-03,-6.5119E-03
-2.6175000E+00,-8.0019E-03,-9.0245E-03
-2.6170000E+00,-8.0019E-03,-11.3361E-03
-2.6165000E+00,-8.3034E-03,-13.8486E-03
-2.6160000E+00,-8.3034E-03,-16.4617E-03
-2.6155000E+00,-8.4039E-03,-18.4717E-03
-2.6150000E+00,-8.3034E-03,-21.2858E-03
-2.6145000E+00,-8.4039E-03,-23.7984E-03
-2.6140000E+00,-8.4039E-03,-25.8084E-03
-2.6135000E+00,-8.6049E-03,-28.8235E-03
-2.6130000E+00,-8.5044E-03,-31.5371E-03
-2.6125000E+00,-8.7054E-03,-34.0496E-03
-2.6120000E+00,-8.7054E-03,-36.4617E-03
-2.6115000E+00,-9.0069E-03,-38.7732E-03
-2.6110000E+00,-9.6099E-03,-41.3863E-03
-2.6105000E+00,-8.6049E-03,-43.9994E-03
-2.6100000E+00,-9.3084E-03,-46.4114E-03
-2.6095000E+00,-9.2079E-03,-48.5220E-03
-2.6090000E+00,-9.7104E-03,-51.5371E-03
-2.6085000E+00,-9.5094E-03,-53.6476E-03
-2.6080000E+00,-9.2079E-03,-51.8386E-03
-2.6075000E+00,-9.2079E-03,-49.4265E-03
-2.6070000E+00,-9.4089E-03,-47.0144E-03
-2.6065000E+00,-9.0069E-03,-44.9039E-03
-2.6060000E+00,-8.5044E-03,-42.3913E-03
-2.6055000E+00,-8.3034E-03,-39.5773E-03
-2.6050000E+00,-8.1024E-03,-37.4667E-03
-2.6045000E+00,-8.5044E-03,-34.6526E-03
-2.6040000E+00,-8.4039E-03,-32.4416E-03
-2.6035000E+00,-8.0019E-03,-29.9290E-03
-2.6030000E+00,-7.9014E-03,-27.2155E-03
-2.6025000E+00,-7.8009E-03,-25.1049E-03
-2.6020000E+00,-8.0019E-03,-22.4918E-03
-2.6015000E+00,-7.8009E-03,-19.5773E-03
-2.6010000E+00,-7.7004E-03,-17.2657E-03
-2.6005000E+00,-8.0019E-03,-14.8536E-03
-2.6000000E+00,-7.3989E-03,-12.2406E-03
-2.5995000E+00,-7.5999E-03,-9.8285E-03
-2.5990000E+00,-7.4994E-03,-7.0144E-03
-2.5985000E+00,-7.5999E-03,-4.4014E-03
-2.5980000E+00,-7.8009E-03,-2.3913E-03
-2.5975000E+00,-7.3989E-03,+221.7E-06
-2.5970000E+00,-7.8009E-03,+2.9353E-03
-2.5965000E+00,-8.0019E-03,+5.0459E-03
-2.5960000E+00,-7.7004E-03,+7.6589E-03
-2.5955000E+00,-7.1979E-03,+9.8700E-03
-2.5950000E+00,-7.0974E-03,+12.7845E-03
-2.5945000E+00,-7.4994E-03,+15.2971E-03
-2.5940000E+00,-7.4994E-03,+17.4077E-03
-2.5935000E+00,-6.9969E-03,+20.3222E-03
-2.5930000E+00,-6.8964E-03,+23.2368E-03
-2.5925000E+00,-7.1979E-03,+25.5484E-03
-2.5920000E+00,-6.9969E-03,+27.9604E-03
-2.5915000E+00,-6.6954E-03,+30.3725E-03
-2.5910000E+00,-6.7959E-03,+32.7845E-03
-2.5905000E+00,-6.3938E-03,+35.2971E-03
-2.5900000E+00,-6.4943E-03,+37.7092E-03
-2.5895000E+00,-6.7959E-03,+40.7242E-03
-2.5890000E+00,-6.5948E-03,+42.4328E-03
-2.5885000E+00,-6.3938E-03,+45.2469E-03
-2.5880000E+00,-6.5948E-03,+43.2368E-03
-2.5875000E+00,-6.7959E-03,+41.0258E-03
-2.5870000E+00,-6.3938E-03,+38.5132E-03
-2.5865000E+00,-5.8913E-03,+36.3021E-03
-2.5860000E+00,-6.3938E-03,+33.3876E-03
-2.5855000E+00,-6.6954E-03,+30.9755E-03
-2.5850000E+00,-6.3938E-03,+28.1614E-03
-2.5845000E+00,-6.7959E-03,+26.0509E-03
-2.5840000E+00,-6.7959E-03,+23.2368E-03
-2.5835000E+00,-6.7959E-03,+21.1263E-03
-2.5830000E+00,-6.5948E-03,+18.5132E-03
-2.5825000E+00,-6.6954E-03,+16.1011E-03
-2.5820000E+00,-7.0974E-03,+13.1866E-03
-2.5815000E+00,-6.7959E-03,+11.0760E-03
-2.5810000E+00,-7.1979E-03,+8.7644E-03
-2.5805000E+00,-7.0974E-03,+5.7494E-03
-2.5800000E+00,-7.3989E-03,+3.3373E-03
-2.5795000E+00,-7.5999E-03,+1.0258E-03
-2.5790000E+00,-7.7004E-03,-1.2858E-03
-2.5785000E+00,-7.7004E-03,-3.9994E-03
-2.5780000E+00,-7.7004E-03,-6.4114E-03
-2.5775000E+00,-8.1024E-03,-8.8235E-03
-2.5770000E+00,-8.2029E-03,-11.5371E-03
-2.5765000E+00,-8.2029E-03,-13.8486E-03
-2.5760000E+00,-8.2029E-03,-16.1602E-03
-2.5755000E+00,-8.7054E-03,-18.5722E-03
-2.5750000E+00,-8.4039E-03,-21.3863E-03
-2.5745000E+00,-8.3034E-03,-23.7984E-03
-2.5740000E+00,-8.2029E-03,-26.2104E-03
-2.5735000E+00,-8.9064E-03,-29.1250E-03
-2.5730000E+00,-9.0069E-03,-31.6376E-03
-2.5725000E+00,-8.9064E-03,-33.6476E-03
-2.5720000E+00,-9.0069E-03,-36.1602E-03
-2.5715000E+00,-9.4089E-03,-38.6727E-03
-2.5710000E+00,-8.9064E-03,-41.2858E-03
-2.5705000E+00,-9.3084E-03,-43.7984E-03
-2.5700000E+00,-9.2079E-03,-46.3109E-03
-2.5695000E+00,-9.6099E-03,-48.7230E-03
-2.5690000E+00,-9.5094E-03,-51.4366E-03
-2.5685000E+00,-9.4089E-03,-53.4466E-03
-2.5680000E+00,-9.1074E-03,-52.0396E-03
-2.5675000E+00,-9.1074E-03,-49.6275E-03
-2.5670000E+00,-9.1074E-03,-46.9139E-03
-2.5665000E+00,-8.8059E-03,-44.4014E-03
-2.5660000E+00,-8.7054E-03,-41.6878E-03
-2.5655000E+00,-8.5044E-03,-39.6778E-03
-2.5650000E+00,-8.6049E-03,-36.9642E-03
-2.5645000E+00,-8.5044E-03,-34.3511E-03
-2.5640000E+00,-8.2029E-03,-31.8386E-03
-2.5635000E+00,-8.0019E-03,-29.5270E-03
-2.5630000E+00,-7.9014E-03,-27.0144E-03
-2.5625000E+00,-8.2029E-03,-24.0999E-03
-2.5620000E+00,-7.8009E-03,-21.6878E-03
-2.5615000E+00,-7.5999E-03,-19.3763E-03
-2.5610000E+00,-7.9014E-03,-17.5672E-03
-2.5605000E+00,-7.9014E-03,-14.7531E-03
-2.5600000E+00,-7.3989E-03,-11.8386E-03
-2.5595000E+00,-7.0974E-03,-9.7280E-03
-2.5590000E+00,-7.5999E-03,-7.0144E-03
-2.5585000E+00,-7.2984E-03,-4.4014E-03
-2.5580000E+00,-7.5999E-03,-2.2908E-03
-2.5575000E+00,-7.0974E-03,+121.2E-06
-2.5570000E+00,-7.4994E-03,+2.9353E-03
-2.5565000E+00,-7.1979E-03,+5.0459E-03
-2.5560000E+00,-7.0974E-03,+7.3574E-03
-2.5555000E+00,-7.0974E-03,+10.1715E-03
-2.5550000E+00,-6.6954E-03,+12.9856E-03
-2.5545000E+00,-6.6954E-03,+15.2971E-03
-2.5540000E+00,-6.6954E-03,+17.6087E-03
-2.5535000E+00,-6.8964E-03,+20.0207E-03
-2.5530000E+00,-6.4943E-03,+23.0358E-03
-2.5525000E+00,-6.7959E-03,+25.3474E-03
-2.5520000E+00,-6.8964E-03,+28.0609E-03
-2.5515000E+00,-6.3938E-03,+30.4730E-03
-2.5510000E+00,-6.4943E-03,+33.1866E-03
-2.5505000E+00,-6.2933E-03,+35.4981E-03
-2.5500000E+00,-6.2933E-03,+38.2117E-03
-2.5495000E+00,-5.8913E-03,+40.6237E-03
-2.5490000E+00,-5.9918E-03,+42.4328E-03
-2.5485000E+00,-6.0923E-03,+45.3474E-03
-2.5480000E+00,-6.2933E-03,+43.9403E-03
-2.5475000E+00,-6.0923E-03,+41.8298E-03
-2.5470000E+00,-5.5898E-03,+39.0157E-03
-2.5465000E+00,-5.8913E-03,+36.3021E-03
-2.5460000E+00,-6.3938E-03,+33.4881E-03
-2.5455000E+00,-5.7908E-03,+30.9755E-03
-2.5450000E+00,-6.2933E-03,+28.2619E-03
-2.5445000E+00,-6.7959E-03,+26.2519E-03
-2.5440000E+00,-6.2933E-03,+23.7393E-03
-2.5435000E+00,-6.6954E-03,+21.3273E-03
-2.5430000E+00,-6.3938E-03,+18.5132E-03
-2.5425000E+00,-6.6954E-03,+16.2016E-03
-2.5420000E+00,-6.5948E-03,+13.7896E-03
-2.5415000E+00,-6.7959E-03,+10.9755E-03
-2.5410000E+00,-6.9969E-03,+8.2619E-03
-2.5405000E+00,-7.1979E-03,+6.1514E-03
-2.5400000E+00,-7.3989E-03,+3.5383E-03
-2.5395000E+00,-7.7004E-03,+1.3273E-03
-2.5390000E+00,-7.3989E-03,-1.2858E-03
-2.5385000E+00,-7.4994E-03,-3.8989E-03
-2.5380000E+00,-7.7004E-03,-6.1099E-03
-2.5375000E+00,-8.2029E-03,-8.6225E-03
-2.5370000E+00,-7.8009E-03,-10.9340E-03
-2.5365000E+00,-7.4994E-03,-13.7481E-03
-2.5360000E+00,-7.9014E-03,-16.4617E-03
-2.5355000E+00,-8.6049E-03,-18.7732E-03
-2.5350000E+00,-8.5044E-03,-21.0848E-03
-2.5345000E+00,-8.2029E-03,-23.7984E-03
-2.5340000E+00,-8.5044E-03,-26.1099E-03
-2.5335000E+00,-8.8059E-03,-28.8235E-03
-2.5330000E+00,-8.5044E-03,-30.8335E-03
-2.5325000E+00,-8.6049E-03,-33.6476E-03
-2.5320000E+00,-8.9064E-03,-35.9592E-03
-2.5315000E+00,-9.3084E-03,-38.5722E-03
-2.5310000E+00,-9.2079E-03,-40.8838E-03
-2.5305000E+00,-9.3084E-03,-43.5974E-03
-2.5300000E+00,-9.2079E-03,-45.8084E-03
-2.5295000E+00,-9.3084E-03,-48.2205E-03
-2.5290000E+00,-9.6099E-03,-50.8335E-03
-2.5285000E+00,-9.8109E-03,-53.4466E-03
-2.5280000E+00,-9.5094E-03,-52.3411E-03
-2.5275000E+00,-9.1074E-03,-49.4265E-03
-2.5270000E+00,-9.4089E-03,-46.6124E-03
-2.5265000E+00,-9.0069E-03,-43.6979E-03
-2.5260000E+00,-8.8059E-03,-41.9893E-03
-2.5255000E+00,-8.8059E-03,-38.5722E-03
-2.5250000E+00,-8.6049E-03,-36.8637E-03
-2.5245000E+00,-8.9064E-03,-34.0496E-03
-2.5240000E+00,-7.8009E-03,-32.3411E-03
-2.5235000E+00,-8.0019E-03,-29.4265E-03
-2.5230000E+00,-8.1024E-03,-27.1149E-03
-2.5225000E+00,-8.1024E-03,-24.2004E-03
-2.5220000E+00,-8.1024E-03,-21.8888E-03
-2.5215000E+00,-7.9014E-03,-19.2758E-03
-2.5210000E+00,-7.4994E-03,-16.9642E-03
-2.5205000E+00,-7.7004E-03,-14.4516E-03
-2.5200000E+00,-7.2984E-03,-12.1401E-03
-2.5195000E+00,-7.5999E-03,-9.2255E-03
-2.5190000E+00,-7.5999E-03,-7.2155E-03
-2.5185000E+00,-7.7004E-03,-4.4014E-03
-2.5180000E+00,-7.2984E-03,-2.1903E-03
-2.5175000E+00,-7.1979E-03,+121.2E-06
-2.5170000E+00,-7.5999E-03,+2.7343E-03
-2.5165000E+00,-8.2029E-03,+5.1464E-03
-2.5160000E+00,-7.4994E-03,+8.0609E-03
-2.5155000E+00,-7.3989E-03,+9.9705E-03
-2.5150000E+00,-7.3989E-03,+12.8850E-03
-2.5145000E+00,-7.4994E-03,+15.0961E-03
-2.5140000E+00,-7.4994E-03,+17.6087E-03
-2.5135000E+00,-6.9969E-03,+20.2217E-03
-2.5130000E+00,-7.2984E-03,+22.8348E-03
-2.5125000E+00,-7.1979E-03,+25.4479E-03
-2.5120000E+00,-6.9969E-03,+27.8599E-03
-2.5115000E+00,-6.7959E-03,+30.5735E-03
-2.5110000E+00,-6.8964E-03,+33.1866E-03
-2.5105000E+00,-6.5948E-03,+35.4981E-03
-2.5100000E+00,-6.6954E-03,+37.7092E-03
-2.5095000E+00,-6.4943E-03,+40.6237E-03
-2.5090000E+00,-6.2933E-03,+43.0358E-03
-2.5085000E+00,-6.3938E-03,+44.9454E-03
-2.5080000E+00,-6.3938E-03,+43.5383E-03
-2.5075000E+00,-6.2933E-03,+40.7242E-03
-2.5070000E+00,-6.5948E-03,+38.6137E-03
-2.5065000E+00,-6.5948E-03,+36.3021E-03
-2.5060000E+00,-6.1928E-03,+33.6891E-03
-2.5055000E+00,-6.3938E-03,+30.8750E-03
-2.5050000E+00,-6.3938E-03,+28.6639E-03
-2.5045000E+00,-6.4943E-03,+26.1514E-03
-2.5040000E+00,-6.7959E-03,+23.5383E-03
-2.5035000E+00,-6.4943E-03,+21.3273E-03
-2.5030000E+00,-6.5948E-03,+18.5132E-03
-2.5025000E+00,-6.7959E-03,+16.3021E-03
-2.5020000E+00,-7.1979E-03,+13.4881E-03
-2.5015000E+00,-6.9969E-03,+11.0760E-03
-2.5010000E+00,-6.9969E-03,+8.4629E-03
-2.5005000E+00,-7.2984E-03,+5.7494E-03
-2.5000000E+00,-8.0019E-03,+3.2368E-03
-2.4995000E+00,-7.8009E-03,+1.1263E-03
-2.4990000E+00,-7.5999E-03,-1.4868E-03
-2.4985000E+00,-7.5999E-03,-3.8989E-03
-2.4980000E+00,-7.9014E-03,-6.6124E-03
-2.4975000E+00,-8.4039E-03,-8.7230E-03
-2.4970000E+00,-8.2029E-03,-11.4366E-03
-2.4965000E+00,-7.9014E-03,-14.0496E-03
-2.4960000E+00,-8.3034E-03,-16.0597E-03
-2.4955000E+00,-8.6049E-03,-18.6727E-03
-2.4950000E+00,-8.6049E-03,-21.1853E-03
-2.4945000E+00,-8.9064E-03,-23.5974E-03
-2.4940000E+00,-9.0069E-03,-26.4114E-03
-2.4935000E+00,-9.1074E-03,-28.7230E-03
-2.4930000E+00,-9.0069E-03,-31.2356E-03
-2.4925000E+00,-9.1074E-03,-34.0496E-03
-2.4920000E+00,-8.9064E-03,-36.3612E-03
-2.4915000E+00,-9.0069E-03,-38.6727E-03
-2.4910000E+00,-9.6099E-03,-41.4868E-03
-2.4905000E+00,-9.2079E-03,-43.8989E-03
-2.4900000E+00,-9.6099E-03,-46.0094E-03
-2.4895000E+00,-9.3084E-03,-48.9240E-03
-2.4890000E+00,-9.9114E-03,-51.2356E-03
-2.4885000E+00,-9.9114E-03,-53.5471E-03
-2.4880000E+00,-9.7104E-03,-51.8386E-03
-2.4875000E+00,-9.6099E-03,-49.6275E-03
-2.4870000E+00,-9.4089E-03,-47.1149E-03
-2.4865000E+00,-9.4089E-03,-44.5019E-03
-2.4860000E+00,-8.7054E-03,-41.9893E-03
-2.4855000E+00,-8.9064E-03,-39.4768E-03
-2.4850000E+00,-8.9064E-03,-37.1652E-03
-2.4845000E+00,-8.4039E-03,-34.2506E-03
-2.4840000E+00,-8.1024E-03,-31.7381E-03
-2.4835000E+00,-8.2029E-03,-29.8285E-03
-2.4830000E+00,-8.5044E-03,-26.5119E-03
-2.4825000E+00,-8.5044E-03,-24.0999E-03
-2.4820000E+00,-8.4039E-03,-22.4918E-03
-2.4815000E+00,-8.3034E-03,-19.8788E-03
-2.4810000E+00,-8.0019E-03,-17.1652E-03
-2.4805000E+00,-8.3034E-03,-14.8536E-03
-2.4800000E+00,-7.9014E-03,-12.6426E-03
-2.4795000E+00,-7.7004E-03,-9.7280E-03
-2.4790000E+00,-7.9014E-03,-7.3160E-03
-2.4785000E+00,-8.0019E-03,-4.4014E-03
-2.4780000E+00,-7.8009E-03,-2.7933E-03
-2.4775000E+00,-7.7004E-03,+20.7E-06
-2.4770000E+00,-7.8009E-03,+2.9353E-03
-2.4765000E+00,-8.0019E-03,+5.4479E-03
-2.4760000E+00,-7.3989E-03,+7.6589E-03
-2.4755000E+00,-7.1979E-03,+10.0710E-03
-2.4750000E+00,-8.0019E-03,+12.5835E-03
-2.4745000E+00,-7.5999E-03,+15.1966E-03
-2.4740000E+00,-7.1979E-03,+17.7092E-03
-2.4735000E+00,-7.3989E-03,+20.4227E-03
-2.4730000E+00,-7.5999E-03,+22.8348E-03
-2.4725000E+00,-7.5999E-03,+25.4479E-03
-2.4720000E+00,-7.0974E-03,+27.9604E-03
-2.4715000E+00,-6.7959E-03,+30.5735E-03
-2.4710000E+00,-6.9969E-03,+32.9856E-03
-2.4705000E+00,-6.8964E-03,+35.3976E-03
-2.4700000E+00,-6.7959E-03,+38.0107E-03
-2.4695000E+00,-6.4943E-03,+40.5232E-03
-2.4690000E+00,-6.2933E-03,+43.2368E-03
-2.4685000E+00,-6.3938E-03,+45.0459E-03
-2.4680000E+00,-6.7959E-03,+43.5383E-03
-2.4675000E+00,-6.5948E-03,+41.4278E-03
-2.4670000E+00,-6.0923E-03,+39.1162E-03
-2.4665000E+00,-6.3938E-03,+36.3021E-03
-2.4660000E+00,-6.6954E-03,+33.9906E-03
-2.4655000E+00,-6.2933E-03,+30.9755E-03
-2.4650000E+00,-6.2933E-03,+28.8649E-03
-2.4645000E+00,-6.6954E-03,+26.1514E-03
-2.4640000E+00,-6.9969E-03,+23.2368E-03
-2.4635000E+00,-6.7959E-03,+21.1263E-03
-2.4630000E+00,-6.7959E-03,+18.4127E-03
-2.4625000E+00,-6.5948E-03,+15.9001E-03
-2.4620000E+00,-6.8964E-03,+13.7896E-03
-2.4615000E+00,-6.9969E-03,+11.2770E-03
-2.4610000E+00,-6.9969E-03,+8.8649E-03
-2.4605000E+00,-7.2984E-03,+5.8499E-03
-2.4600000E+00,-7.3989E-03,+3.8398E-03
-2.4595000E+00,-7.5999E-03,+925.3E-06
-2.4590000E+00,-7.5999E-03,-1.4868E-03
-2.4585000E+00,-7.8009E-03,-3.6979E-03
-2.4580000E+00,-8.0019E-03,-6.9139E-03
-2.4575000E+00,-8.2029E-03,-9.0245E-03
-2.4570000E+00,-7.8009E-03,-11.3361E-03
-2.4565000E+00,-8.1024E-03,-13.8486E-03
-2.4560000E+00,-8.3034E-03,-16.5622E-03
-2.4555000E+00,-8.4039E-03,-19.0747E-03
-2.4550000E+00,-8.4039E-03,-21.3863E-03
-2.4545000E+00,-8.9064E-03,-24.0999E-03
-2.4540000E+00,-9.1074E-03,-26.3109E-03
-2.4535000E+00,-9.0069E-03,-28.8235E-03
-2.4530000E+00,-8.7054E-03,-31.4366E-03
-2.4525000E+00,-8.8059E-03,-33.9491E-03
-2.4520000E+00,-8.8059E-03,-36.2607E-03
-2.4515000E+00,-9.2079E-03,-38.4717E-03
-2.4510000E+00,-9.2079E-03,-41.1853E-03
-2.4505000E+00,-9.2079E-03,-43.4969E-03
-2.4500000E+00,-9.5094E-03,-45.8084E-03
-2.4495000E+00,-9.5094E-03,-48.7230E-03
-2.4490000E+00,-9.4089E-03,-51.1350E-03
-2.4485000E+00,-9.6099E-03,-53.6476E-03
-2.4480000E+00,-9.2079E-03,-51.7381E-03
-2.4475000E+00,-9.5094E-03,-49.7280E-03
-2.4470000E+00,-8.9064E-03,-47.3160E-03
-2.4465000E+00,-8.7054E-03,-44.4014E-03
-2.4460000E+00,-8.6049E-03,-41.8888E-03
-2.4455000E+00,-8.5044E-03,-39.7783E-03
-2.4450000E+00,-8.3034E-03,-36.8637E-03
-2.4445000E+00,-8.5044E-03,-34.6526E-03
-2.4440000E+00,-8.3034E-03,-31.8386E-03
-2.4435000E+00,-8.4039E-03,-29.5270E-03
-2.4430000E+00,-8.3034E-03,-27.0144E-03
-2.4425000E+00,-8.1024E-03,-24.8034E-03
-2.4420000E+00,-8.0019E-03,-21.9893E-03
-2.4415000E+00,-8.2029E-03,-19.6778E-03
-2.4410000E+00,-7.9014E-03,-17.1652E-03
-2.4405000E+00,-7.9014E-03,-14.7531E-03
-2.4400000E+00,-7.5999E-03,-12.1401E-03
-2.4395000E+00,-7.9014E-03,-9.8285E-03
-2.4390000E+00,-7.3989E-03,-7.4165E-03
-2.4385000E+00,-7.7004E-03,-4.6024E-03
-2.4380000E+00,-7.2984E-03,-2.2908E-03
-2.4375000E+00,-7.7004E-03,+221.7E-06
-2.4370000E+00,-7.7004E-03,+2.8348E-03
-2.4365000E+00,-7.3989E-03,+5.0459E-03
-2.4360000E+00,-7.4994E-03,+7.5584E-03
-2.4355000E+00,-7.1979E-03,+10.1715E-03
-2.4350000E+00,-7.4994E-03,+13.2871E-03
-2.4345000E+00,-7.7004E-03,+15.2971E-03
-2.4340000E+00,-7.3989E-03,+17.6087E-03
-2.4335000E+00,-7.2984E-03,+20.4227E-03
-2.4330000E+00,-7.3989E-03,+22.9353E-03
-2.4325000E+00,-7.0974E-03,+25.0459E-03
-2.4320000E+00,-6.8964E-03,+27.4579E-03
-2.4315000E+00,-6.4943E-03,+30.1715E-03
-2.4310000E+00,-7.0974E-03,+32.6840E-03
-2.4305000E+00,-6.4943E-03,+35.5986E-03
-2.4300000E+00,-6.8964E-03,+38.2117E-03
-2.4295000E+00,-6.5948E-03,+39.9202E-03
-2.4290000E+00,-6.5948E-03,+42.7343E-03
-2.4285000E+00,-6.2933E-03,+44.8448E-03
-2.4280000E+00,-6.2933E-03,+44.0408E-03
-2.4275000E+00,-6.0923E-03,+41.1263E-03
-2.4270000E+00,-6.1928E-03,+38.5132E-03
-2.4265000E+00,-5.9918E-03,+36.3021E-03
-2.4260000E+00,-6.4943E-03,+33.7896E-03
-2.4255000E+00,-6.1928E-03,+30.9755E-03
-2.4250000E+00,-6.3938E-03,+28.7644E-03
-2.4245000E+00,-6.4943E-03,+25.8499E-03
-2.4240000E+00,-6.4943E-03,+23.4378E-03
-2.4235000E+00,-6.3938E-03,+20.6237E-03
-2.4230000E+00,-6.7959E-03,+18.6137E-03
-2.4225000E+00,-6.7959E-03,+16.0006E-03
-2.4220000E+00,-6.6954E-03,+13.4881E-03
-2.4215000E+00,-6.8964E-03,+11.3775E-03
-2.4210000E+00,-7.0974E-03,+8.6639E-03
-2.4205000E+00,-6.9969E-03,+6.2519E-03
-2.4200000E+00,-7.0974E-03,+3.2368E-03
-2.4195000E+00,-7.1979E-03,+1.4278E-03
-2.4190000E+00,-7.1979E-03,-1.1853E-03
-2.4185000E+00,-7.2984E-03,-4.0999E-03
-2.4180000E+00,-7.5999E-03,-6.2104E-03
-2.4175000E+00,-7.9014E-03,-8.7230E-03
-2.4170000E+00,-7.4994E-03,-11.4366E-03
-2.4165000E+00,-7.7004E-03,-13.6476E-03
-2.4160000E+00,-8.2029E-03,-16.2607E-03
-2.4155000E+00,-8.3034E-03,-18.6727E-03
-2.4150000E+00,-7.7004E-03,-21.6878E-03
-2.4145000E+00,-8.3034E-03,-23.2959E-03
-2.4140000E+00,-8.4039E-03,-26.2104E-03
-2.4135000E+00,-8.7054E-03,-28.6225E-03
-2.4130000E+00,-8.5044E-03,-31.4366E-03
-2.4125000E+00,-8.4039E-03,-33.2456E-03
-2.4120000E+00,-8.9064E-03,-35.8587E-03
-2.4115000E+00,-9.0069E-03,-38.2707E-03
-2.4110000E+00,-8.8059E-03,-40.4818E-03
-2.4105000E+00,-8.8059E-03,-43.3964E-03
-2.4100000E+00,-9.1074E-03,-45.7079E-03
-2.4095000E+00,-9.6099E-03,-48.3210E-03
-2.4090000E+00,-9.3084E-03,-50.9340E-03
-2.4085000E+00,-9.5094E-03,-53.3461E-03
-2.4080000E+00,-9.2079E-03,-51.6376E-03
-2.4075000E+00,-9.2079E-03,-49.1250E-03
-2.4070000E+00,-8.9064E-03,-46.8134E-03
-2.4065000E+00,-8.7054E-03,-44.5019E-03
-2.4060000E+00,-8.9064E-03,-41.7883E-03
-2.4055000E+00,-9.4089E-03,-39.2758E-03
-2.4050000E+00,-8.4039E-03,-36.8637E-03
-2.4045000E+00,-8.2029E-03,-34.3511E-03
-2.4040000E+00,-8.4039E-03,-31.7381E-03
-2.4035000E+00,-8.4039E-03,-29.4265E-03
-2.4030000E+00,-8.0019E-03,-26.8134E-03
-2.4025000E+00,-7.4994E-03,-24.5019E-03
-2.4020000E+00,-7.3989E-03,-21.9893E-03
-2.4015000E+00,-7.8009E-03,-19.4768E-03
-2.4010000E+00,-7.8009E-03,-16.7632E-03
-2.4005000E+00,-7.5999E-03,-14.5521E-03
-2.4000000E+00,-7.0974E-03,-11.3361E-03
-2.3995000E+00,-8.0019E-03,-9.5270E-03
-2.3990000E+00,-7.7004E-03,-7.0144E-03
-2.3985000E+00,-7.1979E-03,-4.5019E-03
-2.3980000E+00,-7.2984E-03,-2.2908E-03
-2.3975000E+00,-7.3989E-03,+523.2E-06
-2.3970000E+00,-7.5999E-03,+2.9353E-03
-2.3965000E+00,-7.2984E-03,+5.2469E-03
-2.3960000E+00,-6.7959E-03,+7.4579E-03
-2.3955000E+00,-7.1979E-03,+10.4730E-03
-2.3950000E+00,-7.3989E-03,+12.9856E-03
-2.3945000E+00,-7.0974E-03,+15.9001E-03
-2.3940000E+00,-6.9969E-03,+17.8097E-03
-2.3935000E+00,-6.7959E-03,+20.6237E-03
-2.3930000E+00,-7.0974E-03,+23.4378E-03
-2.3925000E+00,-6.8964E-03,+25.6489E-03
-2.3920000E+00,-6.7959E-03,+27.9604E-03
-2.3915000E+00,-6.7959E-03,+30.3725E-03
-2.3910000E+00,-6.8964E-03,+32.2820E-03
-2.3905000E+00,-6.9969E-03,+35.3976E-03
-2.3900000E+00,-6.4943E-03,+38.0107E-03
-2.3895000E+00,-5.8913E-03,+40.5232E-03
-2.3890000E+00,-6.4943E-03,+42.5333E-03
-2.3885000E+00,-6.5948E-03,+45.4479E-03
-2.3880000E+00,-5.8913E-03,+44.0408E-03
-2.3875000E+00,-6.0923E-03,+41.4278E-03
-2.3870000E+00,-6.2933E-03,+38.8147E-03
-2.3865000E+00,-6.3938E-03,+36.1011E-03
-2.3860000E+00,-6.5948E-03,+33.4881E-03
-2.3855000E+00,-5.9918E-03,+30.7745E-03
-2.3850000E+00,-6.5948E-03,+28.4629E-03
-2.3845000E+00,-6.6954E-03,+26.3524E-03
-2.3840000E+00,-6.2933E-03,+24.0408E-03
-2.3835000E+00,-6.1928E-03,+20.8247E-03
-2.3830000E+00,-6.2933E-03,+18.9152E-03
-2.3825000E+00,-6.6954E-03,+16.2016E-03
-2.3820000E+00,-6.6954E-03,+13.4881E-03
-2.3815000E+00,-6.5948E-03,+10.8750E-03
-2.3810000E+00,-7.0974E-03,+8.4629E-03
-2.3805000E+00,-7.0974E-03,+5.6489E-03
-2.3800000E+00,-6.9969E-03,+3.3373E-03
-2.3795000E+00,-7.0974E-03,+1.2268E-03
-2.3790000E+00,-6.8964E-03,-1.2858E-03
-2.3785000E+00,-7.8009E-03,-3.7984E-03
-2.3780000E+00,-7.4994E-03,-6.8134E-03
-2.3775000E+00,-7.4994E-03,-8.8235E-03
-2.3770000E+00,-7.8009E-03,-11.3361E-03
-2.3765000E+00,-7.8009E-03,-13.5471E-03
-2.3760000E+00,-8.0019E-03,-16.1602E-03
-2.3755000E+00,-8.0019E-03,-18.6727E-03
-2.3750000E+00,-8.3034E-03,-20.9843E-03
-2.3745000E+00,-8.1024E-03,-23.6979E-03
-2.3740000E+00,-8.8059E-03,-26.4114E-03
-2.3735000E+00,-8.6049E-03,-28.7230E-03
-2.3730000E+00,-8.8059E-03,-31.5371E-03
-2.3725000E+00,-8.4039E-03,-33.5471E-03
-2.3720000E+00,-8.6049E-03,-36.6627E-03
-2.3715000E+00,-8.8059E-03,-38.5722E-03
-2.3710000E+00,-8.7054E-03,-41.6878E-03
-2.3705000E+00,-8.7054E-03,-43.8989E-03
-2.3700000E+00,-9.4089E-03,-45.9089E-03
-2.3695000E+00,-9.3084E-03,-48.7230E-03
-2.3690000E+00,-9.5094E-03,-51.4366E-03
-2.3685000E+00,-9.1074E-03,-53.3461E-03
-2.3680000E+00,-9.2079E-03,-51.7381E-03
-2.3675000E+00,-9.3084E-03,-49.4265E-03
-2.3670000E+00,-8.8059E-03,-46.9139E-03
-2.3665000E+00,-8.5044E-03,-44.2004E-03
-2.3660000E+00,-8.4039E-03,-41.9893E-03
-2.3655000E+00,-8.9064E-03,-39.3763E-03
-2.3650000E+00,-8.3034E-03,-36.7632E-03
-2.3645000E+00,-7.7004E-03,-34.3511E-03
-2.3640000E+00,-8.1024E-03,-31.9391E-03
-2.3635000E+00,-8.0019E-03,-29.5270E-03
-2.3630000E+00,-7.8009E-03,-26.6124E-03
-2.3625000E+00,-7.9014E-03,-25.0044E-03
-2.3620000E+00,-7.3989E-03,-21.8888E-03
-2.3615000E+00,-8.0019E-03,-19.5773E-03
-2.3610000E+00,-7.7004E-03,-16.8637E-03
-2.3605000E+00,-7.7004E-03,-14.4516E-03
-2.3600000E+00,-7.3989E-03,-11.9391E-03
-2.3595000E+00,-7.7004E-03,-9.6275E-03
-2.3590000E+00,-7.5999E-03,-6.9139E-03
-2.3585000E+00,-7.5999E-03,-4.6024E-03
-2.3580000E+00,-7.3989E-03,-2.1903E-03
-2.3575000E+00,-8.0019E-03,+20.7E-06
-2.3570000E+00,-7.7004E-03,+2.7343E-03
-2.3565000E+00,-7.4994E-03,+5.3474E-03
-2.3560000E+00,-6.9969E-03,+7.9604E-03
-2.3555000E+00,-7.3989E-03,+10.2720E-03
-2.3550000E+00,-7.4994E-03,+12.5835E-03
-2.3545000E+00,-7.2984E-03,+15.5986E-03
-2.3540000E+00,-6.6954E-03,+17.7092E-03
-2.3535000E+00,-6.9969E-03,+19.9202E-03
-2.3530000E+00,-6.8964E-03,+22.8348E-03
-2.3525000E+00,-6.8964E-03,+25.3474E-03
-2.3520000E+00,-6.9969E-03,+27.9604E-03
-2.3515000E+00,-6.8964E-03,+30.7745E-03
-2.3510000E+00,-6.7959E-03,+32.4830E-03
-2.3505000E+00,-6.3938E-03,+35.2971E-03
-2.3500000E+00,-6.1928E-03,+38.1112E-03
-2.3495000E+00,-6.1928E-03,+40.6237E-03
-2.3490000E+00,-6.8964E-03,+42.9353E-03
-2.3485000E+00,-6.3938E-03,+45.2469E-03
-2.3480000E+00,-6.1928E-03,+43.5383E-03
-2.3475000E+00,-5.8913E-03,+41.1263E-03
-2.3470000E+00,-6.1928E-03,+38.1112E-03
-2.3465000E+00,-5.9918E-03,+36.6036E-03
-2.3460000E+00,-6.0923E-03,+33.4881E-03
-2.3455000E+00,-6.0923E-03,+31.0760E-03
-2.3450000E+00,-6.6954E-03,+28.1614E-03
-2.3445000E+00,-5.9918E-03,+26.0509E-03
-2.3440000E+00,-6.6954E-03,+23.7393E-03
-2.3435000E+00,-6.2933E-03,+20.7242E-03
-2.3430000E+00,-6.4943E-03,+18.3122E-03
-2.3425000E+00,-6.9969E-03,+16.0006E-03
-2.3420000E+00,-6.8964E-03,+13.2871E-03
-2.3415000E+00,-6.9969E-03,+10.9755E-03
-2.3410000E+00,-7.2984E-03,+8.3624E-03
-2.3405000E+00,-7.2984E-03,+5.8499E-03
-2.3400000E+00,-7.5999E-03,+3.4378E-03
-2.3395000E+00,-7.3989E-03,+925.3E-06
-2.3390000E+00,-7.1979E-03,-1.3863E-03
-2.3385000E+00,-7.5999E-03,-3.8989E-03
-2.3380000E+00,-8.0019E-03,-6.3109E-03
-2.3375000E+00,-7.5999E-03,-9.0245E-03
-2.3370000E+00,-7.2984E-03,-10.9340E-03
-2.3365000E+00,-8.0019E-03,-14.0496E-03
-2.3360000E+00,-8.1024E-03,-16.5622E-03
-2.3355000E+00,-8.3034E-03,-18.6727E-03
-2.3350000E+00,-8.0019E-03,-21.5873E-03
-2.3345000E+00,-8.4039E-03,-24.5019E-03
-2.3340000E+00,-8.7054E-03,-26.0094E-03
-2.3335000E+00,-8.8059E-03,-28.7230E-03
-2.3330000E+00,-8.5044E-03,-31.7381E-03
-2.3325000E+00,-8.8059E-03,-33.9491E-03
-2.3320000E+00,-9.2079E-03,-36.8637E-03
-2.3315000E+00,-9.0069E-03,-38.7732E-03
-2.3310000E+00,-8.8059E-03,-41.3863E-03
-2.3305000E+00,-8.9064E-03,-43.7984E-03
-2.3300000E+00,-9.4089E-03,-46.6124E-03
-2.3295000E+00,-9.5094E-03,-48.8235E-03
-2.3290000E+00,-9.5094E-03,-51.5371E-03
-2.3285000E+00,-9.1074E-03,-53.6476E-03
-2.3280000E+00,-9.8109E-03,-52.1401E-03
-2.3275000E+00,-9.5094E-03,-49.8285E-03
-2.3270000E+00,-9.0069E-03,-47.0144E-03
-2.3265000E+00,-8.9064E-03,-44.5019E-03
-2.3260000E+00,-9.1074E-03,-41.8888E-03
-2.3255000E+00,-8.8059E-03,-39.2758E-03
-2.3250000E+00,-8.4039E-03,-37.1652E-03
-2.3245000E+00,-8.7054E-03,-34.7531E-03
-2.3240000E+00,-8.5044E-03,-32.0396E-03
-2.3235000E+00,-8.3034E-03,-29.5270E-03
-2.3230000E+00,-8.3034E-03,-27.2155E-03
-2.3225000E+00,-8.1024E-03,-25.0044E-03
-2.3220000E+00,-8.2029E-03,-21.9893E-03
-2.3215000E+00,-8.0019E-03,-19.3763E-03
-2.3210000E+00,-7.9014E-03,-16.9642E-03
-2.3205000E+00,-7.7004E-03,-14.4516E-03
-2.3200000E+00,-7.9014E-03,-12.2406E-03
-2.3195000E+00,-7.9014E-03,-9.8285E-03
-2.3190000E+00,-7.7004E-03,-7.1149E-03
-2.3185000E+00,-7.5999E-03,-4.9039E-03
-2.3180000E+00,-7.4994E-03,-2.2908E-03
-2.3175000E+00,-8.0019E-03,+121.2E-06
-2.3170000E+00,-7.4994E-03,+2.9353E-03
-2.3165000E+00,-7.3989E-03,+5.0459E-03
-2.3160000E+00,-7.7004E-03,+7.6589E-03
-2.3155000E+00,-7.5999E-03,+10.3725E-03
-2.3150000E+00,-7.3989E-03,+12.6840E-03
-2.3145000E+00,-6.9969E-03,+14.9956E-03
-2.3140000E+00,-7.2984E-03,+17.7092E-03
-2.3135000E+00,-7.0974E-03,+19.9202E-03
-2.3130000E+00,-7.1979E-03,+23.3373E-03
-2.3125000E+00,-6.8964E-03,+25.5484E-03
-2.3120000E+00,-6.9969E-03,+27.7594E-03
-2.3115000E+00,-6.8964E-03,+30.3725E-03
-2.3110000E+00,-6.7959E-03,+32.8850E-03
-2.3105000E+00,-6.2933E-03,+35.1966E-03
-2.3100000E+00,-6.0923E-03,+38.0107E-03
-2.3095000E+00,-6.5948E-03,+40.1212E-03
-2.3090000E+00,-6.7959E-03,+42.8348E-03
-2.3085000E+00,-6.5948E-03,+44.9454E-03
-2.3080000E+00,-6.1928E-03,+43.7393E-03
-2.3075000E+00,-6.4943E-03,+41.1263E-03
-2.3070000E+00,-6.3938E-03,+38.8147E-03
-2.3065000E+00,-6.3938E-03,+35.9001E-03
-2.3060000E+00,-6.0923E-03,+33.1866E-03
-2.3055000E+00,-6.0923E-03,+31.4780E-03
-2.3050000E+00,-6.4943E-03,+28.2619E-03
-2.3045000E+00,-6.4943E-03,+26.2519E-03
-2.3040000E+00,-5.9918E-03,+23.3373E-03
-2.3035000E+00,-6.1928E-03,+21.4278E-03
-2.3030000E+00,-6.4943E-03,+18.5132E-03
-2.3025000E+00,-6.7959E-03,+15.7996E-03
-2.3020000E+00,-7.1979E-03,+13.2871E-03
-2.3015000E+00,-6.6954E-03,+10.8750E-03
-2.3010000E+00,-6.7959E-03,+8.5634E-03
-2.3005000E+00,-7.1979E-03,+5.9504E-03
-2.3000000E+00,-7.0974E-03,+3.7393E-03
-2.2995000E+00,-7.2984E-03,+1.0258E-03
-2.2990000E+00,-7.1979E-03,-1.1853E-03
-2.2985000E+00,-7.3989E-03,-3.6979E-03
-2.2980000E+00,-7.7004E-03,-5.9089E-03
-2.2975000E+00,-7.4994E-03,-9.3260E-03
-2.2970000E+00,-8.0019E-03,-11.3361E-03
-2.2965000E+00,-8.3034E-03,-14.1501E-03
-2.2960000E+00,-8.1024E-03,-16.2607E-03
-2.2955000E+00,-8.3034E-03,-18.6727E-03
-2.2950000E+00,-8.4039E-03,-21.1853E-03
-2.2945000E+00,-8.6049E-03,-23.7984E-03
-2.2940000E+00,-8.6049E-03,-25.6074E-03
-2.2935000E+00,-8.7054E-03,-28.2205E-03
-2.2930000E+00,-8.8059E-03,-31.3361E-03
-2.2925000E+00,-8.9064E-03,-33.6476E-03
-2.2920000E+00,-9.0069E-03,-36.0597E-03
-2.2915000E+00,-9.1074E-03,-38.8737E-03
-2.2910000E+00,-8.7054E-03,-41.0848E-03
-2.2905000E+00,-9.2079E-03,-43.7984E-03
-2.2900000E+00,-9.3084E-03,-46.3109E-03
-2.2895000E+00,-9.4089E-03,-48.7230E-03
-2.2890000E+00,-9.2079E-03,-51.0345E-03
-2.2885000E+00,-9.5094E-03,-53.6476E-03
-2.2880000E+00,-9.4089E-03,-52.1401E-03
-2.2875000E+00,-9.1074E-03,-49.1250E-03
-2.2870000E+00,-8.8059E-03,-46.8134E-03
-2.2865000E+00,-8.8059E-03,-44.5019E-03
-2.2860000E+00,-8.9064E-03,-42.3913E-03
-2.2855000E+00,-8.9064E-03,-39.1753E-03
-2.2850000E+00,-8.7054E-03,-36.8637E-03
-2.2845000E+00,-8.1024E-03,-33.9491E-03
-2.2840000E+00,-8.2029E-03,-32.1401E-03
-2.2835000E+00,-8.0019E-03,-29.6275E-03
-2.2830000E+00,-8.1024E-03,-27.1149E-03
-2.2825000E+00,-8.2029E-03,-24.6024E-03
-2.2820000E+00,-8.1024E-03,-22.0898E-03
-2.2815000E+00,-8.3034E-03,-19.7783E-03
-2.2810000E+00,-7.8009E-03,-16.4617E-03
-2.2805000E+00,-7.4994E-03,-14.2506E-03
-2.2800000E+00,-8.0019E-03,-12.2406E-03
-2.2795000E+00,-7.4994E-03,-9.7280E-03
-2.2790000E+00,-7.7004E-03,-7.1149E-03
-2.2785000E+00,-7.3989E-03,-4.2004E-03
-2.2780000E+00,-7.3989E-03,-2.1903E-03
-2.2775000E+00,-7.2984E-03,+221.7E-06
-2.2770000E+00,-7.3989E-03,+2.9353E-03
-2.2765000E+00,-7.3989E-03,+5.1464E-03
-2.2760000E+00,-6.9969E-03,+7.4579E-03
-2.2755000E+00,-7.5999E-03,+9.9705E-03
-2.2750000E+00,-7.4994E-03,+12.6840E-03
-2.2745000E+00,-7.2984E-03,+15.0961E-03
-2.2740000E+00,-7.0974E-03,+17.5082E-03
-2.2735000E+00,-7.4994E-03,+20.4227E-03
-2.2730000E+00,-7.0974E-03,+22.9353E-03
-2.2725000E+00,-6.8964E-03,+25.5484E-03
-2.2720000E+00,-6.8964E-03,+27.6589E-03
-2.2715000E+00,-6.5948E-03,+30.2720E-03
-2.2710000E+00,-6.8964E-03,+32.8850E-03
-2.2705000E+00,-6.6954E-03,+35.2971E-03
-2.2700000E+00,-6.1928E-03,+37.8097E-03
-2.2695000E+00,-6.1928E-03,+40.2217E-03
-2.2690000E+00,-6.4943E-03,+42.9353E-03
-2.2685000E+00,-6.1928E-03,+44.9454E-03
-2.2680000E+00,-6.0923E-03,+44.0408E-03
-2.2675000E+00,-6.1928E-03,+41.4278E-03
-2.2670000E+00,-6.2933E-03,+38.6137E-03
-2.2665000E+00,-6.3938E-03,+36.2016E-03
-2.2660000E+00,-6.1928E-03,+33.5886E-03
-2.2655000E+00,-6.1928E-03,+31.4780E-03
-2.2650000E+00,-6.7959E-03,+28.4629E-03
-2.2645000E+00,-6.3938E-03,+26.1514E-03
-2.2640000E+00,-5.9918E-03,+23.6388E-03
-2.2635000E+00,-6.6954E-03,+20.9253E-03
-2.2630000E+00,-6.7959E-03,+18.5132E-03
-2.2625000E+00,-6.6954E-03,+15.9001E-03
-2.2620000E+00,-6.5948E-03,+13.1866E-03
-2.2615000E+00,-6.3938E-03,+11.0760E-03
-2.2610000E+00,-7.1979E-03,+8.0609E-03
-2.2605000E+00,-6.8964E-03,+5.7494E-03
-2.2600000E+00,-7.2984E-03,+3.1363E-03
-2.2595000E+00,-6.8964E-03,+925.3E-06
-2.2590000E+00,-7.0974E-03,-1.5873E-03
-2.2585000E+00,-7.9014E-03,-4.4014E-03
-2.2580000E+00,-7.7004E-03,-6.4114E-03
-2.2575000E+00,-7.4994E-03,-9.0245E-03
-2.2570000E+00,-7.8009E-03,-11.7381E-03
-2.2565000E+00,-7.7004E-03,-14.0496E-03
-2.2560000E+00,-8.3034E-03,-16.3612E-03
-2.2555000E+00,-8.0019E-03,-18.9742E-03
-2.2550000E+00,-8.2029E-03,-21.2858E-03
-2.2545000E+00,-8.4039E-03,-23.9994E-03
-2.2540000E+00,-8.6049E-03,-26.1099E-03
-2.2535000E+00,-8.7054E-03,-28.8235E-03
-2.2530000E+00,-8.2029E-03,-31.4366E-03
-2.2525000E+00,-8.8059E-03,-34.0496E-03
-2.2520000E+00,-8.6049E-03,-36.0597E-03
-2.2515000E+00,-9.0069E-03,-38.7732E-03
-2.2510000E+00,-9.0069E-03,-41.2858E-03
-2.2505000E+00,-9.0069E-03,-43.4969E-03
-2.2500000E+00,-8.9064E-03,-46.2104E-03
-2.2495000E+00,-9.2079E-03,-48.9240E-03
-2.2490000E+00,-9.4089E-03,-51.4366E-03
-2.2485000E+00,-9.3084E-03,-53.3461E-03
-2.2480000E+00,-9.2079E-03,-52.0396E-03
-2.2475000E+00,-9.1074E-03,-49.3260E-03
-2.2470000E+00,-9.0069E-03,-46.8134E-03
-2.2465000E+00,-8.9064E-03,-44.2004E-03
-2.2460000E+00,-8.9064E-03,-41.8888E-03
-2.2455000E+00,-8.4039E-03,-39.2758E-03
-2.2450000E+00,-8.0019E-03,-36.9642E-03
-2.2445000E+00,-8.2029E-03,-34.2506E-03
-2.2440000E+00,-8.5044E-03,-32.1401E-03
-2.2435000E+00,-7.8009E-03,-29.4265E-03
-2.2430000E+00,-8.0019E-03,-26.7129E-03
-2.2425000E+00,-7.9014E-03,-24.5019E-03
-2.2420000E+00,-8.3034E-03,-21.7883E-03
-2.2415000E+00,-7.9014E-03,-19.2758E-03
-2.2410000E+00,-7.7004E-03,-17.2657E-03
-2.2405000E+00,-7.9014E-03,-14.3511E-03
-2.2400000E+00,-7.9014E-03,-11.9391E-03
-2.2395000E+00,-7.8009E-03,-9.9290E-03
-2.2390000E+00,-7.7004E-03,-7.0144E-03
-2.2385000E+00,-7.1979E-03,-4.6024E-03
-2.2380000E+00,-7.8009E-03,-1.9893E-03
-2.2375000E+00,-7.5999E-03,+121.2E-06
-2.2370000E+00,-7.5999E-03,+2.7343E-03
-2.2365000E+00,-7.4994E-03,+5.2469E-03
-2.2360000E+00,-7.1979E-03,+7.6589E-03
-2.2355000E+00,-7.1979E-03,+9.9705E-03
-2.2350000E+00,-7.5999E-03,+12.8850E-03
-2.2345000E+00,-7.0974E-03,+15.0961E-03
-2.2340000E+00,-7.3989E-03,+18.1112E-03
-2.2335000E+00,-7.1979E-03,+20.3222E-03
-2.2330000E+00,-7.0974E-03,+22.7343E-03
-2.2325000E+00,-6.7959E-03,+25.2469E-03
-2.2320000E+00,-6.9969E-03,+27.9604E-03
-2.2315000E+00,-7.0974E-03,+30.3725E-03
-2.2310000E+00,-6.8964E-03,+33.3876E-03
-2.2305000E+00,-6.6954E-03,+35.4981E-03
-2.2300000E+00,-6.5948E-03,+37.8097E-03
-2.2295000E+00,-6.8964E-03,+40.5232E-03
-2.2290000E+00,-6.4943E-03,+43.5383E-03
-2.2285000E+00,-6.6954E-03,+44.9454E-03
-2.2280000E+00,-6.1928E-03,+43.6388E-03
-2.2275000E+00,-6.4943E-03,+41.6288E-03
-2.2270000E+00,-6.4943E-03,+39.1162E-03
-2.2265000E+00,-6.4943E-03,+36.3021E-03
-2.2260000E+00,-6.3938E-03,+34.0911E-03
-2.2255000E+00,-6.7959E-03,+31.3775E-03
-2.2250000E+00,-6.8964E-03,+28.7644E-03
-2.2245000E+00,-6.8964E-03,+26.0509E-03
-2.2240000E+00,-6.7959E-03,+23.6388E-03
-2.2235000E+00,-7.0974E-03,+20.8247E-03
-2.2230000E+00,-6.9969E-03,+18.7142E-03
-2.2225000E+00,-7.0974E-03,+16.4026E-03
-2.2220000E+00,-6.8964E-03,+13.5886E-03
-2.2215000E+00,-7.0974E-03,+10.7745E-03
-2.2210000E+00,-6.9969E-03,+8.5634E-03
-2.2205000E+00,-7.5999E-03,+6.3524E-03
-2.2200000E+00,-7.3989E-03,+3.5383E-03
-2.2195000E+00,-7.3989E-03,+1.3273E-03
-2.2190000E+00,-7.3989E-03,-1.4868E-03
-2.2185000E+00,-7.7004E-03,-4.0999E-03
-2.2180000E+00,-7.7004E-03,-6.3109E-03
-2.2175000E+00,-7.7004E-03,-8.6225E-03
-2.2170000E+00,-8.0019E-03,-11.5371E-03
-2.2165000E+00,-7.9014E-03,-13.7481E-03
-2.2160000E+00,-8.3034E-03,-16.2607E-03
-2.2155000E+00,-8.5044E-03,-18.3712E-03
-2.2150000E+00,-8.7054E-03,-21.3863E-03
-2.2145000E+00,-8.4039E-03,-23.6979E-03
-2.2140000E+00,-8.8059E-03,-26.1099E-03
-2.2135000E+00,-8.5044E-03,-28.8235E-03
-2.2130000E+00,-8.5044E-03,-31.3361E-03
-2.2125000E+00,-9.2079E-03,-33.7481E-03
-2.2120000E+00,-9.0069E-03,-36.3612E-03
-2.2115000E+00,-8.8059E-03,-38.5722E-03
-2.2110000E+00,-8.7054E-03,-41.0848E-03
-2.2105000E+00,-9.3084E-03,-43.9994E-03
-2.2100000E+00,-9.2079E-03,-46.0094E-03
-2.2095000E+00,-9.3084E-03,-48.5220E-03
-2.2090000E+00,-9.3084E-03,-50.9340E-03
-2.2085000E+00,-9.9114E-03,-53.5471E-03
-2.2080000E+00,-9.6099E-03,-51.6376E-03
-2.2075000E+00,-9.1074E-03,-49.6275E-03
-2.2070000E+00,-8.9064E-03,-46.8134E-03
-2.2065000E+00,-9.0069E-03,-44.5019E-03
-2.2060000E+00,-8.9064E-03,-42.0898E-03
-2.2055000E+00,-8.4039E-03,-39.5773E-03
-2.2050000E+00,-8.4039E-03,-37.0647E-03
-2.2045000E+00,-8.4039E-03,-34.3511E-03
-2.2040000E+00,-8.1024E-03,-32.1401E-03
-2.2035000E+00,-8.1024E-03,-29.5270E-03
-2.2030000E+00,-7.8009E-03,-26.8134E-03
-2.2025000E+00,-8.0019E-03,-24.2004E-03
-2.2020000E+00,-7.8009E-03,-22.1903E-03
-2.2015000E+00,-7.8009E-03,-19.3763E-03
-2.2010000E+00,-7.5999E-03,-17.0647E-03
-2.2005000E+00,-7.5999E-03,-14.2506E-03
-2.2000000E+00,-7.8009E-03,-11.7381E-03
-2.1995000E+00,-7.7004E-03,-9.7280E-03
-2.1990000E+00,-7.3989E-03,-6.8134E-03
-2.1985000E+00,-7.2984E-03,-4.6024E-03
-2.1980000E+00,-7.8009E-03,-1.7883E-03
-2.1975000E+00,-7.4994E-03,+121.2E-06
-2.1970000E+00,-7.2984E-03,+2.7343E-03
-2.1965000E+00,-7.3989E-03,+5.2469E-03
-2.1960000E+00,-6.8964E-03,+7.8599E-03
-2.1955000E+00,-7.7004E-03,+10.2720E-03
-2.1950000E+00,-6.9969E-03,+12.4830E-03
-2.1945000E+00,-6.9969E-03,+15.2971E-03
-2.1940000E+00,-6.9969E-03,+18.0107E-03
-2.1935000E+00,-6.7959E-03,+20.8247E-03
-2.1930000E+00,-6.3938E-03,+23.1363E-03
-2.1925000E+00,-6.6954E-03,+25.3474E-03
-2.1920000E+00,-6.6954E-03,+27.5584E-03
-2.1915000E+00,-6.5948E-03,+30.1715E-03
-2.1910000E+00,-7.0974E-03,+32.4830E-03
-2.1905000E+00,-6.5948E-03,+35.3976E-03
-2.1900000E+00,-5.9918E-03,+37.9102E-03
-2.1895000E+00,-6.4943E-03,+40.5232E-03
-2.1890000E+00,-6.0923E-03,+43.0358E-03
-2.1885000E+00,-5.9918E-03,+44.8448E-03
-2.1880000E+00,-5.8913E-03,+43.9403E-03
-2.1875000E+00,-6.3938E-03,+41.1263E-03
-2.1870000E+00,-6.3938E-03,+38.6137E-03
-2.1865000E+00,-5.6903E-03,+36.1011E-03
-2.1860000E+00,-5.9918E-03,+33.6891E-03
-2.1855000E+00,-6.1928E-03,+30.7745E-03
-2.1850000E+00,-6.3938E-03,+28.7644E-03
-2.1845000E+00,-6.1928E-03,+26.3524E-03
-2.1840000E+00,-6.0923E-03,+23.4378E-03
-2.1835000E+00,-6.7959E-03,+21.3273E-03
-2.1830000E+00,-6.4943E-03,+18.4127E-03
-2.1825000E+00,-6.6954E-03,+15.9001E-03
-2.1820000E+00,-6.5948E-03,+13.7896E-03
-2.1815000E+00,-6.9969E-03,+10.8750E-03
-2.1810000E+00,-6.9969E-03,+8.4629E-03
-2.1805000E+00,-6.8964E-03,+6.0509E-03
-2.1800000E+00,-7.3989E-03,+3.4378E-03
-2.1795000E+00,-7.1979E-03,+824.7E-06
-2.1790000E+00,-7.3989E-03,-1.5873E-03
-2.1785000E+00,-7.0974E-03,-4.0999E-03
-2.1780000E+00,-7.3989E-03,-6.4114E-03
-2.1775000E+00,-7.5999E-03,-8.9240E-03
-2.1770000E+00,-7.8009E-03,-11.4366E-03
-2.1765000E+00,-7.8009E-03,-14.0496E-03
-2.1760000E+00,-7.9014E-03,-16.1602E-03
-2.1755000E+00,-8.2029E-03,-18.3712E-03
-2.1750000E+00,-8.4039E-03,-21.4868E-03
-2.1745000E+00,-8.5044E-03,-23.8989E-03
-2.1740000E+00,-8.3034E-03,-26.3109E-03
-2.1735000E+00,-8.2029E-03,-28.6225E-03
-2.1730000E+00,-8.7054E-03,-31.3361E-03
-2.1725000E+00,-8.8059E-03,-33.6476E-03
-2.1720000E+00,-8.6049E-03,-36.2607E-03
-2.1715000E+00,-8.4039E-03,-38.8737E-03
-2.1710000E+00,-8.8059E-03,-40.9843E-03
-2.1705000E+00,-8.9064E-03,-43.4969E-03
-2.1700000E+00,-9.2079E-03,-46.5119E-03
-2.1695000E+00,-9.0069E-03,-48.9240E-03
-2.1690000E+00,-9.3084E-03,-51.2356E-03
-2.1685000E+00,-9.8109E-03,-53.7481E-03
-2.1680000E+00,-9.2079E-03,-52.1401E-03
-2.1675000E+00,-9.0069E-03,-49.8285E-03
-2.1670000E+00,-8.5044E-03,-47.0144E-03
-2.1665000E+00,-9.0069E-03,-45.0044E-03
-2.1660000E+00,-8.5044E-03,-41.8888E-03
-2.1655000E+00,-8.7054E-03,-39.5773E-03
-2.1650000E+00,-8.3034E-03,-37.0647E-03
-2.1645000E+00,-8.1024E-03,-34.6526E-03
-2.1640000E+00,-8.5044E-03,-32.2406E-03
-2.1635000E+00,-7.8009E-03,-29.8285E-03
-2.1630000E+00,-7.7004E-03,-27.0144E-03
-2.1625000E+00,-8.0019E-03,-24.6024E-03
-2.1620000E+00,-8.1024E-03,-22.0898E-03
-2.1615000E+00,-7.4994E-03,-19.6778E-03
-2.1610000E+00,-7.5999E-03,-17.3662E-03
-2.1605000E+00,-7.4994E-03,-14.2506E-03
-2.1600000E+00,-7.7004E-03,-12.1401E-03
-2.1595000E+00,-7.3989E-03,-9.8285E-03
-2.1590000E+00,-7.1979E-03,-7.1149E-03
-2.1585000E+00,-7.0974E-03,-4.6024E-03
-2.1580000E+00,-7.0974E-03,-1.7883E-03
-2.1575000E+00,-7.5999E-03,+422.7E-06
-2.1570000E+00,-6.9969E-03,+2.6338E-03
-2.1565000E+00,-7.1979E-03,+5.2469E-03
-2.1560000E+00,-7.2984E-03,+7.8599E-03
-2.1555000E+00,-7.1979E-03,+10.2720E-03
-2.1550000E+00,-7.1979E-03,+12.6840E-03
-2.1545000E+00,-6.8964E-03,+15.5986E-03
-2.1540000E+00,-7.0974E-03,+17.7092E-03
-2.1535000E+00,-6.7959E-03,+20.1212E-03
-2.1530000E+00,-6.6954E-03,+22.7343E-03
-2.1525000E+00,-6.7959E-03,+24.8448E-03
-2.1520000E+00,-6.6954E-03,+27.7594E-03
-2.1515000E+00,-6.6954E-03,+30.4730E-03
-2.1510000E+00,-6.5948E-03,+32.8850E-03
-2.1505000E+00,-6.1928E-03,+35.0961E-03
-2.1500000E+00,-6.3938E-03,+38.0107E-03
-2.1495000E+00,-6.0923E-03,+40.5232E-03
-2.1490000E+00,-5.7908E-03,+43.4378E-03
-2.1485000E+00,-5.3888E-03,+45.2469E-03
-2.1480000E+00,-5.8913E-03,+43.7393E-03
-2.1475000E+00,-5.9918E-03,+41.3273E-03
-2.1470000E+00,-5.6903E-03,+38.7142E-03
-2.1465000E+00,-5.5898E-03,+36.1011E-03
-2.1460000E+00,-6.1928E-03,+33.3876E-03
-2.1455000E+00,-5.8913E-03,+31.0760E-03
-2.1450000E+00,-6.3938E-03,+28.3624E-03
-2.1445000E+00,-6.1928E-03,+25.5484E-03
-2.1440000E+00,-6.4943E-03,+23.5383E-03
-2.1435000E+00,-6.4943E-03,+20.8247E-03
-2.1430000E+00,-6.6954E-03,+18.5132E-03
-2.1425000E+00,-6.2933E-03,+16.0006E-03
-2.1420000E+00,-6.3938E-03,+13.3876E-03
-2.1415000E+00,-6.8964E-03,+10.8750E-03
-2.1410000E+00,-6.8964E-03,+8.3624E-03
-2.1405000E+00,-6.6954E-03,+6.1514E-03
-2.1400000E+00,-6.5948E-03,+3.2368E-03
-2.1395000E+00,-7.1979E-03,+1.1263E-03
-2.1390000E+00,-7.3989E-03,-1.3863E-03
-2.1385000E+00,-7.1979E-03,-4.0999E-03
-2.1380000E+00,-7.2984E-03,-6.6124E-03
-2.1375000E+00,-7.5999E-03,-8.6225E-03
-2.1370000E+00,-7.9014E-03,-11.5371E-03
-2.1365000E+00,-7.8009E-03,-13.7481E-03
-2.1360000E+00,-8.0019E-03,-16.5622E-03
-2.1355000E+00,-8.0019E-03,-18.5722E-03
-2.1350000E+00,-8.2029E-03,-21.6878E-03
-2.1345000E+00,-8.7054E-03,-23.4969E-03
-2.1340000E+00,-8.7054E-03,-26.3109E-03
-2.1335000E+00,-8.4039E-03,-28.9240E-03
-2.1330000E+00,-8.5044E-03,-31.5371E-03
-2.1325000E+00,-8.8059E-03,-33.7481E-03
-2.1320000E+00,-9.0069E-03,-36.2607E-03
-2.1315000E+00,-9.1074E-03,-39.0747E-03
-2.1310000E+00,-8.9064E-03,-41.4868E-03
-2.1305000E+00,-8.9064E-03,-43.6979E-03
-2.1300000E+00,-9.2079E-03,-46.4114E-03
-2.1295000E+00,-9.2079E-03,-48.7230E-03
-2.1290000E+00,-9.3084E-03,-51.1350E-03
-2.1285000E+00,-9.5094E-03,-53.5471E-03
-2.1280000E+00,-9.3084E-03,-52.2406E-03
-2.1275000E+00,-8.9064E-03,-49.7280E-03
-2.1270000E+00,-8.9064E-03,-47.0144E-03
-2.1265000E+00,-9.0069E-03,-44.5019E-03
-2.1260000E+00,-8.7054E-03,-42.2908E-03
-2.1255000E+00,-8.4039E-03,-39.4768E-03
-2.1250000E+00,-8.8059E-03,-37.3662E-03
-2.1245000E+00,-8.7054E-03,-34.5521E-03
-2.1240000E+00,-8.4039E-03,-32.3411E-03
-2.1235000E+00,-8.2029E-03,-29.8285E-03
-2.1230000E+00,-8.1024E-03,-26.7129E-03
-2.1225000E+00,-8.3034E-03,-24.8034E-03
-2.1220000E+00,-8.2029E-03,-22.0898E-03
-2.1215000E+00,-7.9014E-03,-19.2758E-03
-2.1210000E+00,-7.5999E-03,-16.5622E-03
-2.1205000E+00,-7.5999E-03,-14.5521E-03
-2.1200000E+00,-7.9014E-03,-12.0396E-03
-2.1195000E+00,-7.7004E-03,-9.6275E-03
-2.1190000E+00,-7.5999E-03,-7.0144E-03
-2.1185000E+00,-7.3989E-03,-4.5019E-03
-2.1180000E+00,-7.4994E-03,-2.3913E-03
-2.1175000E+00,-7.2984E-03,+322.2E-06
-2.1170000E+00,-7.2984E-03,+2.7343E-03
-2.1165000E+00,-7.5999E-03,+5.4479E-03
-2.1160000E+00,-7.4994E-03,+7.6589E-03
-2.1155000E+00,-7.2984E-03,+10.1715E-03
-2.1150000E+00,-7.3989E-03,+12.3825E-03
-2.1145000E+00,-6.9969E-03,+15.3976E-03
-2.1140000E+00,-7.5999E-03,+17.3072E-03
-2.1135000E+00,-6.9969E-03,+20.2217E-03
-2.1130000E+00,-6.7959E-03,+22.4328E-03
-2.1125000E+00,-6.8964E-03,+25.2469E-03
-2.1120000E+00,-6.8964E-03,+27.6589E-03
-2.1115000E+00,-6.8964E-03,+30.5735E-03
-2.1110000E+00,-6.4943E-03,+32.6840E-03
-2.1105000E+00,-6.4943E-03,+35.1966E-03
-2.1100000E+00,-6.6954E-03,+37.6087E-03
-2.1095000E+00,-6.3938E-03,+40.5232E-03
-2.1090000E+00,-6.1928E-03,+42.9353E-03
-2.1085000E+00,-6.1928E-03,+45.2469E-03
-2.1080000E+00,-6.3938E-03,+43.7393E-03
-2.1075000E+00,-6.2933E-03,+41.1263E-03
-2.1070000E+00,-6.0923E-03,+38.5132E-03
-2.1065000E+00,-6.0923E-03,+36.4026E-03
-2.1060000E+00,-5.9918E-03,+33.5886E-03
-2.1055000E+00,-6.1928E-03,+30.9755E-03
-2.1050000E+00,-6.6954E-03,+28.7644E-03
-2.1045000E+00,-6.4943E-03,+25.8499E-03
-2.1040000E+00,-6.7959E-03,+23.2368E-03
-2.1035000E+00,-6.8964E-03,+21.0258E-03
-2.1030000E+00,-6.5948E-03,+18.3122E-03
-2.1025000E+00,-6.4943E-03,+16.2016E-03
-2.1020000E+00,-6.6954E-03,+13.1866E-03
-2.1015000E+00,-6.8964E-03,+11.0760E-03
-2.1010000E+00,-7.3989E-03,+8.5634E-03
-2.1005000E+00,-7.0974E-03,+6.0509E-03
-2.1000000E+00,-6.9969E-03,+3.2368E-03
-2.0995000E+00,-7.3989E-03,+724.2E-06
-2.0990000E+00,-7.5999E-03,-1.1853E-03
-2.0985000E+00,-7.8009E-03,-3.9994E-03
-2.0980000E+00,-7.7004E-03,-6.5119E-03
-2.0975000E+00,-7.8009E-03,-9.3260E-03
-2.0970000E+00,-8.1024E-03,-11.5371E-03
-2.0965000E+00,-7.8009E-03,-14.2506E-03
-2.0960000E+00,-7.8009E-03,-16.6627E-03
-2.0955000E+00,-8.4039E-03,-18.7732E-03
-2.0950000E+00,-8.6049E-03,-21.3863E-03
-2.0945000E+00,-8.0019E-03,-23.9994E-03
-2.0940000E+00,-8.5044E-03,-26.5119E-03
-2.0935000E+00,-8.6049E-03,-28.7230E-03
-2.0930000E+00,-8.9064E-03,-31.3361E-03
-2.0925000E+00,-9.0069E-03,-33.6476E-03
-2.0920000E+00,-8.9064E-03,-36.8637E-03
-2.0915000E+00,-8.6049E-03,-39.1753E-03
-2.0910000E+00,-9.1074E-03,-41.5873E-03
-2.0905000E+00,-9.4089E-03,-43.9994E-03
-2.0900000E+00,-8.9064E-03,-46.5119E-03
-2.0895000E+00,-9.1074E-03,-48.7230E-03
-2.0890000E+00,-9.6099E-03,-51.3361E-03
-2.0885000E+00,-9.7104E-03,-53.2456E-03
-2.0880000E+00,-9.3084E-03,-52.3411E-03
-2.0875000E+00,-9.2079E-03,-49.7280E-03
-2.0870000E+00,-9.3084E-03,-47.2155E-03
-2.0865000E+00,-9.2079E-03,-44.2004E-03
-2.0860000E+00,-8.7054E-03,-41.7883E-03
-2.0855000E+00,-8.4039E-03,-39.6778E-03
-2.0850000E+00,-8.6049E-03,-37.4667E-03
-2.0845000E+00,-8.8059E-03,-35.1552E-03
-2.0840000E+00,-8.0019E-03,-31.8386E-03
-2.0835000E+00,-8.1024E-03,-29.9290E-03
-2.0830000E+00,-8.0019E-03,-26.9139E-03
-2.0825000E+00,-8.3034E-03,-24.3009E-03
-2.0820000E+00,-8.1024E-03,-22.1903E-03
-2.0815000E+00,-7.9014E-03,-19.6778E-03
-2.0810000E+00,-7.8009E-03,-17.0647E-03
-2.0805000E+00,-8.1024E-03,-14.8536E-03
-2.0800000E+00,-7.9014E-03,-12.2406E-03
-2.0795000E+00,-7.7004E-03,-10.1300E-03
-2.0790000E+00,-7.7004E-03,-7.0144E-03
-2.0785000E+00,-7.7004E-03,-4.7029E-03
-2.0780000E+00,-7.7004E-03,-1.9893E-03
-2.0775000E+00,-7.2984E-03,-180.3E-06
-2.0770000E+00,-7.4994E-03,+2.7343E-03
-2.0765000E+00,-7.4994E-03,+4.6438E-03
-2.0760000E+00,-7.4994E-03,+7.6589E-03
-2.0755000E+00,-7.4994E-03,+9.8700E-03
-2.0750000E+00,-7.2984E-03,+12.6840E-03
-2.0745000E+00,-7.9014E-03,+15.0961E-03
-2.0740000E+00,-7.3989E-03,+17.2067E-03
-2.0735000E+00,-7.2984E-03,+20.0207E-03
-2.0730000E+00,-6.9969E-03,+22.3323E-03
-2.0725000E+00,-7.2984E-03,+25.1464E-03
-2.0720000E+00,-7.0974E-03,+27.6589E-03
-2.0715000E+00,-6.9969E-03,+30.3725E-03
-2.0710000E+00,-6.4943E-03,+32.2820E-03
-2.0705000E+00,-6.4943E-03,+35.4981E-03
-2.0700000E+00,-6.6954E-03,+37.9102E-03
-2.0695000E+00,-6.5948E-03,+40.3222E-03
-2.0690000E+00,-6.3938E-03,+42.9353E-03
-2.0685000E+00,-6.4943E-03,+45.0459E-03
-2.0680000E+00,-6.7959E-03,+43.3373E-03
-2.0675000E+00,-6.4943E-03,+40.6237E-03
-2.0670000E+00,-6.0923E-03,+37.9102E-03
-2.0665000E+00,-6.2933E-03,+36.0006E-03
-2.0660000E+00,-6.6954E-03,+33.3876E-03
-2.0655000E+00,-6.4943E-03,+31.1765E-03
-2.0650000E+00,-6.5948E-03,+28.7644E-03
-2.0645000E+00,-6.3938E-03,+26.1514E-03
-2.0640000E+00,-6.8964E-03,+23.3373E-03
-2.0635000E+00,-7.3989E-03,+20.7242E-03
-2.0630000E+00,-6.7959E-03,+18.4127E-03
-2.0625000E+00,-6.4943E-03,+16.2016E-03
-2.0620000E+00,-6.9969E-03,+13.2871E-03
-2.0615000E+00,-7.2984E-03,+10.6740E-03
-2.0610000E+00,-7.1979E-03,+8.5634E-03
-2.0605000E+00,-7.2984E-03,+6.0509E-03
-2.0600000E+00,-7.2984E-03,+3.2368E-03
-2.0595000E+00,-7.2984E-03,+1.2268E-03
-2.0590000E+00,-7.4994E-03,-1.4868E-03
-2.0585000E+00,-7.1979E-03,-4.0999E-03
-2.0580000E+00,-7.8009E-03,-6.7129E-03
-2.0575000E+00,-7.9014E-03,-9.0245E-03
-2.0570000E+00,-7.9014E-03,-11.2356E-03
-2.0565000E+00,-7.9014E-03,-13.9491E-03
-2.0560000E+00,-8.1024E-03,-16.3612E-03
-2.0555000E+00,-8.6049E-03,-18.6727E-03
-2.0550000E+00,-8.4039E-03,-21.2858E-03
-2.0545000E+00,-8.4039E-03,-23.7984E-03
-2.0540000E+00,-8.3034E-03,-26.3109E-03
-2.0535000E+00,-8.6049E-03,-29.1250E-03
-2.0530000E+00,-8.6049E-03,-31.4366E-03
-2.0525000E+00,-8.7054E-03,-34.0496E-03
-2.0520000E+00,-8.4039E-03,-36.2607E-03
-2.0515000E+00,-8.7054E-03,-38.6727E-03
-2.0510000E+00,-9.2079E-03,-41.6878E-03
-2.0505000E+00,-8.8059E-03,-43.7984E-03
-2.0500000E+00,-9.1074E-03,-46.2104E-03
-2.0495000E+00,-9.0069E-03,-49.4265E-03
-2.0490000E+00,-9.6099E-03,-51.8386E-03
-2.0485000E+00,-9.2079E-03,-53.4466E-03
-2.0480000E+00,-9.3084E-03,-52.5421E-03
-2.0475000E+00,-8.6049E-03,-49.2255E-03
-2.0470000E+00,-8.9064E-03,-46.6124E-03
-2.0465000E+00,-8.7054E-03,-44.2004E-03
-2.0460000E+00,-8.5044E-03,-41.7883E-03
-2.0455000E+00,-8.3034E-03,-39.3763E-03
-2.0450000E+00,-8.2029E-03,-36.8637E-03
-2.0445000E+00,-8.3034E-03,-34.3511E-03
-2.0440000E+00,-7.9014E-03,-32.1401E-03
-2.0435000E+00,-7.8009E-03,-29.4265E-03
-2.0430000E+00,-8.1024E-03,-26.9139E-03
-2.0425000E+00,-7.9014E-03,-24.8034E-03
-2.0420000E+00,-7.9014E-03,-21.8888E-03
-2.0415000E+00,-7.3989E-03,-19.6778E-03
-2.0410000E+00,-7.7004E-03,-17.0647E-03
-2.0405000E+00,-7.5999E-03,-14.6526E-03
-2.0400000E+00,-7.7004E-03,-11.8386E-03
-2.0395000E+00,-7.0974E-03,-9.6275E-03
-2.0390000E+00,-7.1979E-03,-7.6175E-03
-2.0385000E+00,-7.5999E-03,-4.9039E-03
-2.0380000E+00,-7.4994E-03,-2.1903E-03
-2.0375000E+00,-7.1979E-03,+221.7E-06
-2.0370000E+00,-7.3989E-03,+2.8348E-03
-2.0365000E+00,-7.8009E-03,+5.0459E-03
-2.0360000E+00,-7.2984E-03,+7.5584E-03
-2.0355000E+00,-6.9969E-03,+10.5735E-03
-2.0350000E+00,-6.7959E-03,+12.8850E-03
-2.0345000E+00,-7.2984E-03,+15.2971E-03
-2.0340000E+00,-7.1979E-03,+18.1112E-03
-2.0335000E+00,-6.7959E-03,+20.5232E-03
-2.0330000E+00,-6.4943E-03,+23.0358E-03
-2.0325000E+00,-6.9969E-03,+25.5484E-03
-2.0320000E+00,-6.7959E-03,+27.6589E-03
-2.0315000E+00,-7.2984E-03,+30.0710E-03
-2.0310000E+00,-6.1928E-03,+32.4830E-03
-2.0305000E+00,-6.5948E-03,+35.1966E-03
-2.0300000E+00,-6.4943E-03,+37.6087E-03
-2.0295000E+00,-6.4943E-03,+40.3222E-03
-2.0290000E+00,-6.0923E-03,+42.7343E-03
-2.0285000E+00,-6.1928E-03,+45.3474E-03
-2.0280000E+00,-6.6954E-03,+43.2368E-03
-2.0275000E+00,-6.2933E-03,+41.5283E-03
-2.0270000E+00,-6.1928E-03,+38.3122E-03
-2.0265000E+00,-6.3938E-03,+36.2016E-03
-2.0260000E+00,-6.4943E-03,+33.5886E-03
-2.0255000E+00,-6.0923E-03,+30.8750E-03
-2.0250000E+00,-6.4943E-03,+28.4629E-03
-2.0245000E+00,-6.5948E-03,+25.9504E-03
-2.0240000E+00,-6.6954E-03,+23.3373E-03
-2.0235000E+00,-6.4943E-03,+21.2268E-03
-2.0230000E+00,-6.3938E-03,+18.1112E-03
-2.0225000E+00,-6.2933E-03,+15.5986E-03
-2.0220000E+00,-6.7959E-03,+13.1866E-03
-2.0215000E+00,-6.7959E-03,+10.9755E-03
-2.0210000E+00,-6.6954E-03,+8.3624E-03
-2.0205000E+00,-6.8964E-03,+5.8499E-03
-2.0200000E+00,-7.0974E-03,+3.2368E-03
-2.0195000E+00,-7.4994E-03,+824.7E-06
-2.0190000E+00,-7.0974E-03,-1.3863E-03
-2.0185000E+00,-6.9969E-03,-4.3009E-03
-2.0180000E+00,-7.5999E-03,-6.4114E-03
-2.0175000E+00,-8.1024E-03,-9.1250E-03
-2.0170000E+00,-7.7004E-03,-11.6376E-03
-2.0165000E+00,-8.0019E-03,-14.1501E-03
-2.0160000E+00,-7.9014E-03,-16.4617E-03
-2.0155000E+00,-8.2029E-03,-18.9742E-03
-2.0150000E+00,-8.1024E-03,-21.1853E-03
-2.0145000E+00,-8.3034E-03,-23.9994E-03
-2.0140000E+00,-8.3034E-03,-25.9089E-03
-2.0135000E+00,-8.9064E-03,-29.0245E-03
-2.0130000E+00,-8.6049E-03,-31.4366E-03
-2.0125000E+00,-8.6049E-03,-33.9491E-03
-2.0120000E+00,-8.5044E-03,-36.1602E-03
-2.0115000E+00,-8.9064E-03,-39.1753E-03
-2.0110000E+00,-9.3084E-03,-41.8888E-03
-2.0105000E+00,-9.0069E-03,-43.5974E-03
-2.0100000E+00,-8.8059E-03,-46.0094E-03
-2.0095000E+00,-9.4089E-03,-48.9240E-03
-2.0090000E+00,-10.0119E-03,-51.2356E-03
-2.0085000E+00,-9.7104E-03,-53.3461E-03
-2.0080000E+00,-9.1074E-03,-52.3411E-03
-2.0075000E+00,-9.2079E-03,-49.2255E-03
-2.0070000E+00,-9.0069E-03,-47.0144E-03
-2.0065000E+00,-8.8059E-03,-44.2004E-03
-2.0060000E+00,-8.4039E-03,-41.5873E-03
-2.0055000E+00,-8.6049E-03,-39.5773E-03
-2.0050000E+00,-8.5044E-03,-36.9642E-03
-2.0045000E+00,-8.2029E-03,-34.4516E-03
-2.0040000E+00,-8.0019E-03,-32.0396E-03
-2.0035000E+00,-7.9014E-03,-29.2255E-03
-2.0030000E+00,-8.2029E-03,-26.6124E-03
-2.0025000E+00,-8.2029E-03,-24.2004E-03
-2.0020000E+00,-7.8009E-03,-22.1903E-03
-2.0015000E+00,-7.3989E-03,-19.7783E-03
-2.0010000E+00,-7.4994E-03,-17.0647E-03
-2.0005000E+00,-7.4994E-03,-14.2506E-03
-2.0000000E+00,-7.7004E-03,-11.9391E-03
-1.9995000E+00,-7.1979E-03,-9.7280E-03
-1.9990000E+00,-7.3989E-03,-7.1149E-03
-1.9985000E+00,-7.5999E-03,-5.0044E-03
-1.9980000E+00,-7.2984E-03,-2.2908E-03
-1.9975000E+00,-7.2984E-03,+121.2E-06
-1.9970000E+00,-7.5999E-03,+2.7343E-03
-1.9965000E+00,-7.4994E-03,+5.3474E-03
-1.9960000E+00,-7.3989E-03,+7.5584E-03
-1.9955000E+00,-7.0974E-03,+9.9705E-03
-1.9950000E+00,-7.3989E-03,+13.0861E-03
-1.9945000E+00,-6.9969E-03,+15.0961E-03
-1.9940000E+00,-6.9969E-03,+17.5082E-03
-1.9935000E+00,-6.8964E-03,+20.6237E-03
-1.9930000E+00,-6.9969E-03,+22.8348E-03
-1.9925000E+00,-6.6954E-03,+25.1464E-03
-1.9920000E+00,-6.9969E-03,+27.6589E-03
-1.9915000E+00,-6.4943E-03,+30.3725E-03
-1.9910000E+00,-6.7959E-03,+33.0861E-03
-1.9905000E+00,-6.6954E-03,+35.6991E-03
-1.9900000E+00,-6.2933E-03,+38.3122E-03
-1.9895000E+00,-6.2933E-03,+40.5232E-03
-1.9890000E+00,-6.1928E-03,+42.9353E-03
-1.9885000E+00,-6.3938E-03,+45.1464E-03
-1.9880000E+00,-6.2933E-03,+43.4378E-03
-1.9875000E+00,-6.0923E-03,+40.8247E-03
-1.9870000E+00,-6.2933E-03,+38.7142E-03
-1.9865000E+00,-6.0923E-03,+36.3021E-03
-1.9860000E+00,-6.0923E-03,+33.6891E-03
-1.9855000E+00,-6.0923E-03,+31.0760E-03
-1.9850000E+00,-6.2933E-03,+28.4629E-03
-1.9845000E+00,-6.2933E-03,+25.8499E-03
-1.9840000E+00,-6.2933E-03,+23.7393E-03
-1.9835000E+00,-6.1928E-03,+21.2268E-03
-1.9830000E+00,-6.2933E-03,+18.3122E-03
-1.9825000E+00,-6.9969E-03,+16.2016E-03
-1.9820000E+00,-6.6954E-03,+13.1866E-03
-1.9815000E+00,-6.7959E-03,+10.8750E-03
-1.9810000E+00,-6.9969E-03,+8.1614E-03
-1.9805000E+00,-6.6954E-03,+5.9504E-03
-1.9800000E+00,-7.1979E-03,+3.1363E-03
-1.9795000E+00,-7.1979E-03,+1.2268E-03
-1.9790000E+00,-7.2984E-03,-1.4868E-03
-1.9785000E+00,-7.1979E-03,-3.8989E-03
-1.9780000E+00,-7.7004E-03,-6.4114E-03
-1.9775000E+00,-7.7004E-03,-8.9240E-03
-1.9770000E+00,-7.7004E-03,-11.7381E-03
-1.9765000E+00,-7.7004E-03,-13.7481E-03
-1.9760000E+00,-8.1024E-03,-16.4617E-03
-1.9755000E+00,-8.0019E-03,-18.9742E-03
-1.9750000E+00,-8.6049E-03,-21.4868E-03
-1.9745000E+00,-7.7004E-03,-23.9994E-03
-1.9740000E+00,-8.6049E-03,-26.5119E-03
-1.9735000E+00,-8.5044E-03,-29.0245E-03
-1.9730000E+00,-8.5044E-03,-31.5371E-03
-1.9725000E+00,-8.7054E-03,-34.0496E-03
-1.9720000E+00,-8.8059E-03,-36.4617E-03
-1.9715000E+00,-9.0069E-03,-39.2758E-03
-1.9710000E+00,-8.9064E-03,-41.4868E-03
-1.9705000E+00,-8.5044E-03,-43.9994E-03
-1.9700000E+00,-8.6049E-03,-46.1099E-03
-1.9695000E+00,-9.1074E-03,-48.6225E-03
-1.9690000E+00,-9.1074E-03,-51.3361E-03
-1.9685000E+00,-9.1074E-03,-53.8486E-03
-1.9680000E+00,-9.0069E-03,-51.8386E-03
-1.9675000E+00,-9.0069E-03,-49.3260E-03
-1.9670000E+00,-8.9064E-03,-47.3160E-03
-1.9665000E+00,-8.2029E-03,-44.6024E-03
-1.9660000E+00,-8.3034E-03,-41.7883E-03
-1.9655000E+00,-8.3034E-03,-39.5773E-03
-1.9650000E+00,-8.5044E-03,-37.1652E-03
-1.9645000E+00,-8.0019E-03,-34.2506E-03
-1.9640000E+00,-7.8009E-03,-31.9391E-03
-1.9635000E+00,-7.8009E-03,-29.4265E-03
-1.9630000E+00,-8.0019E-03,-27.1149E-03
-1.9625000E+00,-7.5999E-03,-24.7029E-03
-1.9620000E+00,-7.4994E-03,-22.0898E-03
-1.9615000E+00,-7.7004E-03,-19.4768E-03
-1.9610000E+00,-7.3989E-03,-17.3662E-03
-1.9605000E+00,-7.5999E-03,-14.8536E-03
-1.9600000E+00,-7.4994E-03,-12.3411E-03
-1.9595000E+00,-7.2984E-03,-9.9290E-03
-1.9590000E+00,-7.0974E-03,-7.5170E-03
-1.9585000E+00,-7.3989E-03,-5.0044E-03
-1.9580000E+00,-6.8964E-03,-2.2908E-03
-1.9575000E+00,-7.2984E-03,-180.3E-06
-1.9570000E+00,-7.3989E-03,+2.4328E-03
-1.9565000E+00,-7.4994E-03,+5.0459E-03
-1.9560000E+00,-7.1979E-03,+7.3574E-03
-1.9555000E+00,-6.6954E-03,+10.1715E-03
-1.9550000E+00,-7.1979E-03,+12.8850E-03
-1.9545000E+00,-7.2984E-03,+14.5936E-03
-1.9540000E+00,-6.6954E-03,+17.9102E-03
-1.9535000E+00,-6.9969E-03,+19.9202E-03
-1.9530000E+00,-6.6954E-03,+22.4328E-03
-1.9525000E+00,-6.7959E-03,+24.7443E-03
-1.9520000E+00,-6.6954E-03,+27.4579E-03
-1.9515000E+00,-6.3938E-03,+30.0710E-03
-1.9510000E+00,-6.4943E-03,+32.2820E-03
-1.9505000E+00,-6.7959E-03,+34.8951E-03
-1.9500000E+00,-6.1928E-03,+37.4077E-03
-1.9495000E+00,-6.4943E-03,+39.9202E-03
-1.9490000E+00,-5.9918E-03,+42.6338E-03
-1.9485000E+00,-6.1928E-03,+44.5433E-03
-1.9480000E+00,-5.9918E-03,+43.2368E-03
-1.9475000E+00,-5.8913E-03,+40.7242E-03
-1.9470000E+00,-5.8913E-03,+38.1112E-03
-1.9465000E+00,-6.2933E-03,+35.5986E-03
-1.9460000E+00,-6.0923E-03,+33.1866E-03
-1.9455000E+00,-6.6954E-03,+31.1765E-03
-1.9450000E+00,-5.9918E-03,+28.0609E-03
-1.9445000E+00,-6.1928E-03,+25.4479E-03
-1.9440000E+00,-6.5948E-03,+23.1363E-03
-1.9435000E+00,-6.3938E-03,+20.8247E-03
-1.9430000E+00,-6.3938E-03,+18.2117E-03
-1.9425000E+00,-6.4943E-03,+15.5986E-03
-1.9420000E+00,-6.9969E-03,+12.9856E-03
-1.9415000E+00,-6.4943E-03,+10.6740E-03
-1.9410000E+00,-6.5948E-03,+7.8599E-03
-1.9405000E+00,-6.6954E-03,+5.7494E-03
-1.9400000E+00,-7.1979E-03,+3.1363E-03
-1.9395000E+00,-7.1979E-03,+623.7E-06
-1.9390000E+00,-6.9969E-03,-1.9893E-03
-1.9385000E+00,-7.0974E-03,-4.3009E-03
-1.9380000E+00,-7.5999E-03,-7.0144E-03
-1.9375000E+00,-7.2984E-03,-9.2255E-03
-1.9370000E+00,-7.8009E-03,-11.6376E-03
-1.9365000E+00,-8.1024E-03,-14.0496E-03
-1.9360000E+00,-8.0019E-03,-16.4617E-03
-1.9355000E+00,-8.0019E-03,-19.0747E-03
-1.9350000E+00,-8.4039E-03,-21.2858E-03
-1.9345000E+00,-8.1024E-03,-23.9994E-03
-1.9340000E+00,-8.4039E-03,-26.4114E-03
-1.9335000E+00,-8.8059E-03,-29.1250E-03
-1.9330000E+00,-8.6049E-03,-31.4366E-03
-1.9325000E+00,-8.8059E-03,-34.0496E-03
-1.9320000E+00,-8.7054E-03,-36.3612E-03
-1.9315000E+00,-9.1074E-03,-38.9742E-03
-1.9310000E+00,-8.8059E-03,-41.1853E-03
-1.9305000E+00,-9.1074E-03,-43.8989E-03
-1.9300000E+00,-9.1074E-03,-46.2104E-03
-1.9295000E+00,-9.1074E-03,-48.7230E-03
-1.9290000E+00,-9.3084E-03,-51.2356E-03
-1.9285000E+00,-9.5094E-03,-53.7481E-03
-1.9280000E+00,-9.2079E-03,-52.4416E-03
-1.9275000E+00,-9.5094E-03,-49.8285E-03
-1.9270000E+00,-8.8059E-03,-47.3160E-03
-1.9265000E+00,-8.6049E-03,-44.5019E-03
-1.9260000E+00,-8.7054E-03,-42.2908E-03
-1.9255000E+00,-8.6049E-03,-39.6778E-03
-1.9250000E+00,-8.6049E-03,-37.0647E-03
-1.9245000E+00,-8.4039E-03,-34.6526E-03
-1.9240000E+00,-8.1024E-03,-32.4416E-03
-1.9235000E+00,-8.1024E-03,-29.7280E-03
-1.9230000E+00,-8.2029E-03,-27.4165E-03
-1.9225000E+00,-8.1024E-03,-24.7029E-03
-1.9220000E+00,-7.8009E-03,-22.4918E-03
-1.9215000E+00,-7.9014E-03,-19.6778E-03
-1.9210000E+00,-7.9014E-03,-17.5672E-03
-1.9205000E+00,-7.8009E-03,-14.7531E-03
-1.9200000E+00,-7.5999E-03,-12.2406E-03
-1.9195000E+00,-7.3989E-03,-9.6275E-03
-1.9190000E+00,-7.9014E-03,-6.9139E-03
-1.9185000E+00,-7.4994E-03,-4.9039E-03
-1.9180000E+00,-7.5999E-03,-2.4918E-03
-1.9175000E+00,-7.3989E-03,+322.2E-06
-1.9170000E+00,-8.2029E-03,+2.6338E-03
-1.9165000E+00,-7.4994E-03,+5.0459E-03
-1.9160000E+00,-7.3989E-03,+7.6589E-03
-1.9155000E+00,-7.2984E-03,+10.1715E-03
-1.9150000E+00,-7.5999E-03,+12.8850E-03
-1.9145000E+00,-7.4994E-03,+14.9956E-03
-1.9140000E+00,-7.0974E-03,+17.6087E-03
-1.9135000E+00,-7.0974E-03,+20.3222E-03
-1.9130000E+00,-7.0974E-03,+22.7343E-03
-1.9125000E+00,-6.9969E-03,+25.0459E-03
-1.9120000E+00,-6.9969E-03,+28.0609E-03
-1.9115000E+00,-6.9969E-03,+30.0710E-03
-1.9110000E+00,-6.5948E-03,+33.1866E-03
-1.9105000E+00,-6.7959E-03,+35.2971E-03
-1.9100000E+00,-6.8964E-03,+37.5082E-03
-1.9095000E+00,-6.2933E-03,+40.2217E-03
-1.9090000E+00,-6.4943E-03,+43.3373E-03
-1.9085000E+00,-6.2933E-03,+44.5433E-03
-1.9080000E+00,-6.7959E-03,+43.9403E-03
-1.9075000E+00,-6.3938E-03,+40.9253E-03
-1.9070000E+00,-5.9918E-03,+38.7142E-03
-1.9065000E+00,-6.0923E-03,+36.1011E-03
-1.9060000E+00,-6.1928E-03,+33.6891E-03
-1.9055000E+00,-6.0923E-03,+30.8750E-03
-1.9050000E+00,-6.1928E-03,+28.2619E-03
-1.9045000E+00,-6.5948E-03,+25.8499E-03
-1.9040000E+00,-6.4943E-03,+23.8398E-03
-1.9035000E+00,-6.5948E-03,+20.8247E-03
-1.9030000E+00,-6.5948E-03,+18.3122E-03
-1.9025000E+00,-7.0974E-03,+15.9001E-03
-1.9020000E+00,-7.1979E-03,+13.5886E-03
-1.9015000E+00,-7.2984E-03,+10.5735E-03
-1.9010000E+00,-7.0974E-03,+8.2619E-03
-1.9005000E+00,-7.0974E-03,+5.7494E-03
-1.9000000E+00,-7.0974E-03,+3.1363E-03
-1.8995000E+00,-6.9969E-03,+1.1263E-03
-1.8990000E+00,-7.3989E-03,-1.0848E-03
-1.8985000E+00,-7.2984E-03,-3.7984E-03
-1.8980000E+00,-7.7004E-03,-6.9139E-03
-1.8975000E+00,-7.8009E-03,-9.2255E-03
-1.8970000E+00,-7.4994E-03,-11.3361E-03
-1.8965000E+00,-8.0019E-03,-14.1501E-03
-1.8960000E+00,-8.3034E-03,-16.5622E-03
-1.8955000E+00,-8.0019E-03,-18.8737E-03
-1.8950000E+00,-8.1024E-03,-21.5873E-03
-1.8945000E+00,-8.1024E-03,-23.8989E-03
-1.8940000E+00,-8.4039E-03,-26.5119E-03
-1.8935000E+00,-8.3034E-03,-28.6225E-03
-1.8930000E+00,-8.5044E-03,-31.5371E-03
-1.8925000E+00,-8.3034E-03,-33.8486E-03
-1.8920000E+00,-8.7054E-03,-36.4617E-03
-1.8915000E+00,-8.7054E-03,-39.4768E-03
-1.8910000E+00,-8.7054E-03,-41.1853E-03
-1.8905000E+00,-8.7054E-03,-43.7984E-03
-1.8900000E+00,-9.4089E-03,-46.3109E-03
-1.8895000E+00,-9.1074E-03,-48.8235E-03
-1.8890000E+00,-8.9064E-03,-51.4366E-03
-1.8885000E+00,-9.3084E-03,-53.3461E-03
-1.8880000E+00,-8.9064E-03,-51.9391E-03
-1.8875000E+00,-9.1074E-03,-49.8285E-03
-1.8870000E+00,-8.9064E-03,-47.0144E-03
-1.8865000E+00,-8.5044E-03,-44.5019E-03
-1.8860000E+00,-8.1024E-03,-42.0898E-03
-1.8855000E+00,-8.2029E-03,-39.7783E-03
-1.8850000E+00,-8.2029E-03,-36.8637E-03
-1.8845000E+00,-7.7004E-03,-34.6526E-03
-1.8840000E+00,-8.1024E-03,-31.8386E-03
-1.8835000E+00,-8.4039E-03,-29.9290E-03
-1.8830000E+00,-7.5999E-03,-27.3160E-03
-1.8825000E+00,-7.7004E-03,-24.7029E-03
-1.8820000E+00,-7.3989E-03,-21.7883E-03
-1.8815000E+00,-7.7004E-03,-19.5773E-03
-1.8810000E+00,-7.4994E-03,-17.1652E-03
-1.8805000E+00,-7.1979E-03,-14.8536E-03
-1.8800000E+00,-7.4994E-03,-12.1401E-03
-1.8795000E+00,-7.3989E-03,-10.0295E-03
-1.8790000E+00,-7.5999E-03,-7.4165E-03
-1.8785000E+00,-7.1979E-03,-4.3009E-03
-1.8780000E+00,-7.1979E-03,-2.4918E-03
-1.8775000E+00,-7.2984E-03,-79.8E-06
-1.8770000E+00,-7.5999E-03,+2.6338E-03
-1.8765000E+00,-7.3989E-03,+4.8448E-03
-1.8760000E+00,-7.0974E-03,+7.2569E-03
-1.8755000E+00,-7.1979E-03,+10.0710E-03
-1.8750000E+00,-7.3989E-03,+12.1815E-03
-1.8745000E+00,-6.7959E-03,+14.7946E-03
-1.8740000E+00,-6.8964E-03,+17.8097E-03
-1.8735000E+00,-7.0974E-03,+20.1212E-03
-1.8730000E+00,-7.1979E-03,+22.3323E-03
-1.8725000E+00,-6.7959E-03,+25.0459E-03
-1.8720000E+00,-6.5948E-03,+27.4579E-03
-1.8715000E+00,-6.2933E-03,+29.7695E-03
-1.8710000E+00,-6.3938E-03,+32.4830E-03
-1.8705000E+00,-6.6954E-03,+35.0961E-03
-1.8700000E+00,-6.4943E-03,+37.6087E-03
-1.8695000E+00,-6.0923E-03,+40.6237E-03
-1.8690000E+00,-6.1928E-03,+43.0358E-03
-1.8685000E+00,-6.2933E-03,+45.4479E-03
-1.8680000E+00,-6.3938E-03,+43.7393E-03
-1.8675000E+00,-5.7908E-03,+41.1263E-03
-1.8670000E+00,-6.4943E-03,+38.5132E-03
-1.8665000E+00,-6.3938E-03,+36.5031E-03
-1.8660000E+00,-6.4943E-03,+33.6891E-03
-1.8655000E+00,-6.0923E-03,+30.9755E-03
-1.8650000E+00,-6.5948E-03,+28.1614E-03
-1.8645000E+00,-6.1928E-03,+25.9504E-03
-1.8640000E+00,-6.4943E-03,+24.3423E-03
-1.8635000E+00,-6.6954E-03,+21.5283E-03
-1.8630000E+00,-6.3938E-03,+18.7142E-03
-1.8625000E+00,-6.4943E-03,+16.3021E-03
-1.8620000E+00,-6.7959E-03,+13.5886E-03
-1.8615000E+00,-7.0974E-03,+10.9755E-03
-1.8610000E+00,-6.6954E-03,+8.5634E-03
-1.8605000E+00,-7.3989E-03,+6.2519E-03
-1.8600000E+00,-7.2984E-03,+3.5383E-03
-1.8595000E+00,-7.2984E-03,+1.5283E-03
-1.8590000E+00,-7.1979E-03,-1.3863E-03
-1.8585000E+00,-7.7004E-03,-3.8989E-03
-1.8580000E+00,-7.9014E-03,-6.2104E-03
-1.8575000E+00,-8.0019E-03,-9.1250E-03
-1.8570000E+00,-7.7004E-03,-11.7381E-03
-1.8565000E+00,-8.0019E-03,-13.5471E-03
-1.8560000E+00,-8.5044E-03,-16.3612E-03
-1.8555000E+00,-8.2029E-03,-18.7732E-03
-1.8550000E+00,-8.1024E-03,-21.2858E-03
-1.8545000E+00,-8.7054E-03,-23.4969E-03
-1.8540000E+00,-8.9064E-03,-26.6124E-03
-1.8535000E+00,-8.6049E-03,-28.6225E-03
-1.8530000E+00,-8.5044E-03,-31.3361E-03
-1.8525000E+00,-8.8059E-03,-33.7481E-03
-1.8520000E+00,-8.7054E-03,-35.9592E-03
-1.8515000E+00,-9.2079E-03,-38.3712E-03
-1.8510000E+00,-9.3084E-03,-40.7833E-03
-1.8505000E+00,-9.0069E-03,-43.4969E-03
-1.8500000E+00,-9.1074E-03,-46.6124E-03
-1.8495000E+00,-9.7104E-03,-48.5220E-03
-1.8490000E+00,-9.3084E-03,-51.1350E-03
-1.8485000E+00,-9.5094E-03,-53.3461E-03
-1.8480000E+00,-9.9114E-03,-51.9391E-03
-1.8475000E+00,-9.7104E-03,-49.1250E-03
-1.8470000E+00,-9.2079E-03,-46.8134E-03
-1.8465000E+00,-8.6049E-03,-44.0999E-03
-1.8460000E+00,-8.4039E-03,-41.6878E-03
-1.8455000E+00,-8.6049E-03,-38.8737E-03
-1.8450000E+00,-8.7054E-03,-36.8637E-03
-1.8445000E+00,-8.3034E-03,-34.4516E-03
-1.8440000E+00,-8.2029E-03,-31.7381E-03
-1.8435000E+00,-8.5044E-03,-29.2255E-03
-1.8430000E+00,-8.2029E-03,-26.7129E-03
-1.8425000E+00,-8.1024E-03,-24.6024E-03
-1.8420000E+00,-7.9014E-03,-22.0898E-03
-1.8415000E+00,-8.3034E-03,-19.7783E-03
-1.8410000E+00,-8.0019E-03,-17.0647E-03
-1.8405000E+00,-7.5999E-03,-14.6526E-03
-1.8400000E+00,-7.4994E-03,-11.9391E-03
-1.8395000E+00,-7.9014E-03,-9.7280E-03
-1.8390000E+00,-7.7004E-03,-6.9139E-03
-1.8385000E+00,-7.3989E-03,-4.6024E-03
-1.8380000E+00,-7.1979E-03,-1.8888E-03
-1.8375000E+00,-7.8009E-03,+20.7E-06
-1.8370000E+00,-7.4994E-03,+2.9353E-03
-1.8365000E+00,-7.4994E-03,+5.7494E-03
-1.8360000E+00,-7.1979E-03,+7.8599E-03
-1.8355000E+00,-7.3989E-03,+10.2720E-03
-1.8350000E+00,-7.3989E-03,+12.8850E-03
-1.8345000E+00,-7.3989E-03,+15.5986E-03
-1.8340000E+00,-7.1979E-03,+17.7092E-03
-1.8335000E+00,-6.6954E-03,+20.7242E-03
-1.8330000E+00,-7.1979E-03,+22.4328E-03
-1.8325000E+00,-7.1979E-03,+25.5484E-03
-1.8320000E+00,-6.7959E-03,+28.1614E-03
-1.8315000E+00,-6.7959E-03,+30.3725E-03
-1.8310000E+00,-6.3938E-03,+32.6840E-03
-1.8305000E+00,-6.7959E-03,+35.4981E-03
-1.8300000E+00,-6.6954E-03,+37.5082E-03
-1.8295000E+00,-6.4943E-03,+40.8247E-03
-1.8290000E+00,-6.3938E-03,+43.1363E-03
-1.8285000E+00,-6.1928E-03,+45.3474E-03
-1.8280000E+00,-6.1928E-03,+44.0408E-03
-1.8275000E+00,-6.3938E-03,+41.3273E-03
-1.8270000E+00,-6.2933E-03,+38.4127E-03
-1.8265000E+00,-6.2933E-03,+36.3021E-03
-1.8260000E+00,-6.3938E-03,+33.5886E-03
-1.8255000E+00,-6.2933E-03,+31.2770E-03
-1.8250000E+00,-6.5948E-03,+28.5634E-03
-1.8245000E+00,-6.7959E-03,+25.9504E-03
-1.8240000E+00,-6.5948E-03,+23.6388E-03
-1.8235000E+00,-6.2933E-03,+21.1263E-03
-1.8230000E+00,-6.3938E-03,+18.2117E-03
-1.8225000E+00,-6.8964E-03,+16.0006E-03
-1.8220000E+00,-6.7959E-03,+13.1866E-03
-1.8215000E+00,-6.3938E-03,+11.0760E-03
-1.8210000E+00,-6.5948E-03,+8.7644E-03
-1.8205000E+00,-7.1979E-03,+5.5484E-03
-1.8200000E+00,-6.9969E-03,+3.7393E-03
-1.8195000E+00,-6.9969E-03,+1.2268E-03
-1.8190000E+00,-7.0974E-03,-1.2858E-03
-1.8185000E+00,-7.2984E-03,-4.0999E-03
-1.8180000E+00,-7.7004E-03,-6.2104E-03
-1.8175000E+00,-7.5999E-03,-8.7230E-03
-1.8170000E+00,-7.5999E-03,-11.3361E-03
-1.8165000E+00,-7.9014E-03,-13.7481E-03
-1.8160000E+00,-8.2029E-03,-16.5622E-03
-1.8155000E+00,-8.1024E-03,-18.7732E-03
-1.8150000E+00,-7.9014E-03,-21.0848E-03
-1.8145000E+00,-8.3034E-03,-23.7984E-03
-1.8140000E+00,-8.5044E-03,-26.6124E-03
-1.8135000E+00,-8.3034E-03,-28.5220E-03
-1.8130000E+00,-8.4039E-03,-31.2356E-03
-1.8125000E+00,-8.3034E-03,-33.5471E-03
-1.8120000E+00,-8.8059E-03,-36.3612E-03
-1.8115000E+00,-8.4039E-03,-38.8737E-03
-1.8110000E+00,-8.5044E-03,-41.0848E-03
-1.8105000E+00,-8.9064E-03,-43.7984E-03
-1.8100000E+00,-9.3084E-03,-46.4114E-03
-1.8095000E+00,-9.1074E-03,-48.6225E-03
-1.8090000E+00,-9.1074E-03,-51.4366E-03
-1.8085000E+00,-9.3084E-03,-53.4466E-03
-1.8080000E+00,-9.3084E-03,-52.2406E-03
-1.8075000E+00,-9.1074E-03,-49.6275E-03
-1.8070000E+00,-8.5044E-03,-47.1149E-03
-1.8065000E+00,-8.3034E-03,-44.3009E-03
-1.8060000E+00,-8.3034E-03,-41.9893E-03
-1.8055000E+00,-8.7054E-03,-39.5773E-03
-1.8050000E+00,-8.3034E-03,-37.1652E-03
-1.8045000E+00,-8.3034E-03,-34.5521E-03
-1.8040000E+00,-8.2029E-03,-32.4416E-03
-1.8035000E+00,-8.4039E-03,-29.3260E-03
-1.8030000E+00,-7.9014E-03,-26.8134E-03
-1.8025000E+00,-7.4994E-03,-24.3009E-03
-1.8020000E+00,-7.5999E-03,-21.8888E-03
-1.8015000E+00,-8.1024E-03,-19.3763E-03
-1.8010000E+00,-7.7004E-03,-17.1652E-03
-1.8005000E+00,-7.4994E-03,-14.5521E-03
-1.8000000E+00,-7.1979E-03,-12.2406E-03
-1.7995000E+00,-7.8009E-03,-9.8285E-03
-1.7990000E+00,-7.5999E-03,-7.1149E-03
-1.7985000E+00,-6.6954E-03,-4.9039E-03
-1.7980000E+00,-6.9969E-03,-2.5923E-03
-1.7975000E+00,-7.4994E-03,+221.7E-06
-1.7970000E+00,-8.0019E-03,+2.5333E-03
-1.7965000E+00,-7.1979E-03,+4.7443E-03
-1.7960000E+00,-7.2984E-03,+7.4579E-03
-1.7955000E+00,-7.1979E-03,+10.0710E-03
-1.7950000E+00,-7.1979E-03,+12.8850E-03
-1.7945000E+00,-6.8964E-03,+15.1966E-03
-1.7940000E+00,-6.9969E-03,+17.5082E-03
-1.7935000E+00,-6.9969E-03,+19.7192E-03
-1.7930000E+00,-6.9969E-03,+23.0358E-03
-1.7925000E+00,-6.6954E-03,+25.5484E-03
-1.7920000E+00,-6.4943E-03,+27.6589E-03
-1.7915000E+00,-6.8964E-03,+30.1715E-03
-1.7910000E+00,-6.6954E-03,+32.5835E-03
-1.7905000E+00,-6.4943E-03,+34.9956E-03
-1.7900000E+00,-6.2933E-03,+37.9102E-03
-1.7895000E+00,-6.0923E-03,+40.4227E-03
-1.7890000E+00,-6.3938E-03,+42.8348E-03
-1.7885000E+00,-6.3938E-03,+45.2469E-03
-1.7880000E+00,-6.1928E-03,+43.2368E-03
-1.7875000E+00,-5.7908E-03,+40.9253E-03
-1.7870000E+00,-6.0923E-03,+38.4127E-03
-1.7865000E+00,-6.1928E-03,+36.2016E-03
-1.7860000E+00,-5.9918E-03,+33.4881E-03
-1.7855000E+00,-6.2933E-03,+30.8750E-03
-1.7850000E+00,-6.7959E-03,+28.2619E-03
-1.7845000E+00,-6.4943E-03,+25.9504E-03
-1.7840000E+00,-6.2933E-03,+23.6388E-03
-1.7835000E+00,-6.3938E-03,+20.9253E-03
-1.7830000E+00,-6.6954E-03,+18.2117E-03
-1.7825000E+00,-6.5948E-03,+16.1011E-03
-1.7820000E+00,-6.6954E-03,+13.0861E-03
-1.7815000E+00,-6.5948E-03,+10.9755E-03
-1.7810000E+00,-6.6954E-03,+8.7644E-03
-1.7805000E+00,-6.9969E-03,+5.8499E-03
-1.7800000E+00,-7.0974E-03,+3.6388E-03
-1.7795000E+00,-6.8964E-03,+724.2E-06
-1.7790000E+00,-7.1979E-03,-1.8888E-03
-1.7785000E+00,-7.2984E-03,-4.0999E-03
-1.7780000E+00,-7.7004E-03,-6.4114E-03
-1.7775000E+00,-7.5999E-03,-9.1250E-03
-1.7770000E+00,-7.9014E-03,-11.2356E-03
-1.7765000E+00,-8.1024E-03,-13.9491E-03
-1.7760000E+00,-8.4039E-03,-16.4617E-03
-1.7755000E+00,-8.1024E-03,-18.9742E-03
-1.7750000E+00,-8.3034E-03,-21.2858E-03
-1.7745000E+00,-8.1024E-03,-23.9994E-03
-1.7740000E+00,-8.4039E-03,-26.1099E-03
-1.7735000E+00,-8.5044E-03,-29.0245E-03
-1.7730000E+00,-8.2029E-03,-31.0345E-03
-1.7725000E+00,-8.6049E-03,-33.7481E-03
-1.7720000E+00,-9.0069E-03,-36.0597E-03
-1.7715000E+00,-8.7054E-03,-38.8737E-03
-1.7710000E+00,-8.2029E-03,-41.4868E-03
-1.7705000E+00,-9.0069E-03,-43.5974E-03
-1.7700000E+00,-9.3084E-03,-46.3109E-03
-1.7695000E+00,-8.9064E-03,-48.9240E-03
-1.7690000E+00,-9.5094E-03,-51.5371E-03
-1.7685000E+00,-9.4089E-03,-53.5471E-03
-1.7680000E+00,-9.4089E-03,-52.0396E-03
-1.7675000E+00,-8.9064E-03,-49.7280E-03
-1.7670000E+00,-8.4039E-03,-47.2155E-03
-1.7665000E+00,-8.5044E-03,-44.6024E-03
-1.7660000E+00,-8.8059E-03,-41.9893E-03
-1.7655000E+00,-8.4039E-03,-39.2758E-03
-1.7650000E+00,-8.3034E-03,-37.1652E-03
-1.7645000E+00,-8.1024E-03,-34.6526E-03
-1.7640000E+00,-8.0019E-03,-31.8386E-03
-1.7635000E+00,-8.0019E-03,-29.3260E-03
-1.7630000E+00,-7.9014E-03,-27.1149E-03
-1.7625000E+00,-7.3989E-03,-24.5019E-03
-1.7620000E+00,-8.0019E-03,-21.9893E-03
-1.7615000E+00,-8.1024E-03,-19.6778E-03
-1.7610000E+00,-7.7004E-03,-17.4667E-03
-1.7605000E+00,-7.2984E-03,-14.7531E-03
-1.7600000E+00,-7.3989E-03,-11.9391E-03
-1.7595000E+00,-7.4994E-03,-9.6275E-03
-1.7590000E+00,-7.4994E-03,-7.4165E-03
-1.7585000E+00,-7.1979E-03,-4.4014E-03
-1.7580000E+00,-7.1979E-03,-2.1903E-03
-1.7575000E+00,-7.5999E-03,+322.2E-06
-1.7570000E+00,-7.3989E-03,+2.6338E-03
-1.7565000E+00,-7.1979E-03,+5.3474E-03
-1.7560000E+00,-7.2984E-03,+8.0609E-03
-1.7555000E+00,-7.2984E-03,+10.1715E-03
-1.7550000E+00,-6.8964E-03,+12.9856E-03
-1.7545000E+00,-7.4994E-03,+15.4981E-03
-1.7540000E+00,-6.3938E-03,+17.7092E-03
-1.7535000E+00,-6.9969E-03,+20.2217E-03
-1.7530000E+00,-7.0974E-03,+22.7343E-03
-1.7525000E+00,-7.0974E-03,+25.3474E-03
-1.7520000E+00,-6.8964E-03,+27.7594E-03
-1.7515000E+00,-7.1979E-03,+30.2720E-03
-1.7510000E+00,-6.8964E-03,+33.0861E-03
-1.7505000E+00,-6.7959E-03,+35.5986E-03
-1.7500000E+00,-6.3938E-03,+38.1112E-03
-1.7495000E+00,-6.2933E-03,+40.2217E-03
-1.7490000E+00,-6.6954E-03,+42.5333E-03
-1.7485000E+00,-6.4943E-03,+45.5484E-03
-1.7480000E+00,-5.9918E-03,+43.4378E-03
-1.7475000E+00,-5.9918E-03,+41.1263E-03
-1.7470000E+00,-6.5948E-03,+38.4127E-03
-1.7465000E+00,-6.4943E-03,+36.0006E-03
-1.7460000E+00,-6.1928E-03,+33.1866E-03
-1.7455000E+00,-6.2933E-03,+31.1765E-03
-1.7450000E+00,-6.5948E-03,+28.2619E-03
-1.7445000E+00,-6.6954E-03,+26.2519E-03
-1.7440000E+00,-6.3938E-03,+23.4378E-03
-1.7435000E+00,-6.5948E-03,+20.7242E-03
-1.7430000E+00,-6.4943E-03,+18.3122E-03
-1.7425000E+00,-6.7959E-03,+15.9001E-03
-1.7420000E+00,-7.2984E-03,+13.1866E-03
-1.7415000E+00,-6.7959E-03,+11.0760E-03
-1.7410000E+00,-7.0974E-03,+8.1614E-03
-1.7405000E+00,-7.3989E-03,+6.1514E-03
-1.7400000E+00,-7.0974E-03,+3.6388E-03
-1.7395000E+00,-7.2984E-03,+925.3E-06
-1.7390000E+00,-7.4994E-03,-1.3863E-03
-1.7385000E+00,-7.7004E-03,-3.8989E-03
-1.7380000E+00,-7.5999E-03,-6.8134E-03
-1.7375000E+00,-7.8009E-03,-9.3260E-03
-1.7370000E+00,-8.2029E-03,-10.8335E-03
-1.7365000E+00,-8.0019E-03,-13.5471E-03
-1.7360000E+00,-8.2029E-03,-16.4617E-03
-1.7355000E+00,-8.1024E-03,-18.8737E-03
-1.7350000E+00,-8.4039E-03,-21.5873E-03
-1.7345000E+00,-8.5044E-03,-24.0999E-03
-1.7340000E+00,-8.5044E-03,-26.1099E-03
-1.7335000E+00,-8.6049E-03,-29.3260E-03
-1.7330000E+00,-8.9064E-03,-31.5371E-03
-1.7325000E+00,-8.7054E-03,-34.1501E-03
-1.7320000E+00,-8.8059E-03,-36.2607E-03
-1.7315000E+00,-9.1074E-03,-39.3763E-03
-1.7310000E+00,-9.0069E-03,-41.4868E-03
-1.7305000E+00,-8.9064E-03,-43.6979E-03
-1.7300000E+00,-9.4089E-03,-46.4114E-03
-1.7295000E+00,-9.0069E-03,-48.6225E-03
-1.7290000E+00,-9.0069E-03,-51.5371E-03
-1.7285000E+00,-9.6099E-03,-53.1451E-03
-1.7280000E+00,-9.9114E-03,-52.1401E-03
-1.7275000E+00,-8.9064E-03,-49.5270E-03
-1.7270000E+00,-8.8059E-03,-47.2155E-03
-1.7265000E+00,-8.6049E-03,-44.2004E-03
-1.7260000E+00,-8.8059E-03,-42.0898E-03
-1.7255000E+00,-9.0069E-03,-39.5773E-03
-1.7250000E+00,-8.4039E-03,-37.5672E-03
-1.7245000E+00,-8.3034E-03,-34.5521E-03
-1.7240000E+00,-8.4039E-03,-32.1401E-03
-1.7235000E+00,-8.2029E-03,-29.4265E-03
-1.7230000E+00,-8.3034E-03,-26.7129E-03
-1.7225000E+00,-7.9014E-03,-24.2004E-03
-1.7220000E+00,-7.9014E-03,-21.9893E-03
-1.7215000E+00,-8.1024E-03,-19.5773E-03
-1.7210000E+00,-8.3034E-03,-16.5622E-03
-1.7205000E+00,-7.8009E-03,-14.4516E-03
-1.7200000E+00,-7.9014E-03,-11.8386E-03
-1.7195000E+00,-8.0019E-03,-9.9290E-03
-1.7190000E+00,-7.4994E-03,-7.1149E-03
-1.7185000E+00,-7.3989E-03,-4.6024E-03
-1.7180000E+00,-7.5999E-03,-2.0898E-03
-1.7175000E+00,-7.9014E-03,-79.8E-06
-1.7170000E+00,-7.7004E-03,+2.8348E-03
-1.7165000E+00,-7.4994E-03,+4.9454E-03
-1.7160000E+00,-7.4994E-03,+7.4579E-03
-1.7155000E+00,-7.4994E-03,+9.7695E-03
-1.7150000E+00,-7.4994E-03,+12.9856E-03
-1.7145000E+00,-7.1979E-03,+15.4981E-03
-1.7140000E+00,-7.3989E-03,+17.6087E-03
-1.7135000E+00,-6.9969E-03,+20.2217E-03
-1.7130000E+00,-7.0974E-03,+23.0358E-03
-1.7125000E+00,-6.9969E-03,+25.1464E-03
-1.7120000E+00,-7.1979E-03,+27.9604E-03
-1.7115000E+00,-6.8964E-03,+30.1715E-03
-1.7110000E+00,-6.7959E-03,+32.8850E-03
-1.7105000E+00,-6.0923E-03,+34.8951E-03
-1.7100000E+00,-6.4943E-03,+37.7092E-03
-1.7095000E+00,-6.5948E-03,+40.2217E-03
-1.7090000E+00,-6.5948E-03,+42.5333E-03
-1.7085000E+00,-6.2933E-03,+44.4428E-03
-1.7080000E+00,-5.9918E-03,+43.4378E-03
-1.7075000E+00,-6.3938E-03,+41.5283E-03
-1.7070000E+00,-6.7959E-03,+38.9152E-03
-1.7065000E+00,-6.3938E-03,+36.1011E-03
-1.7060000E+00,-6.1928E-03,+33.4881E-03
-1.7055000E+00,-6.4943E-03,+30.9755E-03
-1.7050000E+00,-6.3938E-03,+28.6639E-03
-1.7045000E+00,-6.3938E-03,+26.1514E-03
-1.7040000E+00,-6.8964E-03,+23.6388E-03
-1.7035000E+00,-6.6954E-03,+20.7242E-03
-1.7030000E+00,-6.5948E-03,+18.7142E-03
-1.7025000E+00,-6.8964E-03,+15.9001E-03
-1.7020000E+00,-6.8964E-03,+12.9856E-03
-1.7015000E+00,-6.7959E-03,+10.8750E-03
-1.7010000E+00,-7.0974E-03,+8.4629E-03
-1.7005000E+00,-7.0974E-03,+5.5484E-03
-1.7000000E+00,-7.1979E-03,+2.9353E-03
-1.6995000E+00,-6.9969E-03,+925.3E-06
-1.6990000E+00,-7.8009E-03,-1.6878E-03
-1.6985000E+00,-7.7004E-03,-3.5974E-03
-1.6980000E+00,-7.4994E-03,-6.5119E-03
-1.6975000E+00,-7.2984E-03,-9.1250E-03
-1.6970000E+00,-8.0019E-03,-11.3361E-03
-1.6965000E+00,-8.5044E-03,-13.8486E-03
-1.6960000E+00,-8.2029E-03,-16.2607E-03
-1.6955000E+00,-8.5044E-03,-18.8737E-03
-1.6950000E+00,-8.3034E-03,-21.6878E-03
-1.6945000E+00,-8.7054E-03,-23.7984E-03
-1.6940000E+00,-8.9064E-03,-26.3109E-03
-1.6935000E+00,-8.6049E-03,-28.6225E-03
-1.6930000E+00,-8.6049E-03,-31.4366E-03
-1.6925000E+00,-8.7054E-03,-34.0496E-03
-1.6920000E+00,-9.1074E-03,-36.4617E-03
-1.6915000E+00,-8.8059E-03,-39.3763E-03
-1.6910000E+00,-9.4089E-03,-40.9843E-03
-1.6905000E+00,-9.4089E-03,-43.9994E-03
-1.6900000E+00,-9.1074E-03,-46.0094E-03
-1.6895000E+00,-9.4089E-03,-48.9240E-03
-1.6890000E+00,-9.6099E-03,-51.4366E-03
-1.6885000E+00,-9.8109E-03,-53.7481E-03
-1.6880000E+00,-9.6099E-03,-52.5421E-03
-1.6875000E+00,-9.3084E-03,-49.9290E-03
-1.6870000E+00,-8.9064E-03,-47.1149E-03
-1.6865000E+00,-8.8059E-03,-44.5019E-03
-1.6860000E+00,-9.0069E-03,-41.8888E-03
-1.6855000E+00,-8.7054E-03,-40.2808E-03
-1.6850000E+00,-8.4039E-03,-37.2657E-03
-1.6845000E+00,-8.3034E-03,-34.4516E-03
-1.6840000E+00,-8.1024E-03,-32.1401E-03
-1.6835000E+00,-8.2029E-03,-29.8285E-03
-1.6830000E+00,-7.8009E-03,-27.3160E-03
-1.6825000E+00,-7.8009E-03,-24.7029E-03
-1.6820000E+00,-8.0019E-03,-21.9893E-03
-1.6815000E+00,-7.9014E-03,-19.6778E-03
-1.6810000E+00,-7.4994E-03,-17.4667E-03
-1.6805000E+00,-8.0019E-03,-14.8536E-03
-1.6800000E+00,-7.8009E-03,-12.4416E-03
-1.6795000E+00,-7.7004E-03,-9.9290E-03
-1.6790000E+00,-7.9014E-03,-7.3160E-03
-1.6785000E+00,-7.8009E-03,-4.7029E-03
-1.6780000E+00,-7.9014E-03,-2.4918E-03
-1.6775000E+00,-7.4994E-03,+221.7E-06
-1.6770000E+00,-7.4994E-03,+2.5333E-03
-1.6765000E+00,-7.7004E-03,+4.9454E-03
-1.6760000E+00,-7.3989E-03,+7.4579E-03
-1.6755000E+00,-7.7004E-03,+10.0710E-03
-1.6750000E+00,-7.2984E-03,+12.6840E-03
-1.6745000E+00,-7.3989E-03,+14.6941E-03
-1.6740000E+00,-7.3989E-03,+17.5082E-03
-1.6735000E+00,-7.1979E-03,+20.0207E-03
-1.6730000E+00,-6.7959E-03,+22.6338E-03
-1.6725000E+00,-6.7959E-03,+25.1464E-03
-1.6720000E+00,-6.8964E-03,+28.0609E-03
-1.6715000E+00,-6.9969E-03,+30.1715E-03
-1.6710000E+00,-6.3938E-03,+32.7845E-03
-1.6705000E+00,-6.6954E-03,+34.8951E-03
-1.6700000E+00,-6.7959E-03,+38.2117E-03
-1.6695000E+00,-6.5948E-03,+40.1212E-03
-1.6690000E+00,-6.5948E-03,+42.9353E-03
-1.6685000E+00,-6.3938E-03,+44.6438E-03
-1.6680000E+00,-6.2933E-03,+43.6388E-03
-1.6675000E+00,-6.7959E-03,+41.1263E-03
-1.6670000E+00,-6.2933E-03,+38.4127E-03
-1.6665000E+00,-6.4943E-03,+35.7996E-03
-1.6660000E+00,-6.3938E-03,+33.3876E-03
-1.6655000E+00,-6.7959E-03,+30.7745E-03
-1.6650000E+00,-6.6954E-03,+28.2619E-03
-1.6645000E+00,-6.2933E-03,+25.5484E-03
-1.6640000E+00,-7.1979E-03,+23.0358E-03
-1.6635000E+00,-6.8964E-03,+20.4227E-03
-1.6630000E+00,-6.7959E-03,+18.4127E-03
-1.6625000E+00,-7.1979E-03,+15.2971E-03
-1.6620000E+00,-6.9969E-03,+12.8850E-03
-1.6615000E+00,-7.4994E-03,+10.5735E-03
-1.6610000E+00,-7.2984E-03,+8.3624E-03
-1.6605000E+00,-7.5999E-03,+5.9504E-03
-1.6600000E+00,-7.1979E-03,+3.1363E-03
-1.6595000E+00,-7.2984E-03,+724.2E-06
-1.6590000E+00,-7.9014E-03,-2.0898E-03
-1.6585000E+00,-7.8009E-03,-4.0999E-03
-1.6580000E+00,-8.2029E-03,-6.7129E-03
-1.6575000E+00,-7.9014E-03,-9.1250E-03
-1.6570000E+00,-8.4039E-03,-11.5371E-03
-1.6565000E+00,-8.2029E-03,-14.0496E-03
-1.6560000E+00,-8.3034E-03,-16.4617E-03
-1.6555000E+00,-8.3034E-03,-19.4768E-03
-1.6550000E+00,-8.8059E-03,-21.5873E-03
-1.6545000E+00,-9.0069E-03,-24.0999E-03
-1.6540000E+00,-8.8059E-03,-26.6124E-03
-1.6535000E+00,-8.9064E-03,-28.9240E-03
-1.6530000E+00,-8.8059E-03,-31.8386E-03
-1.6525000E+00,-9.3084E-03,-34.0496E-03
-1.6520000E+00,-9.5094E-03,-36.2607E-03
-1.6515000E+00,-9.5094E-03,-39.1753E-03
-1.6510000E+00,-9.5094E-03,-41.0848E-03
-1.6505000E+00,-9.7104E-03,-43.9994E-03
-1.6500000E+00,-9.3084E-03,-46.7129E-03
-1.6495000E+00,-9.7104E-03,-49.2255E-03
-1.6490000E+00,-9.7104E-03,-51.2356E-03
-1.6485000E+00,-10.1124E-03,-53.5471E-03
-1.6480000E+00,-9.7104E-03,-52.0396E-03
-1.6475000E+00,-9.9114E-03,-49.7280E-03
-1.6470000E+00,-9.0069E-03,-46.8134E-03
-1.6465000E+00,-9.4089E-03,-44.7029E-03
-1.6460000E+00,-9.2079E-03,-42.3913E-03
-1.6455000E+00,-9.3084E-03,-39.4768E-03
-1.6450000E+00,-8.7054E-03,-36.8637E-03
-1.6445000E+00,-9.0069E-03,-34.6526E-03
-1.6440000E+00,-9.1074E-03,-32.2406E-03
-1.6435000E+00,-8.3034E-03,-29.5270E-03
-1.6430000E+00,-8.5044E-03,-27.0144E-03
-1.6425000E+00,-8.7054E-03,-25.1049E-03
-1.6420000E+00,-8.7054E-03,-22.1903E-03
-1.6415000E+00,-8.2029E-03,-19.7783E-03
-1.6410000E+00,-8.4039E-03,-17.1652E-03
-1.6405000E+00,-8.2029E-03,-15.1552E-03
-1.6400000E+00,-8.5044E-03,-12.4416E-03
-1.6395000E+00,-8.0019E-03,-9.8285E-03
-1.6390000E+00,-7.8009E-03,-7.4165E-03
-1.6385000E+00,-7.8009E-03,-4.5019E-03
-1.6380000E+00,-7.9014E-03,-2.5923E-03
-1.6375000E+00,-8.0019E-03,+523.2E-06
-1.6370000E+00,-8.0019E-03,+2.1313E-03
-1.6365000E+00,-7.8009E-03,+5.1464E-03
-1.6360000E+00,-8.4039E-03,+7.7594E-03
-1.6355000E+00,-7.7004E-03,+10.1715E-03
-1.6350000E+00,-7.2984E-03,+12.4830E-03
-1.6345000E+00,-7.5999E-03,+14.9956E-03
-1.6340000E+00,-7.5999E-03,+17.8097E-03
-1.6335000E+00,-7.7004E-03,+20.2217E-03
-1.6330000E+00,-7.0974E-03,+22.7343E-03
-1.6325000E+00,-7.5999E-03,+25.1464E-03
-1.6320000E+00,-7.5999E-03,+27.2569E-03
-1.6315000E+00,-7.1979E-03,+30.1715E-03
-1.6310000E+00,-7.0974E-03,+32.3825E-03
-1.6305000E+00,-7.0974E-03,+34.9956E-03
-1.6300000E+00,-6.6954E-03,+37.8097E-03
-1.6295000E+00,-7.0974E-03,+40.3222E-03
-1.6290000E+00,-7.4994E-03,+42.7343E-03
-1.6285000E+00,-6.4943E-03,+44.5433E-03
-1.6280000E+00,-6.8964E-03,+43.2368E-03
-1.6275000E+00,-6.7959E-03,+40.7242E-03
-1.6270000E+00,-6.4943E-03,+38.4127E-03
-1.6265000E+00,-6.6954E-03,+36.1011E-03
-1.6260000E+00,-6.6954E-03,+32.7845E-03
-1.6255000E+00,-7.1979E-03,+30.6740E-03
-1.6250000E+00,-6.6954E-03,+28.2619E-03
-1.6245000E+00,-6.6954E-03,+25.9504E-03
-1.6240000E+00,-6.8964E-03,+23.3373E-03
-1.6235000E+00,-6.7959E-03,+20.9253E-03
-1.6230000E+00,-7.1979E-03,+18.4127E-03
-1.6225000E+00,-7.5999E-03,+16.0006E-03
-1.6220000E+00,-7.1979E-03,+13.4881E-03
-1.6215000E+00,-7.1979E-03,+10.9755E-03
-1.6210000E+00,-7.8009E-03,+8.5634E-03
-1.6205000E+00,-7.4994E-03,+5.8499E-03
-1.6200000E+00,-7.4994E-03,+3.1363E-03
-1.6195000E+00,-7.5999E-03,+925.3E-06
-1.6190000E+00,-8.1024E-03,-1.5873E-03
-1.6185000E+00,-8.2029E-03,-3.8989E-03
-1.6180000E+00,-7.8009E-03,-6.6124E-03
-1.6175000E+00,-8.3034E-03,-8.9240E-03
-1.6170000E+00,-8.3034E-03,-11.5371E-03
-1.6165000E+00,-8.6049E-03,-13.3461E-03
-1.6160000E+00,-8.3034E-03,-16.4617E-03
-1.6155000E+00,-8.5044E-03,-19.0747E-03
-1.6150000E+00,-8.7054E-03,-21.4868E-03
-1.6145000E+00,-8.8059E-03,-23.8989E-03
-1.6140000E+00,-9.0069E-03,-26.6124E-03
-1.6135000E+00,-8.8059E-03,-28.9240E-03
-1.6130000E+00,-9.2079E-03,-31.2356E-03
-1.6125000E+00,-8.8059E-03,-33.7481E-03
-1.6120000E+00,-9.2079E-03,-36.5622E-03
-1.6115000E+00,-9.5094E-03,-39.1753E-03
-1.6110000E+00,-9.2079E-03,-40.8838E-03
-1.6105000E+00,-9.5094E-03,-43.9994E-03
-1.6100000E+00,-9.2079E-03,-46.6124E-03
-1.6095000E+00,-9.5094E-03,-48.9240E-03
-1.6090000E+00,-9.7104E-03,-51.5371E-03
-1.6085000E+00,-10.0119E-03,-54.0496E-03
-1.6080000E+00,-9.4089E-03,-52.1401E-03
-1.6075000E+00,-9.6099E-03,-49.8285E-03
-1.6070000E+00,-9.2079E-03,-46.9139E-03
-1.6065000E+00,-9.2079E-03,-44.7029E-03
-1.6060000E+00,-8.7054E-03,-41.9893E-03
-1.6055000E+00,-8.7054E-03,-39.9793E-03
-1.6050000E+00,-8.4039E-03,-36.9642E-03
-1.6045000E+00,-8.6049E-03,-34.8536E-03
-1.6040000E+00,-8.4039E-03,-31.9391E-03
-1.6035000E+00,-8.2029E-03,-29.6275E-03
-1.6030000E+00,-8.2029E-03,-26.9139E-03
-1.6025000E+00,-8.2029E-03,-24.8034E-03
-1.6020000E+00,-8.2029E-03,-22.0898E-03
-1.6015000E+00,-7.7004E-03,-19.7783E-03
-1.6010000E+00,-7.8009E-03,-17.2657E-03
-1.6005000E+00,-8.0019E-03,-14.6526E-03
-1.6000000E+00,-7.8009E-03,-12.2406E-03
-1.5995000E+00,-8.1024E-03,-9.5270E-03
-1.5990000E+00,-7.2984E-03,-6.9139E-03
-1.5985000E+00,-7.3989E-03,-4.7029E-03
-1.5980000E+00,-7.5999E-03,-2.5923E-03
-1.5975000E+00,-7.4994E-03,+322.2E-06
-1.5970000E+00,-7.2984E-03,+2.7343E-03
-1.5965000E+00,-7.2984E-03,+5.3474E-03
-1.5960000E+00,-7.4994E-03,+7.6589E-03
-1.5955000E+00,-7.2984E-03,+10.3725E-03
-1.5950000E+00,-7.1979E-03,+12.5835E-03
-1.5945000E+00,-7.1979E-03,+15.4981E-03
-1.5940000E+00,-7.3989E-03,+17.6087E-03
-1.5935000E+00,-7.2984E-03,+20.2217E-03
-1.5930000E+00,-6.8964E-03,+22.8348E-03
-1.5925000E+00,-7.0974E-03,+25.1464E-03
-1.5920000E+00,-6.9969E-03,+27.3574E-03
-1.5915000E+00,-6.6954E-03,+29.9705E-03
-1.5910000E+00,-6.3938E-03,+32.5835E-03
-1.5905000E+00,-6.2933E-03,+35.3976E-03
-1.5900000E+00,-6.1928E-03,+37.4077E-03
-1.5895000E+00,-6.4943E-03,+40.3222E-03
-1.5890000E+00,-6.4943E-03,+42.5333E-03
-1.5885000E+00,-5.8913E-03,+44.4428E-03
-1.5880000E+00,-6.3938E-03,+42.9353E-03
-1.5875000E+00,-6.4943E-03,+40.9253E-03
-1.5870000E+00,-6.3938E-03,+38.5132E-03
-1.5865000E+00,-6.0923E-03,+36.2016E-03
-1.5860000E+00,-6.3938E-03,+33.2871E-03
-1.5855000E+00,-6.3938E-03,+30.4730E-03
-1.5850000E+00,-6.1928E-03,+27.9604E-03
-1.5845000E+00,-6.1928E-03,+26.1514E-03
-1.5840000E+00,-6.2933E-03,+23.2368E-03
-1.5835000E+00,-6.6954E-03,+20.6237E-03
-1.5830000E+00,-6.6954E-03,+17.9102E-03
-1.5825000E+00,-6.8964E-03,+15.5986E-03
-1.5820000E+00,-6.2933E-03,+13.1866E-03
-1.5815000E+00,-6.7959E-03,+10.2720E-03
-1.5810000E+00,-6.9969E-03,+8.0609E-03
-1.5805000E+00,-6.9969E-03,+5.4479E-03
-1.5800000E+00,-7.1979E-03,+3.1363E-03
-1.5795000E+00,-7.7004E-03,+724.2E-06
-1.5790000E+00,-7.2984E-03,-1.6878E-03
-1.5785000E+00,-7.8009E-03,-3.8989E-03
-1.5780000E+00,-7.5999E-03,-6.5119E-03
-1.5775000E+00,-8.3034E-03,-9.6275E-03
-1.5770000E+00,-8.3034E-03,-11.9391E-03
-1.5765000E+00,-8.5044E-03,-14.1501E-03
-1.5760000E+00,-8.0019E-03,-16.8637E-03
-1.5755000E+00,-8.6049E-03,-19.1753E-03
-1.5750000E+00,-8.3034E-03,-22.1903E-03
-1.5745000E+00,-9.0069E-03,-24.3009E-03
-1.5740000E+00,-8.8059E-03,-26.7129E-03
-1.5735000E+00,-8.9064E-03,-29.1250E-03
-1.5730000E+00,-9.4089E-03,-31.2356E-03
-1.5725000E+00,-8.9064E-03,-34.1501E-03
-1.5720000E+00,-8.8059E-03,-36.4617E-03
-1.5715000E+00,-9.1074E-03,-39.2758E-03
-1.5710000E+00,-9.4089E-03,-42.1903E-03
-1.5705000E+00,-9.4089E-03,-44.0999E-03
-1.5700000E+00,-9.4089E-03,-46.8134E-03
-1.5695000E+00,-9.6099E-03,-49.3260E-03
-1.5690000E+00,-9.7104E-03,-52.0396E-03
-1.5685000E+00,-9.9114E-03,-53.5471E-03
-1.5680000E+00,-9.9114E-03,-52.5421E-03
-1.5675000E+00,-9.2079E-03,-49.7280E-03
-1.5670000E+00,-9.8109E-03,-47.1149E-03
-1.5665000E+00,-9.4089E-03,-44.8034E-03
-1.5660000E+00,-9.2079E-03,-41.8888E-03
-1.5655000E+00,-9.0069E-03,-39.9793E-03
-1.5650000E+00,-8.4039E-03,-36.8637E-03
-1.5645000E+00,-9.0069E-03,-34.6526E-03
-1.5640000E+00,-8.7054E-03,-31.9391E-03
-1.5635000E+00,-8.2029E-03,-29.4265E-03
-1.5630000E+00,-8.2029E-03,-26.9139E-03
-1.5625000E+00,-8.5044E-03,-24.7029E-03
-1.5620000E+00,-8.2029E-03,-21.7883E-03
-1.5615000E+00,-7.8009E-03,-19.7783E-03
-1.5610000E+00,-7.5999E-03,-16.8637E-03
-1.5605000E+00,-8.2029E-03,-14.5521E-03
-1.5600000E+00,-7.8009E-03,-12.0396E-03
-1.5595000E+00,-7.9014E-03,-9.8285E-03
-1.5590000E+00,-8.0019E-03,-7.2155E-03
-1.5585000E+00,-8.0019E-03,-4.4014E-03
-1.5580000E+00,-8.1024E-03,-2.5923E-03
-1.5575000E+00,-7.5999E-03,-79.8E-06
-1.5570000E+00,-7.9014E-03,+2.6338E-03
-1.5565000E+00,-7.7004E-03,+5.2469E-03
-1.5560000E+00,-7.7004E-03,+7.3574E-03
-1.5555000E+00,-7.1979E-03,+10.2720E-03
-1.5550000E+00,-7.0974E-03,+12.6840E-03
-1.5545000E+00,-7.1979E-03,+15.3976E-03
-1.5540000E+00,-7.4994E-03,+17.5082E-03
-1.5535000E+00,-6.8964E-03,+20.0207E-03
-1.5530000E+00,-7.0974E-03,+22.7343E-03
-1.5525000E+00,-6.6954E-03,+25.2469E-03
-1.5520000E+00,-6.8964E-03,+27.8599E-03
-1.5515000E+00,-6.7959E-03,+30.3725E-03
-1.5510000E+00,-6.3938E-03,+32.8850E-03
-1.5505000E+00,-6.6954E-03,+35.4981E-03
-1.5500000E+00,-6.2933E-03,+37.5082E-03
-1.5495000E+00,-6.3938E-03,+40.5232E-03
-1.5490000E+00,-6.0923E-03,+42.9353E-03
-1.5485000E+00,-6.0923E-03,+44.8448E-03
-1.5480000E+00,-6.4943E-03,+43.5383E-03
-1.5475000E+00,-6.0923E-03,+41.0258E-03
-1.5470000E+00,-6.0923E-03,+38.7142E-03
-1.5465000E+00,-6.0923E-03,+36.0006E-03
-1.5460000E+00,-6.1928E-03,+33.5886E-03
-1.5455000E+00,-6.2933E-03,+31.0760E-03
-1.5450000E+00,-6.2933E-03,+28.7644E-03
-1.5445000E+00,-6.2933E-03,+25.9504E-03
-1.5440000E+00,-6.0923E-03,+23.6388E-03
-1.5435000E+00,-6.4943E-03,+21.1263E-03
-1.5430000E+00,-6.4943E-03,+18.2117E-03
-1.5425000E+00,-6.5948E-03,+15.7996E-03
-1.5420000E+00,-6.8964E-03,+13.5886E-03
-1.5415000E+00,-6.9969E-03,+10.6740E-03
-1.5410000E+00,-6.9969E-03,+8.5634E-03
-1.5405000E+00,-7.1979E-03,+6.0509E-03
-1.5400000E+00,-7.0974E-03,+3.3373E-03
-1.5395000E+00,-7.5999E-03,+925.3E-06
-1.5390000E+00,-7.3989E-03,-1.3863E-03
-1.5385000E+00,-7.7004E-03,-4.2004E-03
-1.5380000E+00,-7.5999E-03,-6.1099E-03
-1.5375000E+00,-7.5999E-03,-8.8235E-03
-1.5370000E+00,-7.9014E-03,-11.1351E-03
-1.5365000E+00,-8.1024E-03,-13.8486E-03
-1.5360000E+00,-8.2029E-03,-16.7632E-03
-1.5355000E+00,-8.2029E-03,-18.9742E-03
-1.5350000E+00,-8.2029E-03,-21.5873E-03
-1.5345000E+00,-8.2029E-03,-23.6979E-03
-1.5340000E+00,-8.8059E-03,-26.3109E-03
-1.5335000E+00,-8.7054E-03,-28.8235E-03
-1.5330000E+00,-8.8059E-03,-31.1351E-03
-1.5325000E+00,-8.8059E-03,-34.0496E-03
-1.5320000E+00,-8.6049E-03,-36.5622E-03
-1.5315000E+00,-8.9064E-03,-38.4717E-03
-1.5310000E+00,-9.0069E-03,-41.4868E-03
-1.5305000E+00,-9.2079E-03,-43.5974E-03
-1.5300000E+00,-9.0069E-03,-46.4114E-03
-1.5295000E+00,-9.5094E-03,-48.7230E-03
-1.5290000E+00,-9.7104E-03,-51.6376E-03
-1.5285000E+00,-9.4089E-03,-53.8486E-03
-1.5280000E+00,-9.1074E-03,-52.0396E-03
-1.5275000E+00,-8.9064E-03,-49.9290E-03
-1.5270000E+00,-9.0069E-03,-47.2155E-03
-1.5265000E+00,-9.2079E-03,-44.5019E-03
-1.5260000E+00,-8.5044E-03,-42.2908E-03
-1.5255000E+00,-8.6049E-03,-39.6778E-03
-1.5250000E+00,-8.6049E-03,-37.2657E-03
-1.5245000E+00,-8.5044E-03,-34.8536E-03
-1.5240000E+00,-8.1024E-03,-32.3411E-03
-1.5235000E+00,-8.2029E-03,-29.5270E-03
-1.5230000E+00,-7.9014E-03,-27.4165E-03
-1.5225000E+00,-7.8009E-03,-24.8034E-03
-1.5220000E+00,-8.2029E-03,-21.6878E-03
-1.5215000E+00,-7.4994E-03,-19.7783E-03
-1.5210000E+00,-7.7004E-03,-17.2657E-03
-1.5205000E+00,-8.1024E-03,-14.7531E-03
-1.5200000E+00,-7.9014E-03,-12.0396E-03
-1.5195000E+00,-7.3989E-03,-10.1300E-03
-1.5190000E+00,-7.3989E-03,-7.3160E-03
-1.5185000E+00,-7.4994E-03,-4.6024E-03
-1.5180000E+00,-7.3989E-03,-2.4918E-03
-1.5175000E+00,-7.5999E-03,+20.7E-06
-1.5170000E+00,-7.3989E-03,+2.5333E-03
-1.5165000E+00,-7.4994E-03,+4.9454E-03
-1.5160000E+00,-7.4994E-03,+7.6589E-03
-1.5155000E+00,-7.3989E-03,+9.7695E-03
-1.5150000E+00,-7.0974E-03,+12.5835E-03
-1.5145000E+00,-7.0974E-03,+15.0961E-03
-1.5140000E+00,-7.2984E-03,+18.0107E-03
-1.5135000E+00,-6.8964E-03,+20.1212E-03
-1.5130000E+00,-7.0974E-03,+23.2368E-03
-1.5125000E+00,-6.8964E-03,+25.3474E-03
-1.5120000E+00,-7.0974E-03,+27.5584E-03
-1.5115000E+00,-6.9969E-03,+30.2720E-03
-1.5110000E+00,-6.3938E-03,+32.7845E-03
-1.5105000E+00,-6.2933E-03,+35.2971E-03
-1.5100000E+00,-6.6954E-03,+37.5082E-03
-1.5095000E+00,-6.7959E-03,+40.2217E-03
-1.5090000E+00,-5.7908E-03,+42.7343E-03
-1.5085000E+00,-6.1928E-03,+45.0459E-03
-1.5080000E+00,-6.0923E-03,+43.1363E-03
-1.5075000E+00,-6.2933E-03,+41.1263E-03
-1.5070000E+00,-6.0923E-03,+38.6137E-03
-1.5065000E+00,-5.7908E-03,+35.7996E-03
-1.5060000E+00,-5.9918E-03,+33.3876E-03
-1.5055000E+00,-6.4943E-03,+30.9755E-03
-1.5050000E+00,-6.1928E-03,+28.2619E-03
-1.5045000E+00,-6.0923E-03,+26.1514E-03
-1.5040000E+00,-6.4943E-03,+23.4378E-03
-1.5035000E+00,-6.6954E-03,+20.9253E-03
-1.5030000E+00,-6.5948E-03,+18.0107E-03
-1.5025000E+00,-6.3938E-03,+15.5986E-03
-1.5020000E+00,-6.5948E-03,+12.9856E-03
-1.5015000E+00,-6.9969E-03,+10.5735E-03
-1.5010000E+00,-6.5948E-03,+8.3624E-03
-1.5005000E+00,-6.7959E-03,+5.7494E-03
-1.5000000E+00,-6.9969E-03,+3.4378E-03
-1.4995000E+00,-7.0974E-03,+724.2E-06
-1.4990000E+00,-7.3989E-03,-1.5873E-03
-1.4985000E+00,-7.0974E-03,-4.4014E-03
-1.4980000E+00,-7.0974E-03,-6.7129E-03
-1.4975000E+00,-7.5999E-03,-9.1250E-03
-1.4970000E+00,-7.9014E-03,-11.4366E-03
-1.4965000E+00,-7.8009E-03,-14.3511E-03
-1.4960000E+00,-7.5999E-03,-16.7632E-03
-1.4955000E+00,-8.2029E-03,-19.4768E-03
-1.4950000E+00,-8.5044E-03,-20.8838E-03
-1.4945000E+00,-8.0019E-03,-24.4014E-03
-1.4940000E+00,-8.2029E-03,-26.5119E-03
-1.4935000E+00,-8.5044E-03,-29.2255E-03
-1.4930000E+00,-8.8059E-03,-31.8386E-03
-1.4925000E+00,-8.9064E-03,-33.7481E-03
-1.4920000E+00,-8.5044E-03,-36.6627E-03
-1.4915000E+00,-8.8059E-03,-39.6778E-03
-1.4910000E+00,-9.1074E-03,-41.1853E-03
-1.4905000E+00,-9.1074E-03,-43.9994E-03
-1.4900000E+00,-8.7054E-03,-46.4114E-03
-1.4895000E+00,-9.0069E-03,-48.6225E-03
-1.4890000E+00,-9.1074E-03,-51.6376E-03
-1.4885000E+00,-9.2079E-03,-53.7481E-03
-1.4880000E+00,-8.9064E-03,-52.6426E-03
-1.4875000E+00,-8.8059E-03,-49.8285E-03
-1.4870000E+00,-8.9064E-03,-47.3160E-03
-1.4865000E+00,-8.5044E-03,-44.7029E-03
-1.4860000E+00,-7.8009E-03,-42.1903E-03
-1.4855000E+00,-8.2029E-03,-39.6778E-03
-1.4850000E+00,-7.8009E-03,-37.1652E-03
-1.4845000E+00,-8.0019E-03,-34.6526E-03
-1.4840000E+00,-7.9014E-03,-32.6426E-03
-1.4835000E+00,-7.7004E-03,-29.6275E-03
-1.4830000E+00,-7.9014E-03,-27.0144E-03
-1.4825000E+00,-7.8009E-03,-25.0044E-03
-1.4820000E+00,-7.8009E-03,-22.3913E-03
-1.4815000E+00,-7.3989E-03,-19.5773E-03
-1.4810000E+00,-7.7004E-03,-17.2657E-03
-1.4805000E+00,-8.0019E-03,-15.2557E-03
-1.4800000E+00,-7.2984E-03,-12.3411E-03
-1.4795000E+00,-6.9969E-03,-10.2305E-03
-1.4790000E+00,-7.4994E-03,-7.4165E-03
-1.4785000E+00,-7.4994E-03,-4.7029E-03
-1.4780000E+00,-7.0974E-03,-2.5923E-03
-1.4775000E+00,-7.1979E-03,+121.2E-06
-1.4770000E+00,-7.1979E-03,+2.4328E-03
-1.4765000E+00,-7.0974E-03,+4.6438E-03
-1.4760000E+00,-7.5999E-03,+7.3574E-03
-1.4755000E+00,-7.3989E-03,+10.1715E-03
-1.4750000E+00,-6.5948E-03,+12.4830E-03
-1.4745000E+00,-7.5999E-03,+14.9956E-03
-1.4740000E+00,-7.1979E-03,+17.1062E-03
-1.4735000E+00,-6.7959E-03,+19.8197E-03
-1.4730000E+00,-6.6954E-03,+22.6338E-03
-1.4725000E+00,-6.3938E-03,+25.1464E-03
-1.4720000E+00,-6.6954E-03,+27.9604E-03
-1.4715000E+00,-6.1928E-03,+30.0710E-03
-1.4710000E+00,-6.3938E-03,+32.6840E-03
-1.4705000E+00,-6.2933E-03,+34.8951E-03
-1.4700000E+00,-6.2933E-03,+37.7092E-03
-1.4695000E+00,-6.1928E-03,+40.2217E-03
-1.4690000E+00,-5.8913E-03,+42.3323E-03
-1.4685000E+00,-6.2933E-03,+44.8448E-03
-1.4680000E+00,-6.2933E-03,+43.4378E-03
-1.4675000E+00,-5.8913E-03,+40.9253E-03
-1.4670000E+00,-6.0923E-03,+38.1112E-03
-1.4665000E+00,-6.1928E-03,+35.9001E-03
-1.4660000E+00,-6.1928E-03,+33.5886E-03
-1.4655000E+00,-5.9918E-03,+31.0760E-03
-1.4650000E+00,-6.0923E-03,+28.1614E-03
-1.4645000E+00,-5.9918E-03,+25.7494E-03
-1.4640000E+00,-6.2933E-03,+23.2368E-03
-1.4635000E+00,-6.4943E-03,+21.2268E-03
-1.4630000E+00,-6.1928E-03,+18.3122E-03
-1.4625000E+00,-6.4943E-03,+15.7996E-03
-1.4620000E+00,-6.6954E-03,+13.1866E-03
-1.4615000E+00,-6.8964E-03,+11.2770E-03
-1.4610000E+00,-6.6954E-03,+8.2619E-03
-1.4605000E+00,-6.9969E-03,+5.8499E-03
-1.4600000E+00,-6.7959E-03,+3.3373E-03
-1.4595000E+00,-7.4994E-03,+925.3E-06
-1.4590000E+00,-7.5999E-03,-1.7883E-03
-1.4585000E+00,-7.3989E-03,-3.6979E-03
-1.4580000E+00,-7.7004E-03,-6.3109E-03
-1.4575000E+00,-8.0019E-03,-9.5270E-03
-1.4570000E+00,-8.0019E-03,-11.6376E-03
-1.4565000E+00,-7.7004E-03,-14.1501E-03
-1.4560000E+00,-7.8009E-03,-16.7632E-03
-1.4555000E+00,-8.1024E-03,-19.2758E-03
-1.4550000E+00,-8.1024E-03,-21.5873E-03
-1.4545000E+00,-8.1024E-03,-24.3009E-03
-1.4540000E+00,-8.3034E-03,-26.3109E-03
-1.4535000E+00,-8.5044E-03,-28.9240E-03
-1.4530000E+00,-8.5044E-03,-31.5371E-03
-1.4525000E+00,-9.1074E-03,-33.8486E-03
-1.4520000E+00,-8.9064E-03,-36.2607E-03
-1.4515000E+00,-8.8059E-03,-39.0747E-03
-1.4510000E+00,-9.1074E-03,-41.2858E-03
-1.4505000E+00,-9.0069E-03,-43.5974E-03
-1.4500000E+00,-9.1074E-03,-46.5119E-03
-1.4495000E+00,-9.3084E-03,-48.5220E-03
-1.4490000E+00,-9.9114E-03,-51.2356E-03
-1.4485000E+00,-9.4089E-03,-53.9491E-03
-1.4480000E+00,-8.6049E-03,-52.1401E-03
-1.4475000E+00,-9.2079E-03,-49.6275E-03
-1.4470000E+00,-8.8059E-03,-46.9139E-03
-1.4465000E+00,-8.7054E-03,-44.6024E-03
-1.4460000E+00,-8.4039E-03,-41.9893E-03
-1.4455000E+00,-8.3034E-03,-39.4768E-03
-1.4450000E+00,-8.4039E-03,-37.3662E-03
-1.4445000E+00,-8.2029E-03,-34.3511E-03
-1.4440000E+00,-8.1024E-03,-32.3411E-03
-1.4435000E+00,-8.1024E-03,-29.5270E-03
-1.4430000E+00,-8.1024E-03,-27.4165E-03
-1.4425000E+00,-8.0019E-03,-24.7029E-03
-1.4420000E+00,-7.7004E-03,-22.2908E-03
-1.4415000E+00,-7.3989E-03,-20.0798E-03
-1.4410000E+00,-8.0019E-03,-16.9642E-03
-1.4405000E+00,-7.8009E-03,-14.7531E-03
-1.4400000E+00,-7.7004E-03,-12.2406E-03
-1.4395000E+00,-7.7004E-03,-9.9290E-03
-1.4390000E+00,-7.5999E-03,-7.1149E-03
-1.4385000E+00,-7.4994E-03,-4.7029E-03
-1.4380000E+00,-7.5999E-03,-2.4918E-03
-1.4375000E+00,-7.4994E-03,+422.7E-06
-1.4370000E+00,-7.4994E-03,+2.4328E-03
-1.4365000E+00,-7.7004E-03,+4.9454E-03
-1.4360000E+00,-7.4994E-03,+7.4579E-03
-1.4355000E+00,-6.9969E-03,+10.6740E-03
-1.4350000E+00,-7.4994E-03,+12.6840E-03
-1.4345000E+00,-7.1979E-03,+15.1966E-03
-1.4340000E+00,-7.0974E-03,+17.6087E-03
-1.4335000E+00,-7.0974E-03,+20.2217E-03
-1.4330000E+00,-6.6954E-03,+22.6338E-03
-1.4325000E+00,-7.0974E-03,+25.0459E-03
-1.4320000E+00,-7.1979E-03,+27.6589E-03
-1.4315000E+00,-6.6954E-03,+30.3725E-03
-1.4310000E+00,-6.6954E-03,+32.5835E-03
-1.4305000E+00,-6.9969E-03,+34.6941E-03
-1.4300000E+00,-7.0974E-03,+37.7092E-03
-1.4295000E+00,-6.1928E-03,+40.3222E-03
-1.4290000E+00,-6.0923E-03,+42.4328E-03
-1.4285000E+00,-6.0923E-03,+45.4479E-03
-1.4280000E+00,-6.3938E-03,+43.3373E-03
-1.4275000E+00,-6.3938E-03,+40.8247E-03
-1.4270000E+00,-6.2933E-03,+38.4127E-03
-1.4265000E+00,-6.2933E-03,+35.7996E-03
-1.4260000E+00,-6.6954E-03,+33.0861E-03
-1.4255000E+00,-6.4943E-03,+30.7745E-03
-1.4250000E+00,-6.5948E-03,+28.1614E-03
-1.4245000E+00,-6.6954E-03,+25.9504E-03
-1.4240000E+00,-6.7959E-03,+23.1363E-03
-1.4235000E+00,-6.3938E-03,+20.9253E-03
-1.4230000E+00,-6.7959E-03,+17.9102E-03
-1.4225000E+00,-6.6954E-03,+15.5986E-03
-1.4220000E+00,-7.1979E-03,+13.0861E-03
-1.4215000E+00,-6.9969E-03,+10.6740E-03
-1.4210000E+00,-7.1979E-03,+8.1614E-03
-1.4205000E+00,-7.2984E-03,+5.6489E-03
-1.4200000E+00,-7.5999E-03,+3.1363E-03
-1.4195000E+00,-7.3989E-03,+724.2E-06
-1.4190000E+00,-8.0019E-03,-1.8888E-03
-1.4185000E+00,-7.3989E-03,-4.4014E-03
-1.4180000E+00,-7.9014E-03,-6.7129E-03
-1.4175000E+00,-8.2029E-03,-9.2255E-03
-1.4170000E+00,-8.1024E-03,-11.9391E-03
-1.4165000E+00,-7.8009E-03,-14.1501E-03
-1.4160000E+00,-8.6049E-03,-16.6627E-03
-1.4155000E+00,-8.5044E-03,-18.9742E-03
-1.4150000E+00,-8.2029E-03,-21.4868E-03
-1.4145000E+00,-8.6049E-03,-23.9994E-03
-1.4140000E+00,-8.3034E-03,-26.4114E-03
-1.4135000E+00,-9.3084E-03,-29.1250E-03
-1.4130000E+00,-9.1074E-03,-31.5371E-03
-1.4125000E+00,-8.8059E-03,-34.4516E-03
-1.4120000E+00,-8.8059E-03,-35.9592E-03
-1.4115000E+00,-9.6099E-03,-38.8737E-03
-1.4110000E+00,-8.9064E-03,-41.0848E-03
-1.4105000E+00,-9.1074E-03,-44.0999E-03
-1.4100000E+00,-9.3084E-03,-46.5119E-03
-1.4095000E+00,-10.1124E-03,-48.6225E-03
-1.4090000E+00,-9.7104E-03,-51.8386E-03
-1.4085000E+00,-9.6099E-03,-53.5471E-03
-1.4080000E+00,-9.6099E-03,-52.0396E-03
-1.4075000E+00,-9.3084E-03,-49.9290E-03
-1.4070000E+00,-9.3084E-03,-47.1149E-03
-1.4065000E+00,-8.9064E-03,-44.6024E-03
-1.4060000E+00,-8.5044E-03,-41.9893E-03
-1.4055000E+00,-9.1074E-03,-39.8788E-03
-1.4050000E+00,-8.8059E-03,-37.0647E-03
-1.4045000E+00,-8.4039E-03,-34.5521E-03
-1.4040000E+00,-8.4039E-03,-32.3411E-03
-1.4035000E+00,-8.4039E-03,-29.5270E-03
-1.4030000E+00,-9.0069E-03,-26.9139E-03
-1.4025000E+00,-8.2029E-03,-24.5019E-03
-1.4020000E+00,-7.9014E-03,-22.3913E-03
-1.4015000E+00,-8.2029E-03,-19.4768E-03
-1.4010000E+00,-8.2029E-03,-17.0647E-03
-1.4005000E+00,-8.4039E-03,-14.7531E-03
-1.4000000E+00,-7.3989E-03,-12.2406E-03
-1.3995000E+00,-8.0019E-03,-9.8285E-03
-1.3990000E+00,-8.0019E-03,-7.0144E-03
-1.3985000E+00,-7.5999E-03,-4.7029E-03
-1.3980000E+00,-7.5999E-03,-2.1903E-03
-1.3975000E+00,-7.7004E-03,+322.2E-06
-1.3970000E+00,-7.7004E-03,+2.4328E-03
-1.3965000E+00,-7.8009E-03,+5.1464E-03
-1.3960000E+00,-6.8964E-03,+7.9604E-03
-1.3955000E+00,-7.4994E-03,+10.4730E-03
-1.3950000E+00,-7.3989E-03,+12.7845E-03
-1.3945000E+00,-7.0974E-03,+15.2971E-03
-1.3940000E+00,-7.1979E-03,+17.5082E-03
-1.3935000E+00,-6.9969E-03,+20.2217E-03
-1.3930000E+00,-7.1979E-03,+22.7343E-03
-1.3925000E+00,-7.1979E-03,+25.1464E-03
-1.3920000E+00,-6.8964E-03,+27.8599E-03
-1.3915000E+00,-6.9969E-03,+30.5735E-03
-1.3910000E+00,-6.5948E-03,+33.0861E-03
-1.3905000E+00,-6.6954E-03,+35.3976E-03
-1.3900000E+00,-6.3938E-03,+37.8097E-03
-1.3895000E+00,-6.2933E-03,+40.1212E-03
-1.3890000E+00,-6.2933E-03,+42.7343E-03
-1.3885000E+00,-6.6954E-03,+45.2469E-03
-1.3880000E+00,-6.7959E-03,+43.3373E-03
-1.3875000E+00,-5.7908E-03,+41.1263E-03
-1.3870000E+00,-6.0923E-03,+39.1162E-03
-1.3865000E+00,-6.0923E-03,+36.3021E-03
-1.3860000E+00,-6.0923E-03,+33.8901E-03
-1.3855000E+00,-6.2933E-03,+30.9755E-03
-1.3850000E+00,-6.1928E-03,+28.1614E-03
-1.3845000E+00,-6.3938E-03,+26.2519E-03
-1.3840000E+00,-6.4943E-03,+23.8398E-03
-1.3835000E+00,-6.3938E-03,+20.8247E-03
-1.3830000E+00,-6.5948E-03,+18.7142E-03
-1.3825000E+00,-6.5948E-03,+16.0006E-03
-1.3820000E+00,-6.7959E-03,+13.5886E-03
-1.3815000E+00,-7.0974E-03,+10.7745E-03
-1.3810000E+00,-6.4943E-03,+8.4629E-03
-1.3805000E+00,-6.8964E-03,+6.0509E-03
-1.3800000E+00,-7.3989E-03,+3.5383E-03
-1.3795000E+00,-7.0974E-03,+523.2E-06
-1.3790000E+00,-7.4994E-03,-1.4868E-03
-1.3785000E+00,-7.1979E-03,-4.2004E-03
-1.3780000E+00,-7.8009E-03,-6.7129E-03
-1.3775000E+00,-8.0019E-03,-9.0245E-03
-1.3770000E+00,-8.0019E-03,-11.5371E-03
-1.3765000E+00,-7.8009E-03,-13.8486E-03
-1.3760000E+00,-8.4039E-03,-16.3612E-03
-1.3755000E+00,-8.3034E-03,-18.6727E-03
-1.3750000E+00,-8.1024E-03,-21.4868E-03
-1.3745000E+00,-8.3034E-03,-23.7984E-03
-1.3740000E+00,-8.4039E-03,-26.2104E-03
-1.3735000E+00,-9.0069E-03,-28.9240E-03
-1.3730000E+00,-8.4039E-03,-31.4366E-03
-1.3725000E+00,-8.7054E-03,-33.9491E-03
-1.3720000E+00,-8.9064E-03,-36.4617E-03
-1.3715000E+00,-9.0069E-03,-38.9742E-03
-1.3710000E+00,-9.2079E-03,-41.0848E-03
-1.3705000E+00,-9.0069E-03,-43.9994E-03
-1.3700000E+00,-9.1074E-03,-46.4114E-03
-1.3695000E+00,-9.3084E-03,-48.5220E-03
-1.3690000E+00,-9.3084E-03,-51.5371E-03
-1.3685000E+00,-9.2079E-03,-53.3461E-03
-1.3680000E+00,-9.3084E-03,-51.8386E-03
-1.3675000E+00,-9.4089E-03,-49.8285E-03
-1.3670000E+00,-8.8059E-03,-46.8134E-03
-1.3665000E+00,-8.8059E-03,-44.4014E-03
-1.3660000E+00,-8.7054E-03,-41.7883E-03
-1.3655000E+00,-8.6049E-03,-39.2758E-03
-1.3650000E+00,-8.4039E-03,-37.0647E-03
-1.3645000E+00,-8.4039E-03,-34.3511E-03
-1.3640000E+00,-7.9014E-03,-31.7381E-03
-1.3635000E+00,-8.3034E-03,-29.3260E-03
-1.3630000E+00,-7.9014E-03,-26.7129E-03
-1.3625000E+00,-7.3989E-03,-24.5019E-03
-1.3620000E+00,-7.7004E-03,-22.0898E-03
-1.3615000E+00,-7.8009E-03,-19.1753E-03
-1.3610000E+00,-7.8009E-03,-16.9642E-03
-1.3605000E+00,-7.2984E-03,-14.2506E-03
-1.3600000E+00,-7.2984E-03,-12.1401E-03
-1.3595000E+00,-7.5999E-03,-10.0295E-03
-1.3590000E+00,-7.7004E-03,-7.1149E-03
-1.3585000E+00,-7.3989E-03,-4.3009E-03
-1.3580000E+00,-7.0974E-03,-1.7883E-03
-1.3575000E+00,-7.0974E-03,+221.7E-06
-1.3570000E+00,-7.2984E-03,+2.8348E-03
-1.3565000E+00,-7.4994E-03,+5.3474E-03
-1.3560000E+00,-7.0974E-03,+7.7594E-03
-1.3555000E+00,-6.7959E-03,+10.3725E-03
-1.3550000E+00,-7.0974E-03,+12.7845E-03
-1.3545000E+00,-7.2984E-03,+15.2971E-03
-1.3540000E+00,-6.7959E-03,+17.6087E-03
-1.3535000E+00,-7.1979E-03,+20.2217E-03
-1.3530000E+00,-6.9969E-03,+22.9353E-03
-1.3525000E+00,-6.6954E-03,+25.5484E-03
-1.3520000E+00,-6.3938E-03,+28.1614E-03
-1.3515000E+00,-6.4943E-03,+30.1715E-03
-1.3510000E+00,-6.2933E-03,+32.7845E-03
-1.3505000E+00,-6.3938E-03,+35.5986E-03
-1.3500000E+00,-6.4943E-03,+38.0107E-03
-1.3495000E+00,-6.2933E-03,+40.4227E-03
-1.3490000E+00,-5.8913E-03,+43.2368E-03
-1.3485000E+00,-6.3938E-03,+45.4479E-03
-1.3480000E+00,-5.9918E-03,+44.1413E-03
-1.3475000E+00,-5.9918E-03,+41.6288E-03
-1.3470000E+00,-5.9918E-03,+38.8147E-03
-1.3465000E+00,-6.0923E-03,+36.0006E-03
-1.3460000E+00,-5.9918E-03,+33.6891E-03
-1.3455000E+00,-6.0923E-03,+31.0760E-03
-1.3450000E+00,-6.2933E-03,+29.0660E-03
-1.3445000E+00,-6.1928E-03,+25.9504E-03
-1.3440000E+00,-5.9918E-03,+23.5383E-03
-1.3435000E+00,-6.5948E-03,+21.0258E-03
-1.3430000E+00,-6.2933E-03,+18.9152E-03
-1.3425000E+00,-6.4943E-03,+15.9001E-03
-1.3420000E+00,-6.3938E-03,+13.4881E-03
-1.3415000E+00,-6.7959E-03,+11.1765E-03
-1.3410000E+00,-6.4943E-03,+8.7644E-03
-1.3405000E+00,-6.8964E-03,+6.1514E-03
-1.3400000E+00,-7.2984E-03,+3.6388E-03
-1.3395000E+00,-7.2984E-03,+1.5283E-03
-1.3390000E+00,-7.0974E-03,-1.2858E-03
-1.3385000E+00,-7.3989E-03,-3.7984E-03
-1.3380000E+00,-7.4994E-03,-6.5119E-03
-1.3375000E+00,-7.8009E-03,-8.5220E-03
-1.3370000E+00,-7.7004E-03,-11.1351E-03
-1.3365000E+00,-7.8009E-03,-13.6476E-03
-1.3360000E+00,-7.5999E-03,-16.2607E-03
-1.3355000E+00,-8.2029E-03,-18.7732E-03
-1.3350000E+00,-7.8009E-03,-21.4868E-03
-1.3345000E+00,-8.1024E-03,-23.3964E-03
-1.3340000E+00,-8.8059E-03,-26.1099E-03
-1.3335000E+00,-8.6049E-03,-28.7230E-03
-1.3330000E+00,-8.6049E-03,-31.4366E-03
-1.3325000E+00,-8.5044E-03,-33.5471E-03
-1.3320000E+00,-8.9064E-03,-36.6627E-03
-1.3315000E+00,-8.9064E-03,-38.7732E-03
-1.3310000E+00,-8.6049E-03,-40.9843E-03
-1.3305000E+00,-8.8059E-03,-43.7984E-03
-1.3300000E+00,-8.8059E-03,-46.1099E-03
-1.3295000E+00,-9.2079E-03,-48.9240E-03
-1.3290000E+00,-9.2079E-03,-51.6376E-03
-1.3285000E+00,-9.6099E-03,-53.6476E-03
-1.3280000E+00,-9.3084E-03,-51.5371E-03
-1.3275000E+00,-9.3084E-03,-49.7280E-03
-1.3270000E+00,-9.0069E-03,-46.9139E-03
-1.3265000E+00,-8.5044E-03,-44.6024E-03
-1.3260000E+00,-8.7054E-03,-41.7883E-03
-1.3255000E+00,-8.8059E-03,-40.0798E-03
-1.3250000E+00,-8.4039E-03,-36.7632E-03
-1.3245000E+00,-8.3034E-03,-34.7531E-03
-1.3240000E+00,-8.1024E-03,-32.0396E-03
-1.3235000E+00,-8.0019E-03,-29.5270E-03
-1.3230000E+00,-8.1024E-03,-27.0144E-03
-1.3225000E+00,-7.5999E-03,-24.4014E-03
-1.3220000E+00,-7.2984E-03,-21.8888E-03
-1.3215000E+00,-7.5999E-03,-19.3763E-03
-1.3210000E+00,-7.4994E-03,-16.6627E-03
-1.3205000E+00,-7.5999E-03,-14.7531E-03
-1.3200000E+00,-7.2984E-03,-11.7381E-03
-1.3195000E+00,-7.3989E-03,-10.0295E-03
-1.3190000E+00,-7.2984E-03,-6.5119E-03
-1.3185000E+00,-7.0974E-03,-4.5019E-03
-1.3180000E+00,-7.1979E-03,-2.0898E-03
-1.3175000E+00,-7.1979E-03,+20.7E-06
-1.3170000E+00,-7.5999E-03,+2.6338E-03
-1.3165000E+00,-7.0974E-03,+5.3474E-03
-1.3160000E+00,-6.9969E-03,+7.7594E-03
-1.3155000E+00,-6.9969E-03,+10.3725E-03
-1.3150000E+00,-6.9969E-03,+12.2820E-03
-1.3145000E+00,-7.0974E-03,+15.4981E-03
-1.3140000E+00,-6.6954E-03,+17.8097E-03
-1.3135000E+00,-6.6954E-03,+20.6237E-03
-1.3130000E+00,-7.1979E-03,+22.9353E-03
-1.3125000E+00,-7.0974E-03,+25.7494E-03
-1.3120000E+00,-6.3938E-03,+27.9604E-03
-1.3115000E+00,-6.4943E-03,+30.4730E-03
-1.3110000E+00,-6.4943E-03,+32.8850E-03
-1.3105000E+00,-6.2933E-03,+35.3976E-03
-1.3100000E+00,-6.3938E-03,+37.7092E-03
-1.3095000E+00,-6.3938E-03,+40.4227E-03
-1.3090000E+00,-5.8913E-03,+42.9353E-03
-1.3085000E+00,-6.3938E-03,+45.0459E-03
-1.3080000E+00,-6.3938E-03,+43.6388E-03
-1.3075000E+00,-5.9918E-03,+41.0258E-03
-1.3070000E+00,-6.0923E-03,+38.7142E-03
-1.3065000E+00,-5.9918E-03,+35.7996E-03
-1.3060000E+00,-5.7908E-03,+33.7896E-03
-1.3055000E+00,-6.1928E-03,+31.1765E-03
-1.3050000E+00,-6.3938E-03,+28.6639E-03
-1.3045000E+00,-6.4943E-03,+26.3524E-03
-1.3040000E+00,-6.4943E-03,+23.4378E-03
-1.3035000E+00,-6.1928E-03,+21.3273E-03
-1.3030000E+00,-6.2933E-03,+18.6137E-03
-1.3025000E+00,-6.5948E-03,+16.0006E-03
-1.3020000E+00,-6.4943E-03,+13.1866E-03
-1.3015000E+00,-6.3938E-03,+11.0760E-03
-1.3010000E+00,-6.6954E-03,+8.2619E-03
-1.3005000E+00,-7.2984E-03,+5.2469E-03
-1.3000000E+00,-6.9969E-03,+3.5383E-03
-1.2995000E+00,-7.1979E-03,+925.3E-06
-1.2990000E+00,-6.8964E-03,-1.2858E-03
-1.2985000E+00,-7.5999E-03,-3.9994E-03
-1.2980000E+00,-7.3989E-03,-6.7129E-03
-1.2975000E+00,-7.3989E-03,-8.8235E-03
-1.2970000E+00,-7.7004E-03,-11.3361E-03
-1.2965000E+00,-7.7004E-03,-13.5471E-03
-1.2960000E+00,-7.9014E-03,-16.6627E-03
-1.2955000E+00,-8.2029E-03,-18.8737E-03
-1.2950000E+00,-7.9014E-03,-21.1853E-03
-1.2945000E+00,-8.1024E-03,-23.6979E-03
-1.2940000E+00,-8.5044E-03,-26.3109E-03
-1.2935000E+00,-8.5044E-03,-29.0245E-03
-1.2930000E+00,-8.3034E-03,-31.4366E-03
-1.2925000E+00,-8.5044E-03,-33.9491E-03
-1.2920000E+00,-8.8059E-03,-36.2607E-03
-1.2915000E+00,-8.9064E-03,-38.5722E-03
-1.2910000E+00,-8.4039E-03,-41.3863E-03
-1.2905000E+00,-8.5044E-03,-43.3964E-03
-1.2900000E+00,-9.1074E-03,-46.6124E-03
-1.2895000E+00,-8.5044E-03,-48.7230E-03
-1.2890000E+00,-9.1074E-03,-51.4366E-03
-1.2885000E+00,-8.9064E-03,-53.6476E-03
-1.2880000E+00,-9.2079E-03,-52.2406E-03
-1.2875000E+00,-9.0069E-03,-49.3260E-03
-1.2870000E+00,-8.8059E-03,-46.8134E-03
-1.2865000E+00,-8.4039E-03,-44.2004E-03
-1.2860000E+00,-8.3034E-03,-42.2908E-03
-1.2855000E+00,-8.2029E-03,-39.6778E-03
-1.2850000E+00,-7.8009E-03,-36.9642E-03
-1.2845000E+00,-7.7004E-03,-34.6526E-03
-1.2840000E+00,-7.8009E-03,-31.9391E-03
-1.2835000E+00,-8.2029E-03,-29.5270E-03
-1.2830000E+00,-7.8009E-03,-26.8134E-03
-1.2825000E+00,-7.3989E-03,-24.6024E-03
-1.2820000E+00,-7.4994E-03,-21.9893E-03
-1.2815000E+00,-7.7004E-03,-19.8788E-03
-1.2810000E+00,-7.4994E-03,-17.1652E-03
-1.2805000E+00,-7.2984E-03,-14.7531E-03
-1.2800000E+00,-7.0974E-03,-12.0396E-03
-1.2795000E+00,-7.7004E-03,-9.8285E-03
-1.2790000E+00,-7.3989E-03,-7.0144E-03
-1.2785000E+00,-7.0974E-03,-4.8034E-03
-1.2780000E+00,-6.7959E-03,-2.1903E-03
-1.2775000E+00,-7.1979E-03,+221.7E-06
-1.2770000E+00,-7.2984E-03,+3.0358E-03
-1.2765000E+00,-7.2984E-03,+4.9454E-03
-1.2760000E+00,-7.2984E-03,+8.1614E-03
-1.2755000E+00,-6.9969E-03,+10.1715E-03
-1.2750000E+00,-7.1979E-03,+12.4830E-03
-1.2745000E+00,-7.1979E-03,+15.0961E-03
-1.2740000E+00,-6.3938E-03,+17.9102E-03
-1.2735000E+00,-6.7959E-03,+20.7242E-03
-1.2730000E+00,-6.7959E-03,+22.9353E-03
-1.2725000E+00,-6.7959E-03,+25.5484E-03
-1.2720000E+00,-6.5948E-03,+27.6589E-03
-1.2715000E+00,-6.5948E-03,+30.4730E-03
-1.2710000E+00,-6.6954E-03,+32.7845E-03
-1.2705000E+00,-6.2933E-03,+35.4981E-03
-1.2700000E+00,-6.2933E-03,+38.2117E-03
-1.2695000E+00,-5.8913E-03,+40.5232E-03
-1.2690000E+00,-6.0923E-03,+43.0358E-03
-1.2685000E+00,-6.1928E-03,+45.1464E-03
-1.2680000E+00,-6.4943E-03,+43.4378E-03
-1.2675000E+00,-5.9918E-03,+41.2268E-03
-1.2670000E+00,-6.0923E-03,+38.9152E-03
-1.2665000E+00,-6.0923E-03,+36.4026E-03
-1.2660000E+00,-5.9918E-03,+33.5886E-03
-1.2655000E+00,-6.0923E-03,+30.9755E-03
-1.2650000E+00,-6.1928E-03,+28.6639E-03
-1.2645000E+00,-6.1928E-03,+26.2519E-03
-1.2640000E+00,-6.3938E-03,+23.8398E-03
-1.2635000E+00,-5.7908E-03,+21.2268E-03
-1.2630000E+00,-6.5948E-03,+18.8147E-03
-1.2625000E+00,-6.7959E-03,+16.0006E-03
-1.2620000E+00,-6.5948E-03,+13.5886E-03
-1.2615000E+00,-6.8964E-03,+10.9755E-03
-1.2610000E+00,-6.8964E-03,+8.5634E-03
-1.2605000E+00,-6.9969E-03,+5.8499E-03
-1.2600000E+00,-7.1979E-03,+2.9353E-03
-1.2595000E+00,-7.0974E-03,+1.0258E-03
-1.2590000E+00,-7.4994E-03,-1.9893E-03
-1.2585000E+00,-7.3989E-03,-4.3009E-03
-1.2580000E+00,-7.2984E-03,-6.6124E-03
-1.2575000E+00,-7.3989E-03,-9.1250E-03
-1.2570000E+00,-7.4994E-03,-11.4366E-03
-1.2565000E+00,-7.9014E-03,-13.9491E-03
-1.2560000E+00,-8.1024E-03,-16.1602E-03
-1.2555000E+00,-7.8009E-03,-19.0747E-03
-1.2550000E+00,-7.8009E-03,-21.5873E-03
-1.2545000E+00,-8.0019E-03,-23.9994E-03
-1.2540000E+00,-8.3034E-03,-26.2104E-03
-1.2535000E+00,-8.4039E-03,-28.7230E-03
-1.2530000E+00,-8.4039E-03,-31.8386E-03
-1.2525000E+00,-8.5044E-03,-33.8486E-03
-1.2520000E+00,-8.4039E-03,-36.2607E-03
-1.2515000E+00,-8.3034E-03,-39.0747E-03
-1.2510000E+00,-8.6049E-03,-41.0848E-03
-1.2505000E+00,-8.6049E-03,-43.9994E-03
-1.2500000E+00,-9.1074E-03,-46.5119E-03
-1.2495000E+00,-9.3084E-03,-48.6225E-03
-1.2490000E+00,-8.7054E-03,-51.4366E-03
-1.2485000E+00,-9.0069E-03,-53.3461E-03
-1.2480000E+00,-9.3084E-03,-52.0396E-03
-1.2475000E+00,-8.8059E-03,-49.6275E-03
-1.2470000E+00,-8.4039E-03,-46.7129E-03
-1.2465000E+00,-8.2029E-03,-44.3009E-03
-1.2460000E+00,-8.3034E-03,-41.8888E-03
-1.2455000E+00,-8.1024E-03,-39.4768E-03
-1.2450000E+00,-8.0019E-03,-37.3662E-03
-1.2445000E+00,-7.8009E-03,-34.4516E-03
-1.2440000E+00,-7.7004E-03,-32.0396E-03
-1.2435000E+00,-8.3034E-03,-29.7280E-03
-1.2430000E+00,-7.9014E-03,-26.9139E-03
-1.2425000E+00,-7.7004E-03,-24.5019E-03
-1.2420000E+00,-7.4994E-03,-21.7883E-03
-1.2415000E+00,-7.4994E-03,-19.4768E-03
-1.2410000E+00,-7.1979E-03,-16.9642E-03
-1.2405000E+00,-7.4994E-03,-14.4516E-03
-1.2400000E+00,-7.3989E-03,-11.5371E-03
-1.2395000E+00,-7.5999E-03,-9.5270E-03
-1.2390000E+00,-7.3989E-03,-7.3160E-03
-1.2385000E+00,-7.1979E-03,-4.5019E-03
-1.2380000E+00,-7.0974E-03,-1.8888E-03
-1.2375000E+00,-7.4994E-03,+121.2E-06
-1.2370000E+00,-7.2984E-03,+2.8348E-03
-1.2365000E+00,-6.7959E-03,+5.0459E-03
-1.2360000E+00,-6.9969E-03,+7.7594E-03
-1.2355000E+00,-7.2984E-03,+10.1715E-03
-1.2350000E+00,-7.2984E-03,+12.8850E-03
-1.2345000E+00,-7.0974E-03,+15.3976E-03
-1.2340000E+00,-6.8964E-03,+17.8097E-03
-1.2335000E+00,-6.9969E-03,+20.3222E-03
-1.2330000E+00,-7.0974E-03,+22.9353E-03
-1.2325000E+00,-6.3938E-03,+25.6489E-03
-1.2320000E+00,-6.2933E-03,+28.0609E-03
-1.2315000E+00,-6.5948E-03,+30.3725E-03
-1.2310000E+00,-6.5948E-03,+33.0861E-03
-1.2305000E+00,-6.5948E-03,+35.7996E-03
-1.2300000E+00,-5.9918E-03,+37.9102E-03
-1.2295000E+00,-6.0923E-03,+40.4227E-03
-1.2290000E+00,-6.3938E-03,+42.8348E-03
-1.2285000E+00,-6.5948E-03,+45.2469E-03
-1.2280000E+00,-6.2933E-03,+43.6388E-03
-1.2275000E+00,-6.1928E-03,+41.0258E-03
-1.2270000E+00,-6.8964E-03,+38.7142E-03
-1.2265000E+00,-6.4943E-03,+36.2016E-03
-1.2260000E+00,-6.6954E-03,+33.2871E-03
-1.2255000E+00,-6.3938E-03,+31.0760E-03
-1.2250000E+00,-6.2933E-03,+28.4629E-03
-1.2245000E+00,-6.8964E-03,+25.9504E-03
-1.2240000E+00,-6.4943E-03,+23.2368E-03
-1.2235000E+00,-6.5948E-03,+20.6237E-03
-1.2230000E+00,-6.6954E-03,+18.8147E-03
-1.2225000E+00,-7.0974E-03,+16.1011E-03
-1.2220000E+00,-6.8964E-03,+13.3876E-03
-1.2215000E+00,-6.9969E-03,+10.8750E-03
-1.2210000E+00,-7.2984E-03,+8.3624E-03
-1.2205000E+00,-7.1979E-03,+5.5484E-03
-1.2200000E+00,-7.0974E-03,+3.0358E-03
-1.2195000E+00,-7.2984E-03,+925.3E-06
-1.2190000E+00,-6.8964E-03,-1.7883E-03
-1.2185000E+00,-7.4994E-03,-4.5019E-03
-1.2180000E+00,-7.8009E-03,-6.7129E-03
-1.2175000E+00,-8.1024E-03,-9.1250E-03
-1.2170000E+00,-7.7004E-03,-11.1351E-03
-1.2165000E+00,-8.2029E-03,-14.3511E-03
-1.2160000E+00,-7.9014E-03,-16.4617E-03
-1.2155000E+00,-8.4039E-03,-19.0747E-03
-1.2150000E+00,-8.1024E-03,-21.8888E-03
-1.2145000E+00,-8.2029E-03,-24.3009E-03
-1.2140000E+00,-8.5044E-03,-26.4114E-03
-1.2135000E+00,-8.4039E-03,-28.8235E-03
-1.2130000E+00,-8.6049E-03,-31.4366E-03
-1.2125000E+00,-8.4039E-03,-33.8486E-03
-1.2120000E+00,-9.2079E-03,-36.5622E-03
-1.2115000E+00,-9.0069E-03,-38.8737E-03
-1.2110000E+00,-8.9064E-03,-41.1853E-03
-1.2105000E+00,-9.0069E-03,-43.5974E-03
-1.2100000E+00,-9.2079E-03,-46.3109E-03
-1.2095000E+00,-9.4089E-03,-48.7230E-03
-1.2090000E+00,-9.1074E-03,-51.4366E-03
-1.2085000E+00,-9.3084E-03,-53.4466E-03
-1.2080000E+00,-9.4089E-03,-52.1401E-03
-1.2075000E+00,-9.1074E-03,-49.4265E-03
-1.2070000E+00,-8.7054E-03,-46.6124E-03
-1.2065000E+00,-8.6049E-03,-44.2004E-03
-1.2060000E+00,-8.9064E-03,-42.0898E-03
-1.2055000E+00,-8.7054E-03,-39.5773E-03
-1.2050000E+00,-8.6049E-03,-37.0647E-03
-1.2045000E+00,-8.0019E-03,-34.2506E-03
-1.2040000E+00,-8.2029E-03,-32.4416E-03
-1.2035000E+00,-8.4039E-03,-29.7280E-03
-1.2030000E+00,-7.5999E-03,-27.0144E-03
-1.2025000E+00,-8.2029E-03,-24.6024E-03
-1.2020000E+00,-8.0019E-03,-21.7883E-03
-1.2015000E+00,-8.1024E-03,-19.6778E-03
-1.2010000E+00,-8.0019E-03,-17.3662E-03
-1.2005000E+00,-7.9014E-03,-14.4516E-03
-1.2000000E+00,-7.5999E-03,-11.7381E-03
-1.1995000E+00,-7.7004E-03,-9.6275E-03
-1.1990000E+00,-7.5999E-03,-7.0144E-03
-1.1985000E+00,-7.4994E-03,-4.6024E-03
-1.1980000E+00,-7.2984E-03,-2.3913E-03
-1.1975000E+00,-7.9014E-03,+322.2E-06
-1.1970000E+00,-7.4994E-03,+2.5333E-03
-1.1965000E+00,-7.0974E-03,+5.4479E-03
-1.1960000E+00,-7.3989E-03,+7.4579E-03
-1.1955000E+00,-7.4994E-03,+10.3725E-03
-1.1950000E+00,-7.1979E-03,+13.1866E-03
-1.1945000E+00,-6.6954E-03,+15.1966E-03
-1.1940000E+00,-7.2984E-03,+17.6087E-03
-1.1935000E+00,-7.3989E-03,+19.9202E-03
-1.1930000E+00,-7.1979E-03,+23.0358E-03
-1.1925000E+00,-6.9969E-03,+25.3474E-03
-1.1920000E+00,-6.8964E-03,+27.5584E-03
-1.1915000E+00,-6.9969E-03,+30.4730E-03
-1.1910000E+00,-6.3938E-03,+32.7845E-03
-1.1905000E+00,-6.4943E-03,+35.5986E-03
-1.1900000E+00,-6.2933E-03,+37.9102E-03
-1.1895000E+00,-6.6954E-03,+40.6237E-03
-1.1890000E+00,-6.5948E-03,+42.8348E-03
-1.1885000E+00,-6.4943E-03,+45.1464E-03
-1.1880000E+00,-6.3938E-03,+43.4378E-03
-1.1875000E+00,-6.2933E-03,+41.0258E-03
-1.1870000E+00,-6.2933E-03,+38.5132E-03
-1.1865000E+00,-6.2933E-03,+36.0006E-03
-1.1860000E+00,-6.1928E-03,+33.1866E-03
-1.1855000E+00,-6.4943E-03,+31.1765E-03
-1.1850000E+00,-5.9918E-03,+28.5634E-03
-1.1845000E+00,-6.5948E-03,+26.3524E-03
-1.1840000E+00,-6.2933E-03,+23.6388E-03
-1.1835000E+00,-6.3938E-03,+21.0258E-03
-1.1830000E+00,-6.9969E-03,+18.0107E-03
-1.1825000E+00,-6.7959E-03,+16.0006E-03
-1.1820000E+00,-6.5948E-03,+13.1866E-03
-1.1815000E+00,-6.6954E-03,+10.6740E-03
-1.1810000E+00,-7.1979E-03,+8.0609E-03
-1.1805000E+00,-7.3989E-03,+6.3524E-03
-1.1800000E+00,-7.0974E-03,+3.4378E-03
-1.1795000E+00,-6.7959E-03,+1.3273E-03
-1.1790000E+00,-7.3989E-03,-1.3863E-03
-1.1785000E+00,-7.8009E-03,-4.3009E-03
-1.1780000E+00,-7.4994E-03,-6.4114E-03
-1.1775000E+00,-7.3989E-03,-9.2255E-03
-1.1770000E+00,-7.8009E-03,-11.4366E-03
-1.1765000E+00,-8.4039E-03,-13.7481E-03
-1.1760000E+00,-8.3034E-03,-16.6627E-03
-1.1755000E+00,-8.5044E-03,-18.9742E-03
-1.1750000E+00,-8.6049E-03,-21.1853E-03
-1.1745000E+00,-8.3034E-03,-23.9994E-03
-1.1740000E+00,-8.2029E-03,-26.2104E-03
-1.1735000E+00,-8.3034E-03,-29.2255E-03
-1.1730000E+00,-8.8059E-03,-31.6376E-03
-1.1725000E+00,-8.5044E-03,-33.6476E-03
-1.1720000E+00,-9.2079E-03,-36.2607E-03
-1.1715000E+00,-8.9064E-03,-38.5722E-03
-1.1710000E+00,-8.6049E-03,-40.9843E-03
-1.1705000E+00,-9.1074E-03,-43.8989E-03
-1.1700000E+00,-9.2079E-03,-45.8084E-03
-1.1695000E+00,-9.2079E-03,-48.3210E-03
-1.1690000E+00,-9.0069E-03,-51.3361E-03
-1.1685000E+00,-9.5094E-03,-53.2456E-03
-1.1680000E+00,-9.2079E-03,-52.1401E-03
-1.1675000E+00,-9.3084E-03,-49.1250E-03
-1.1670000E+00,-8.5044E-03,-47.0144E-03
-1.1665000E+00,-8.9064E-03,-44.4014E-03
-1.1660000E+00,-8.9064E-03,-41.8888E-03
-1.1655000E+00,-8.6049E-03,-39.2758E-03
-1.1650000E+00,-8.2029E-03,-37.3662E-03
-1.1645000E+00,-8.1024E-03,-34.2506E-03
-1.1640000E+00,-8.2029E-03,-32.0396E-03
-1.1635000E+00,-7.8009E-03,-29.3260E-03
-1.1630000E+00,-8.1024E-03,-27.0144E-03
-1.1625000E+00,-7.8009E-03,-24.3009E-03
-1.1620000E+00,-8.0019E-03,-21.9893E-03
-1.1615000E+00,-7.5999E-03,-19.3763E-03
-1.1610000E+00,-7.4994E-03,-17.0647E-03
-1.1605000E+00,-7.3989E-03,-14.1501E-03
-1.1600000E+00,-8.2029E-03,-12.0396E-03
-1.1595000E+00,-7.7004E-03,-9.6275E-03
-1.1590000E+00,-7.4994E-03,-7.2155E-03
-1.1585000E+00,-6.8964E-03,-4.3009E-03
-1.1580000E+00,-7.5999E-03,-2.3913E-03
-1.1575000E+00,-7.4994E-03,+523.2E-06
-1.1570000E+00,-7.8009E-03,+2.8348E-03
-1.1565000E+00,-6.8964E-03,+5.4479E-03
-1.1560000E+00,-6.9969E-03,+7.7594E-03
-1.1555000E+00,-7.2984E-03,+9.8700E-03
-1.1550000E+00,-6.8964E-03,+12.9856E-03
-1.1545000E+00,-7.1979E-03,+15.3976E-03
-1.1540000E+00,-6.9969E-03,+17.7092E-03
-1.1535000E+00,-6.8964E-03,+20.4227E-03
-1.1530000E+00,-6.7959E-03,+23.1363E-03
-1.1525000E+00,-6.5948E-03,+25.5484E-03
-1.1520000E+00,-6.7959E-03,+28.0609E-03
-1.1515000E+00,-6.8964E-03,+30.3725E-03
-1.1510000E+00,-6.6954E-03,+32.5835E-03
-1.1505000E+00,-6.3938E-03,+35.1966E-03
-1.1500000E+00,-6.1928E-03,+38.2117E-03
-1.1495000E+00,-6.3938E-03,+40.4227E-03
-1.1490000E+00,-6.4943E-03,+43.1363E-03
-1.1485000E+00,-6.1928E-03,+45.0459E-03
-1.1480000E+00,-6.2933E-03,+43.6388E-03
-1.1475000E+00,-6.0923E-03,+41.3273E-03
-1.1470000E+00,-6.1928E-03,+39.0157E-03
-1.1465000E+00,-6.1928E-03,+36.1011E-03
-1.1460000E+00,-6.1928E-03,+33.8901E-03
-1.1455000E+00,-6.1928E-03,+30.8750E-03
-1.1450000E+00,-6.3938E-03,+28.5634E-03
-1.1445000E+00,-6.1928E-03,+25.9504E-03
-1.1440000E+00,-6.1928E-03,+23.4378E-03
-1.1435000E+00,-6.2933E-03,+20.7242E-03
-1.1430000E+00,-7.1979E-03,+18.2117E-03
-1.1425000E+00,-6.3938E-03,+15.9001E-03
-1.1420000E+00,-6.4943E-03,+13.5886E-03
-1.1415000E+00,-6.5948E-03,+10.6740E-03
-1.1410000E+00,-6.9969E-03,+8.6639E-03
-1.1405000E+00,-6.9969E-03,+6.0509E-03
-1.1400000E+00,-6.9969E-03,+3.4378E-03
-1.1395000E+00,-6.9969E-03,+1.2268E-03
-1.1390000E+00,-7.1979E-03,-1.3863E-03
-1.1385000E+00,-7.5999E-03,-3.3964E-03
-1.1380000E+00,-7.3989E-03,-6.7129E-03
-1.1375000E+00,-7.4994E-03,-8.7230E-03
-1.1370000E+00,-7.8009E-03,-11.4366E-03
-1.1365000E+00,-8.0019E-03,-13.5471E-03
-1.1360000E+00,-8.0019E-03,-16.4617E-03
-1.1355000E+00,-7.8009E-03,-18.6727E-03
-1.1350000E+00,-8.3034E-03,-21.0848E-03
-1.1345000E+00,-8.7054E-03,-23.7984E-03
-1.1340000E+00,-8.5044E-03,-26.1099E-03
-1.1335000E+00,-8.3034E-03,-29.2255E-03
-1.1330000E+00,-8.8059E-03,-31.3361E-03
-1.1325000E+00,-8.9064E-03,-33.9491E-03
-1.1320000E+00,-8.7054E-03,-36.3612E-03
-1.1315000E+00,-8.4039E-03,-38.8737E-03
-1.1310000E+00,-8.8059E-03,-41.6878E-03
-1.1305000E+00,-9.1074E-03,-43.5974E-03
-1.1300000E+00,-8.8059E-03,-45.9089E-03
-1.1295000E+00,-9.2079E-03,-48.5220E-03
-1.1290000E+00,-9.0069E-03,-50.9340E-03
-1.1285000E+00,-9.5094E-03,-53.8486E-03
-1.1280000E+00,-9.4089E-03,-51.7381E-03
-1.1275000E+00,-8.9064E-03,-49.2255E-03
-1.1270000E+00,-8.5044E-03,-47.3160E-03
-1.1265000E+00,-8.7054E-03,-44.7029E-03
-1.1260000E+00,-8.6049E-03,-41.9893E-03
-1.1255000E+00,-8.2029E-03,-39.4768E-03
-1.1250000E+00,-7.8009E-03,-37.0647E-03
-1.1245000E+00,-7.9014E-03,-34.5521E-03
-1.1240000E+00,-8.3034E-03,-32.2406E-03
-1.1235000E+00,-7.7004E-03,-28.9240E-03
-1.1230000E+00,-7.9014E-03,-26.9139E-03
-1.1225000E+00,-7.7004E-03,-24.5019E-03
-1.1220000E+00,-8.1024E-03,-22.2908E-03
-1.1215000E+00,-7.4994E-03,-19.7783E-03
-1.1210000E+00,-7.0974E-03,-17.1652E-03
-1.1205000E+00,-7.5999E-03,-14.3511E-03
-1.1200000E+00,-8.6049E-03,-12.3411E-03
-1.1195000E+00,-7.5999E-03,-9.2255E-03
-1.1190000E+00,-7.2984E-03,-7.3160E-03
-1.1185000E+00,-7.3989E-03,-4.4014E-03
-1.1180000E+00,-7.3989E-03,-2.4918E-03
-1.1175000E+00,-7.2984E-03,+523.2E-06
-1.1170000E+00,-7.2984E-03,+2.7343E-03
-1.1165000E+00,-7.0974E-03,+5.2469E-03
-1.1160000E+00,-7.3989E-03,+7.5584E-03
-1.1155000E+00,-7.3989E-03,+10.1715E-03
-1.1150000E+00,-6.9969E-03,+12.6840E-03
-1.1145000E+00,-7.0974E-03,+15.0961E-03
-1.1140000E+00,-7.3989E-03,+18.3122E-03
-1.1135000E+00,-7.2984E-03,+20.4227E-03
-1.1130000E+00,-7.1979E-03,+22.3323E-03
-1.1125000E+00,-6.5948E-03,+25.1464E-03
-1.1120000E+00,-6.4943E-03,+27.6589E-03
-1.1115000E+00,-6.5948E-03,+30.2720E-03
-1.1110000E+00,-6.2933E-03,+33.1866E-03
-1.1105000E+00,-6.3938E-03,+34.7946E-03
-1.1100000E+00,-6.3938E-03,+37.6087E-03
-1.1095000E+00,-6.2933E-03,+40.2217E-03
-1.1090000E+00,-6.5948E-03,+42.8348E-03
-1.1085000E+00,-6.2933E-03,+44.7443E-03
-1.1080000E+00,-6.0923E-03,+43.7393E-03
-1.1075000E+00,-6.2933E-03,+41.3273E-03
-1.1070000E+00,-5.8913E-03,+38.9152E-03
-1.1065000E+00,-5.9918E-03,+35.7996E-03
-1.1060000E+00,-6.2933E-03,+33.7896E-03
-1.1055000E+00,-6.3938E-03,+31.3775E-03
-1.1050000E+00,-6.3938E-03,+28.6639E-03
-1.1045000E+00,-6.4943E-03,+25.8499E-03
-1.1040000E+00,-6.4943E-03,+23.3373E-03
-1.1035000E+00,-6.5948E-03,+20.8247E-03
-1.1030000E+00,-6.6954E-03,+18.4127E-03
-1.1025000E+00,-6.6954E-03,+16.2016E-03
-1.1020000E+00,-6.2933E-03,+12.9856E-03
-1.1015000E+00,-6.4943E-03,+10.8750E-03
-1.1010000E+00,-7.0974E-03,+8.1614E-03
-1.1005000E+00,-7.0974E-03,+5.7494E-03
-1.1000000E+00,-7.0974E-03,+3.2368E-03
-1.0995000E+00,-6.7959E-03,+1.2268E-03
-1.0990000E+00,-7.4994E-03,-1.5873E-03
-1.0985000E+00,-7.3989E-03,-4.2004E-03
-1.0980000E+00,-7.3989E-03,-6.4114E-03
-1.0975000E+00,-7.5999E-03,-9.0245E-03
-1.0970000E+00,-7.5999E-03,-11.0345E-03
-1.0965000E+00,-8.2029E-03,-13.8486E-03
-1.0960000E+00,-7.7004E-03,-16.1602E-03
-1.0955000E+00,-7.5999E-03,-18.6727E-03
-1.0950000E+00,-7.9014E-03,-21.3863E-03
-1.0945000E+00,-8.2029E-03,-23.7984E-03
-1.0940000E+00,-8.1024E-03,-26.4114E-03
-1.0935000E+00,-8.1024E-03,-28.9240E-03
-1.0930000E+00,-8.5044E-03,-31.2356E-03
-1.0925000E+00,-8.4039E-03,-33.8486E-03
-1.0920000E+00,-8.5044E-03,-36.4617E-03
-1.0915000E+00,-8.4039E-03,-39.3763E-03
-1.0910000E+00,-8.5044E-03,-41.0848E-03
-1.0905000E+00,-9.1074E-03,-43.8989E-03
-1.0900000E+00,-8.9064E-03,-46.1099E-03
-1.0895000E+00,-8.9064E-03,-48.7230E-03
-1.0890000E+00,-8.6049E-03,-51.3361E-03
-1.0885000E+00,-9.1074E-03,-53.6476E-03
-1.0880000E+00,-8.5044E-03,-51.7381E-03
-1.0875000E+00,-8.4039E-03,-49.4265E-03
-1.0870000E+00,-8.5044E-03,-46.7129E-03
-1.0865000E+00,-8.3034E-03,-44.2004E-03
-1.0860000E+00,-8.2029E-03,-41.5873E-03
-1.0855000E+00,-8.1024E-03,-39.1753E-03
-1.0850000E+00,-8.1024E-03,-36.6627E-03
-1.0845000E+00,-7.9014E-03,-34.6526E-03
-1.0840000E+00,-8.0019E-03,-31.9391E-03
-1.0835000E+00,-8.0019E-03,-29.7280E-03
-1.0830000E+00,-7.5999E-03,-26.9139E-03
-1.0825000E+00,-7.9014E-03,-24.7029E-03
-1.0820000E+00,-7.7004E-03,-21.5873E-03
-1.0815000E+00,-7.7004E-03,-19.4768E-03
-1.0810000E+00,-7.3989E-03,-17.1652E-03
-1.0805000E+00,-7.3989E-03,-14.2506E-03
-1.0800000E+00,-7.3989E-03,-12.0396E-03
-1.0795000E+00,-7.3989E-03,-9.5270E-03
-1.0790000E+00,-7.0974E-03,-6.9139E-03
-1.0785000E+00,-7.0974E-03,-4.5019E-03
-1.0780000E+00,-7.2984E-03,-2.4918E-03
-1.0775000E+00,-7.3989E-03,+121.2E-06
-1.0770000E+00,-7.2984E-03,+2.6338E-03
-1.0765000E+00,-7.7004E-03,+5.1464E-03
-1.0760000E+00,-7.5999E-03,+7.2569E-03
-1.0755000E+00,-7.4994E-03,+10.2720E-03
-1.0750000E+00,-7.2984E-03,+12.8850E-03
-1.0745000E+00,-6.7959E-03,+15.2971E-03
-1.0740000E+00,-7.0974E-03,+17.6087E-03
-1.0735000E+00,-7.1979E-03,+20.1212E-03
-1.0730000E+00,-6.7959E-03,+22.7343E-03
-1.0725000E+00,-6.7959E-03,+25.2469E-03
-1.0720000E+00,-7.0974E-03,+27.7594E-03
-1.0715000E+00,-6.7959E-03,+30.2720E-03
-1.0710000E+00,-6.7959E-03,+32.8850E-03
-1.0705000E+00,-5.9918E-03,+35.0961E-03
-1.0700000E+00,-6.2933E-03,+37.8097E-03
-1.0695000E+00,-6.5948E-03,+40.6237E-03
-1.0690000E+00,-6.3938E-03,+42.9353E-03
-1.0685000E+00,-6.0923E-03,+44.8448E-03
-1.0680000E+00,-6.0923E-03,+43.6388E-03
-1.0675000E+00,-6.5948E-03,+40.8247E-03
-1.0670000E+00,-6.1928E-03,+38.3122E-03
-1.0665000E+00,-6.2933E-03,+36.1011E-03
-1.0660000E+00,-6.0923E-03,+33.3876E-03
-1.0655000E+00,-6.5948E-03,+30.7745E-03
-1.0650000E+00,-6.4943E-03,+28.3624E-03
-1.0645000E+00,-6.5948E-03,+25.7494E-03
-1.0640000E+00,-6.5948E-03,+23.5383E-03
-1.0635000E+00,-6.6954E-03,+20.6237E-03
-1.0630000E+00,-7.1979E-03,+18.3122E-03
-1.0625000E+00,-6.7959E-03,+15.9001E-03
-1.0620000E+00,-6.6954E-03,+13.8901E-03
-1.0615000E+00,-6.7959E-03,+10.7745E-03
-1.0610000E+00,-6.7959E-03,+8.6639E-03
-1.0605000E+00,-7.2984E-03,+5.9504E-03
-1.0600000E+00,-6.8964E-03,+3.2368E-03
-1.0595000E+00,-7.5999E-03,+724.2E-06
-1.0590000E+00,-7.8009E-03,-1.6878E-03
-1.0585000E+00,-7.8009E-03,-4.0999E-03
-1.0580000E+00,-7.3989E-03,-6.5119E-03
-1.0575000E+00,-7.7004E-03,-8.9240E-03
-1.0570000E+00,-7.8009E-03,-11.4366E-03
-1.0565000E+00,-7.9014E-03,-13.5471E-03
-1.0560000E+00,-8.0019E-03,-16.5622E-03
-1.0555000E+00,-8.3034E-03,-18.8737E-03
-1.0550000E+00,-8.4039E-03,-21.3863E-03
-1.0545000E+00,-8.5044E-03,-23.6979E-03
-1.0540000E+00,-8.1024E-03,-26.2104E-03
-1.0535000E+00,-8.5044E-03,-28.6225E-03
-1.0530000E+00,-9.0069E-03,-31.3361E-03
-1.0525000E+00,-8.9064E-03,-33.7481E-03
-1.0520000E+00,-8.7054E-03,-36.1602E-03
-1.0515000E+00,-8.9064E-03,-38.8737E-03
-1.0510000E+00,-9.0069E-03,-41.3863E-03
-1.0505000E+00,-9.4089E-03,-43.9994E-03
-1.0500000E+00,-8.8059E-03,-46.3109E-03
-1.0495000E+00,-9.0069E-03,-48.9240E-03
-1.0490000E+00,-9.4089E-03,-51.4366E-03
-1.0485000E+00,-9.4089E-03,-53.8486E-03
-1.0480000E+00,-9.4089E-03,-52.1401E-03
-1.0475000E+00,-9.2079E-03,-49.6275E-03
-1.0470000E+00,-9.1074E-03,-46.8134E-03
-1.0465000E+00,-8.9064E-03,-44.3009E-03
-1.0460000E+00,-8.8059E-03,-42.0898E-03
-1.0455000E+00,-8.8059E-03,-39.5773E-03
-1.0450000E+00,-8.4039E-03,-36.8637E-03
-1.0445000E+00,-8.7054E-03,-34.1501E-03
-1.0440000E+00,-8.2029E-03,-31.8386E-03
-1.0435000E+00,-8.1024E-03,-29.4265E-03
-1.0430000E+00,-8.0019E-03,-27.0144E-03
-1.0425000E+00,-8.3034E-03,-24.4014E-03
-1.0420000E+00,-8.1024E-03,-21.5873E-03
-1.0415000E+00,-8.1024E-03,-19.2758E-03
-1.0410000E+00,-7.9014E-03,-17.2657E-03
-1.0405000E+00,-7.8009E-03,-14.6526E-03
-1.0400000E+00,-7.8009E-03,-11.9391E-03
-1.0395000E+00,-7.5999E-03,-9.5270E-03
-1.0390000E+00,-7.7004E-03,-7.2155E-03
-1.0385000E+00,-7.7004E-03,-4.6024E-03
-1.0380000E+00,-7.7004E-03,-2.1903E-03
-1.0375000E+00,-7.5999E-03,+322.2E-06
-1.0370000E+00,-7.9014E-03,+2.6338E-03
-1.0365000E+00,-7.3989E-03,+5.1464E-03
-1.0360000E+00,-7.5999E-03,+7.5584E-03
-1.0355000E+00,-7.4994E-03,+10.1715E-03
-1.0350000E+00,-7.3989E-03,+12.3825E-03
-1.0345000E+00,-7.3989E-03,+15.1966E-03
-1.0340000E+00,-7.4994E-03,+17.5082E-03
-1.0335000E+00,-7.3989E-03,+20.5232E-03
-1.0330000E+00,-7.1979E-03,+22.6338E-03
-1.0325000E+00,-7.0974E-03,+25.3474E-03
-1.0320000E+00,-6.8964E-03,+27.7594E-03
-1.0315000E+00,-6.8964E-03,+30.3725E-03
-1.0310000E+00,-6.5948E-03,+32.4830E-03
-1.0305000E+00,-6.1928E-03,+35.4981E-03
-1.0300000E+00,-6.7959E-03,+37.7092E-03
-1.0295000E+00,-7.0974E-03,+40.3222E-03
-1.0290000E+00,-6.5948E-03,+42.6338E-03
-1.0285000E+00,-6.2933E-03,+44.8448E-03
-1.0280000E+00,-6.4943E-03,+43.3373E-03
-1.0275000E+00,-6.5948E-03,+41.1263E-03
-1.0270000E+00,-6.1928E-03,+38.4127E-03
-1.0265000E+00,-6.1928E-03,+35.7996E-03
-1.0260000E+00,-6.5948E-03,+33.4881E-03
-1.0255000E+00,-6.6954E-03,+30.7745E-03
-1.0250000E+00,-6.6954E-03,+28.4629E-03
-1.0245000E+00,-6.4943E-03,+25.8499E-03
-1.0240000E+00,-6.5948E-03,+23.6388E-03
-1.0235000E+00,-7.1979E-03,+21.0258E-03
-1.0230000E+00,-6.8964E-03,+18.1112E-03
-1.0225000E+00,-7.0974E-03,+15.7996E-03
-1.0220000E+00,-6.9969E-03,+13.3876E-03
-1.0215000E+00,-6.9969E-03,+10.5735E-03
-1.0210000E+00,-7.1979E-03,+8.5634E-03
-1.0205000E+00,-6.9969E-03,+5.5484E-03
-1.0200000E+00,-7.3989E-03,+3.3373E-03
-1.0195000E+00,-7.1979E-03,+724.2E-06
-1.0190000E+00,-7.5999E-03,-1.2858E-03
-1.0185000E+00,-7.4994E-03,-3.9994E-03
-1.0180000E+00,-7.1979E-03,-6.5119E-03
-1.0175000E+00,-7.4994E-03,-9.1250E-03
-1.0170000E+00,-8.1024E-03,-11.8386E-03
-1.0165000E+00,-7.9014E-03,-13.9491E-03
-1.0160000E+00,-8.1024E-03,-16.3612E-03
-1.0155000E+00,-8.4039E-03,-18.7732E-03
-1.0150000E+00,-8.3034E-03,-21.6878E-03
-1.0145000E+00,-8.2029E-03,-24.2004E-03
-1.0140000E+00,-8.2029E-03,-26.7129E-03
-1.0135000E+00,-8.4039E-03,-28.7230E-03
-1.0130000E+00,-8.9064E-03,-31.8386E-03
-1.0125000E+00,-8.5044E-03,-34.0496E-03
-1.0120000E+00,-8.8059E-03,-36.5622E-03
-1.0115000E+00,-9.0069E-03,-39.2758E-03
-1.0110000E+00,-9.6099E-03,-41.7883E-03
-1.0105000E+00,-9.2079E-03,-44.2004E-03
-1.0100000E+00,-9.1074E-03,-46.8134E-03
-1.0095000E+00,-9.2079E-03,-49.3260E-03
-1.0090000E+00,-9.3084E-03,-51.4366E-03
-1.0085000E+00,-9.5094E-03,-53.5471E-03
-1.0080000E+00,-9.3084E-03,-52.1401E-03
-1.0075000E+00,-8.8059E-03,-49.6275E-03
-1.0070000E+00,-9.0069E-03,-47.3160E-03
-1.0065000E+00,-9.1074E-03,-44.7029E-03
-1.0060000E+00,-8.4039E-03,-42.0898E-03
-1.0055000E+00,-8.5044E-03,-39.6778E-03
-1.0050000E+00,-8.3034E-03,-37.0647E-03
-1.0045000E+00,-8.5044E-03,-34.8536E-03
-1.0040000E+00,-8.1024E-03,-32.4416E-03
-1.0035000E+00,-8.2029E-03,-29.4265E-03
-1.0030000E+00,-7.9014E-03,-26.9139E-03
-1.0025000E+00,-8.2029E-03,-24.5019E-03
-1.0020000E+00,-8.2029E-03,-22.1903E-03
-1.0015000E+00,-7.5999E-03,-19.7783E-03
-1.0010000E+00,-7.3989E-03,-17.0647E-03
-1.0005000E+00,-7.9014E-03,-14.6526E-03
-1.0000000E+00,-7.8009E-03,-12.0396E-03
-999.5000E-03,-7.5999E-03,-9.8285E-03
-999.0000E-03,-7.2984E-03,-6.9139E-03
-998.5000E-03,-7.9014E-03,-5.1049E-03
-998.0000E-03,-7.3989E-03,-2.1903E-03
-997.5000E-03,-7.8009E-03,+20.7E-06
-997.0000E-03,-7.8009E-03,+2.4328E-03
-996.5000E-03,-7.5999E-03,+5.3474E-03
-996.0000E-03,-7.9014E-03,+7.9604E-03
-995.5000E-03,-7.3989E-03,+10.1715E-03
-995.0000E-03,-7.4994E-03,+12.7845E-03
-994.5000E-03,-7.4994E-03,+15.1966E-03
-994.0000E-03,-7.1979E-03,+17.6087E-03
-993.5000E-03,-7.1979E-03,+20.0207E-03
-993.0000E-03,-7.2984E-03,+22.3323E-03
-992.5000E-03,-7.0974E-03,+25.5484E-03
-992.0000E-03,-7.1979E-03,+27.4579E-03
-991.5000E-03,-7.1979E-03,+30.3725E-03
-991.0000E-03,-6.5948E-03,+32.7845E-03
-990.5000E-03,-6.2933E-03,+35.3976E-03
-990.0000E-03,-6.7959E-03,+37.6087E-03
-989.5000E-03,-6.7959E-03,+40.6237E-03
-989.0000E-03,-6.3938E-03,+43.0358E-03
-988.5000E-03,-6.4943E-03,+45.1464E-03
-988.0000E-03,-6.3938E-03,+43.4378E-03
-987.5000E-03,-6.6954E-03,+41.3273E-03
-987.0000E-03,-6.3938E-03,+38.6137E-03
-986.5000E-03,-6.2933E-03,+36.0006E-03
-986.0000E-03,-6.4943E-03,+33.4881E-03
-985.5000E-03,-6.5948E-03,+30.7745E-03
-985.0000E-03,-6.3938E-03,+28.5634E-03
-984.5000E-03,-6.4943E-03,+25.8499E-03
-984.0000E-03,-6.9969E-03,+23.4378E-03
-983.5000E-03,-6.6954E-03,+21.2268E-03
-983.0000E-03,-6.5948E-03,+18.5132E-03
-982.5000E-03,-6.4943E-03,+15.7996E-03
-982.0000E-03,-7.1979E-03,+13.1866E-03
-981.5000E-03,-7.1979E-03,+10.8750E-03
-981.0000E-03,-6.8964E-03,+7.9604E-03
-980.5000E-03,-7.0974E-03,+5.7494E-03
-980.0000E-03,-7.3989E-03,+3.1363E-03
-979.5000E-03,-7.3989E-03,+925.3E-06
-979.0000E-03,-7.3989E-03,-1.2858E-03
-978.5000E-03,-7.2984E-03,-3.8989E-03
-978.0000E-03,-7.2984E-03,-6.6124E-03
-977.5000E-03,-8.2029E-03,-8.9240E-03
-977.0000E-03,-8.0019E-03,-11.3361E-03
-976.5000E-03,-8.3034E-03,-13.9491E-03
-976.0000E-03,-8.0019E-03,-16.2607E-03
-975.5000E-03,-8.1024E-03,-18.7732E-03
-975.0000E-03,-8.6049E-03,-21.1853E-03
-974.5000E-03,-8.3034E-03,-23.7984E-03
-974.0000E-03,-8.3034E-03,-26.6124E-03
-973.5000E-03,-8.4039E-03,-29.2255E-03
-973.0000E-03,-8.6049E-03,-31.5371E-03
-972.5000E-03,-8.6049E-03,-33.7481E-03
-972.0000E-03,-8.4039E-03,-36.7632E-03
-971.5000E-03,-8.7054E-03,-39.2758E-03
-971.0000E-03,-9.1074E-03,-41.4868E-03
-970.5000E-03,-8.8059E-03,-43.4969E-03
-970.0000E-03,-8.8059E-03,-46.2104E-03
-969.5000E-03,-8.9064E-03,-48.9240E-03
-969.0000E-03,-9.1074E-03,-51.5371E-03
-968.5000E-03,-9.3084E-03,-53.4466E-03
-968.0000E-03,-9.1074E-03,-52.3411E-03
-967.5000E-03,-8.8059E-03,-49.2255E-03
-967.0000E-03,-8.9064E-03,-46.8134E-03
-966.5000E-03,-8.6049E-03,-44.5019E-03
-966.0000E-03,-8.4039E-03,-41.7883E-03
-965.5000E-03,-8.4039E-03,-39.1753E-03
-965.0000E-03,-8.6049E-03,-36.9642E-03
-964.5000E-03,-7.9014E-03,-34.1501E-03
-964.0000E-03,-8.0019E-03,-31.6376E-03
-963.5000E-03,-7.8009E-03,-29.4265E-03
-963.0000E-03,-7.5999E-03,-26.7129E-03
-962.5000E-03,-8.0019E-03,-24.2004E-03
-962.0000E-03,-8.1024E-03,-22.0898E-03
-961.5000E-03,-7.2984E-03,-19.6778E-03
-961.0000E-03,-7.4994E-03,-16.8637E-03
-960.5000E-03,-8.1024E-03,-14.2506E-03
-960.0000E-03,-7.8009E-03,-11.8386E-03
-959.5000E-03,-7.4994E-03,-9.7280E-03
-959.0000E-03,-7.2984E-03,-7.2155E-03
-958.5000E-03,-7.4994E-03,-4.6024E-03
-958.0000E-03,-7.2984E-03,-2.4918E-03
-957.5000E-03,-7.3989E-03,+422.7E-06
-957.0000E-03,-7.0974E-03,+2.5333E-03
-956.5000E-03,-7.3989E-03,+5.3474E-03
-956.0000E-03,-7.5999E-03,+7.7594E-03
-955.5000E-03,-6.8964E-03,+10.4730E-03
-955.0000E-03,-6.9969E-03,+12.4830E-03
-954.5000E-03,-7.2984E-03,+15.5986E-03
-954.0000E-03,-7.2984E-03,+18.0107E-03
-953.5000E-03,-6.9969E-03,+20.2217E-03
-953.0000E-03,-6.7959E-03,+22.9353E-03
-952.5000E-03,-6.9969E-03,+25.5484E-03
-952.0000E-03,-6.9969E-03,+27.8599E-03
-951.5000E-03,-6.2933E-03,+30.3725E-03
-951.0000E-03,-6.4943E-03,+32.6840E-03
-950.5000E-03,-6.6954E-03,+35.4981E-03
-950.0000E-03,-6.8964E-03,+37.8097E-03
-949.5000E-03,-6.1928E-03,+40.4227E-03
-949.0000E-03,-6.1928E-03,+43.2368E-03
-948.5000E-03,-6.0923E-03,+45.6489E-03
-948.0000E-03,-6.4943E-03,+43.4378E-03
-947.5000E-03,-5.9918E-03,+41.7293E-03
-947.0000E-03,-6.0923E-03,+38.7142E-03
-946.5000E-03,-6.2933E-03,+36.2016E-03
-946.0000E-03,-6.3938E-03,+33.7896E-03
-945.5000E-03,-5.9918E-03,+30.7745E-03
-945.0000E-03,-6.3938E-03,+28.3624E-03
-944.5000E-03,-6.2933E-03,+25.8499E-03
-944.0000E-03,-6.8964E-03,+23.6388E-03
-943.5000E-03,-6.4943E-03,+21.2268E-03
-943.0000E-03,-6.4943E-03,+18.3122E-03
-942.5000E-03,-6.4943E-03,+16.0006E-03
-942.0000E-03,-6.7959E-03,+13.2871E-03
-941.5000E-03,-6.7959E-03,+10.5735E-03
-941.0000E-03,-6.9969E-03,+8.5634E-03
-940.5000E-03,-6.9969E-03,+5.9504E-03
-940.0000E-03,-7.2984E-03,+3.3373E-03
-939.5000E-03,-7.3989E-03,+1.0258E-03
-939.0000E-03,-7.4994E-03,-1.6878E-03
-938.5000E-03,-7.1979E-03,-3.9994E-03
-938.0000E-03,-7.9014E-03,-6.3109E-03
-937.5000E-03,-7.9014E-03,-8.8235E-03
-937.0000E-03,-7.9014E-03,-11.3361E-03
-936.5000E-03,-7.9014E-03,-14.1501E-03
-936.0000E-03,-7.9014E-03,-16.6627E-03
-935.5000E-03,-8.2029E-03,-19.1753E-03
-935.0000E-03,-8.4039E-03,-21.0848E-03
-934.5000E-03,-8.4039E-03,-23.9994E-03
-934.0000E-03,-8.5044E-03,-26.1099E-03
-933.5000E-03,-8.8059E-03,-28.9240E-03
-933.0000E-03,-8.4039E-03,-31.4366E-03
-932.5000E-03,-8.7054E-03,-34.2506E-03
-932.0000E-03,-8.5044E-03,-36.3612E-03
-931.5000E-03,-9.1074E-03,-38.7732E-03
-931.0000E-03,-9.0069E-03,-41.2858E-03
-930.5000E-03,-8.6049E-03,-43.8989E-03
-930.0000E-03,-9.1074E-03,-46.2104E-03
-929.5000E-03,-9.3084E-03,-48.5220E-03
-929.0000E-03,-9.7104E-03,-51.3361E-03
-928.5000E-03,-9.5094E-03,-53.5471E-03
-928.0000E-03,-9.0069E-03,-52.0396E-03
-927.5000E-03,-9.1074E-03,-49.2255E-03
-927.0000E-03,-9.1074E-03,-47.4165E-03
-926.5000E-03,-8.9064E-03,-44.7029E-03
-926.0000E-03,-8.5044E-03,-42.3913E-03
-925.5000E-03,-8.2029E-03,-39.9793E-03
-925.0000E-03,-8.4039E-03,-37.0647E-03
-924.5000E-03,-8.2029E-03,-34.2506E-03
-924.0000E-03,-8.0019E-03,-32.6426E-03
-923.5000E-03,-8.1024E-03,-29.3260E-03
-923.0000E-03,-8.1024E-03,-27.3160E-03
-922.5000E-03,-7.5999E-03,-23.9994E-03
-922.0000E-03,-7.7004E-03,-22.0898E-03
-921.5000E-03,-7.5999E-03,-19.5773E-03
-921.0000E-03,-7.8009E-03,-17.0647E-03
-920.5000E-03,-7.8009E-03,-14.3511E-03
-920.0000E-03,-7.5999E-03,-12.3411E-03
-919.5000E-03,-7.4994E-03,-9.6275E-03
-919.0000E-03,-7.1979E-03,-6.8134E-03
-918.5000E-03,-7.4994E-03,-4.4014E-03
-918.0000E-03,-7.3989E-03,-2.1903E-03
-917.5000E-03,-7.1979E-03,+523.2E-06
-917.0000E-03,-7.4994E-03,+2.8348E-03
-916.5000E-03,-7.7004E-03,+5.0459E-03
-916.0000E-03,-7.5999E-03,+7.3574E-03
-915.5000E-03,-7.1979E-03,+10.1715E-03
-915.0000E-03,-6.8964E-03,+12.6840E-03
-914.5000E-03,-7.4994E-03,+15.1966E-03
-914.0000E-03,-7.1979E-03,+17.6087E-03
-913.5000E-03,-6.8964E-03,+20.2217E-03
-913.0000E-03,-6.8964E-03,+23.1363E-03
-912.5000E-03,-6.5948E-03,+25.2469E-03
-912.0000E-03,-6.6954E-03,+27.8599E-03
-911.5000E-03,-6.6954E-03,+30.1715E-03
-911.0000E-03,-6.1928E-03,+32.3825E-03
-910.5000E-03,-6.7959E-03,+35.1966E-03
-910.0000E-03,-6.4943E-03,+37.8097E-03
-909.5000E-03,-6.4943E-03,+40.2217E-03
-909.0000E-03,-5.9918E-03,+42.5333E-03
-908.5000E-03,-6.0923E-03,+44.9454E-03
-908.0000E-03,-6.3938E-03,+43.6388E-03
-907.5000E-03,-5.8913E-03,+40.6237E-03
-907.0000E-03,-6.2933E-03,+38.5132E-03
-906.5000E-03,-6.2933E-03,+36.2016E-03
-906.0000E-03,-6.1928E-03,+33.8901E-03
-905.5000E-03,-6.3938E-03,+30.8750E-03
-905.0000E-03,-6.1928E-03,+28.2619E-03
-904.5000E-03,-6.4943E-03,+25.9504E-03
-904.0000E-03,-6.4943E-03,+23.4378E-03
-903.5000E-03,-6.1928E-03,+21.2268E-03
-903.0000E-03,-6.6954E-03,+18.2117E-03
-902.5000E-03,-6.5948E-03,+15.5986E-03
-902.0000E-03,-7.0974E-03,+13.2871E-03
-901.5000E-03,-6.9969E-03,+10.6740E-03
-901.0000E-03,-6.7959E-03,+8.4629E-03
-900.5000E-03,-6.7959E-03,+5.6489E-03
-900.0000E-03,-7.3989E-03,+3.3373E-03
-899.5000E-03,-6.7959E-03,+1.1263E-03
-899.0000E-03,-6.9969E-03,-1.6878E-03
-898.5000E-03,-7.4994E-03,-3.8989E-03
-898.0000E-03,-7.7004E-03,-6.9139E-03
-897.5000E-03,-7.5999E-03,-9.3260E-03
-897.0000E-03,-7.5999E-03,-10.9340E-03
-896.5000E-03,-7.8009E-03,-13.8486E-03
-896.0000E-03,-8.1024E-03,-16.2607E-03
-895.5000E-03,-8.3034E-03,-18.9742E-03
-895.0000E-03,-8.1024E-03,-21.5873E-03
-894.5000E-03,-8.1024E-03,-23.8989E-03
-894.0000E-03,-8.5044E-03,-26.5119E-03
-893.5000E-03,-8.5044E-03,-29.0245E-03
-893.0000E-03,-8.9064E-03,-31.8386E-03
-892.5000E-03,-8.9064E-03,-34.0496E-03
-892.0000E-03,-8.5044E-03,-36.6627E-03
-891.5000E-03,-8.9064E-03,-38.7732E-03
-891.0000E-03,-9.0069E-03,-41.2858E-03
-890.5000E-03,-8.8059E-03,-43.5974E-03
-890.0000E-03,-8.7054E-03,-46.2104E-03
-889.5000E-03,-8.9064E-03,-49.1250E-03
-889.0000E-03,-8.8059E-03,-51.3361E-03
-888.5000E-03,-9.1074E-03,-53.9491E-03
-888.0000E-03,-9.1074E-03,-52.2406E-03
-887.5000E-03,-9.2079E-03,-49.5270E-03
-887.0000E-03,-8.6049E-03,-46.8134E-03
-886.5000E-03,-8.6049E-03,-44.3009E-03
-886.0000E-03,-8.2029E-03,-41.7883E-03
-885.5000E-03,-8.2029E-03,-39.6778E-03
-885.0000E-03,-8.4039E-03,-37.1652E-03
-884.5000E-03,-8.0019E-03,-34.2506E-03
-884.0000E-03,-7.9014E-03,-32.1401E-03
-883.5000E-03,-7.9014E-03,-29.6275E-03
-883.0000E-03,-8.1024E-03,-26.8134E-03
-882.5000E-03,-7.7004E-03,-24.0999E-03
-882.0000E-03,-7.7004E-03,-22.0898E-03
-881.5000E-03,-7.7004E-03,-19.5773E-03
-881.0000E-03,-7.3989E-03,-16.9642E-03
-880.5000E-03,-7.4994E-03,-14.8536E-03
-880.0000E-03,-7.4994E-03,-12.2406E-03
-879.5000E-03,-7.4994E-03,-9.2255E-03
-879.0000E-03,-7.2984E-03,-7.1149E-03
-878.5000E-03,-7.2984E-03,-4.4014E-03
-878.0000E-03,-7.2984E-03,-1.8888E-03
-877.5000E-03,-7.3989E-03,+322.2E-06
-877.0000E-03,-7.5999E-03,+2.4328E-03
-876.5000E-03,-7.4994E-03,+5.1464E-03
-876.0000E-03,-7.0974E-03,+7.7594E-03
-875.5000E-03,-6.9969E-03,+9.8700E-03
-875.0000E-03,-7.0974E-03,+12.4830E-03
-874.5000E-03,-6.9969E-03,+15.2971E-03
-874.0000E-03,-7.2984E-03,+17.7092E-03
-873.5000E-03,-6.6954E-03,+20.4227E-03
-873.0000E-03,-6.7959E-03,+23.3373E-03
-872.5000E-03,-7.2984E-03,+25.5484E-03
-872.0000E-03,-6.6954E-03,+27.8599E-03
-871.5000E-03,-6.6954E-03,+30.2720E-03
-871.0000E-03,-6.2933E-03,+33.4881E-03
-870.5000E-03,-6.5948E-03,+35.4981E-03
-870.0000E-03,-6.4943E-03,+38.1112E-03
-869.5000E-03,-6.0923E-03,+40.3222E-03
-869.0000E-03,-5.8913E-03,+43.2368E-03
-868.5000E-03,-6.4943E-03,+45.1464E-03
-868.0000E-03,-6.0923E-03,+44.1413E-03
-867.5000E-03,-5.5898E-03,+41.1263E-03
-867.0000E-03,-5.6903E-03,+38.6137E-03
-866.5000E-03,-5.8913E-03,+36.1011E-03
-866.0000E-03,-6.2933E-03,+33.8901E-03
-865.5000E-03,-6.1928E-03,+31.5785E-03
-865.0000E-03,-5.9918E-03,+28.5634E-03
-864.5000E-03,-6.2933E-03,+26.3524E-03
-864.0000E-03,-6.3938E-03,+23.6388E-03
-863.5000E-03,-6.2933E-03,+21.1263E-03
-863.0000E-03,-6.4943E-03,+18.5132E-03
-862.5000E-03,-6.5948E-03,+16.1011E-03
-862.0000E-03,-6.5948E-03,+13.2871E-03
-861.5000E-03,-6.9969E-03,+10.8750E-03
-861.0000E-03,-6.8964E-03,+8.2619E-03
-860.5000E-03,-6.8964E-03,+5.5484E-03
-860.0000E-03,-7.1979E-03,+3.1363E-03
-859.5000E-03,-6.9969E-03,+824.7E-06
-859.0000E-03,-7.1979E-03,-1.4868E-03
-858.5000E-03,-7.2984E-03,-4.5019E-03
-858.0000E-03,-7.7004E-03,-6.7129E-03
-857.5000E-03,-7.7004E-03,-9.1250E-03
-857.0000E-03,-7.7004E-03,-11.6376E-03
-856.5000E-03,-7.5999E-03,-13.8486E-03
-856.0000E-03,-8.1024E-03,-16.8637E-03
-855.5000E-03,-8.3034E-03,-19.1753E-03
-855.0000E-03,-8.0019E-03,-21.4868E-03
-854.5000E-03,-8.2029E-03,-24.2004E-03
-854.0000E-03,-8.3034E-03,-26.2104E-03
-853.5000E-03,-8.4039E-03,-29.1250E-03
-853.0000E-03,-8.8059E-03,-31.2356E-03
-852.5000E-03,-8.7054E-03,-34.1501E-03
-852.0000E-03,-8.3034E-03,-35.9592E-03
-851.5000E-03,-8.8059E-03,-39.0747E-03
-851.0000E-03,-8.9064E-03,-41.1853E-03
-850.5000E-03,-8.9064E-03,-44.2004E-03
-850.0000E-03,-8.7054E-03,-46.3109E-03
-849.5000E-03,-9.0069E-03,-48.5220E-03
-849.0000E-03,-9.2079E-03,-51.3361E-03
-848.5000E-03,-9.1074E-03,-53.5471E-03
-848.0000E-03,-9.1074E-03,-52.0396E-03
-847.5000E-03,-9.5094E-03,-49.5270E-03
-847.0000E-03,-8.9064E-03,-46.8134E-03
-846.5000E-03,-8.8059E-03,-44.3009E-03
-846.0000E-03,-8.2029E-03,-41.6878E-03
-845.5000E-03,-8.1024E-03,-39.4768E-03
-845.0000E-03,-8.3034E-03,-36.8637E-03
-844.5000E-03,-7.7004E-03,-33.9491E-03
-844.0000E-03,-8.2029E-03,-32.1401E-03
-843.5000E-03,-8.0019E-03,-29.7280E-03
-843.0000E-03,-8.0019E-03,-27.1149E-03
-842.5000E-03,-7.5999E-03,-24.4014E-03
-842.0000E-03,-7.8009E-03,-22.0898E-03
-841.5000E-03,-7.5999E-03,-19.5773E-03
-841.0000E-03,-7.7004E-03,-17.1652E-03
-840.5000E-03,-7.5999E-03,-14.8536E-03
-840.0000E-03,-7.3989E-03,-11.8386E-03
-839.5000E-03,-7.5999E-03,-9.7280E-03
-839.0000E-03,-7.4994E-03,-6.9139E-03
-838.5000E-03,-7.4994E-03,-4.3009E-03
-838.0000E-03,-7.1979E-03,-2.0898E-03
-837.5000E-03,-7.0974E-03,-180.3E-06
-837.0000E-03,-7.4994E-03,+2.5333E-03
-836.5000E-03,-6.9969E-03,+5.1464E-03
-836.0000E-03,-7.0974E-03,+7.6589E-03
-835.5000E-03,-7.1979E-03,+10.3725E-03
-835.0000E-03,-7.1979E-03,+12.6840E-03
-834.5000E-03,-7.3989E-03,+15.7996E-03
-834.0000E-03,-6.8964E-03,+17.8097E-03
-833.5000E-03,-7.0974E-03,+20.5232E-03
-833.0000E-03,-6.9969E-03,+22.6338E-03
-832.5000E-03,-7.2984E-03,+25.4479E-03
-832.0000E-03,-6.7959E-03,+27.8599E-03
-831.5000E-03,-6.4943E-03,+30.3725E-03
-831.0000E-03,-6.2933E-03,+32.8850E-03
-830.5000E-03,-6.5948E-03,+35.2971E-03
-830.0000E-03,-6.2933E-03,+37.9102E-03
-829.5000E-03,-6.1928E-03,+40.0207E-03
-829.0000E-03,-5.8913E-03,+43.0358E-03
-828.5000E-03,-6.2933E-03,+45.1464E-03
-828.0000E-03,-6.2933E-03,+43.5383E-03
-827.5000E-03,-6.3938E-03,+40.9253E-03
-827.0000E-03,-6.0923E-03,+38.7142E-03
-826.5000E-03,-6.0923E-03,+36.3021E-03
-826.0000E-03,-5.7908E-03,+33.5886E-03
-825.5000E-03,-6.2933E-03,+30.8750E-03
-825.0000E-03,-6.4943E-03,+28.1614E-03
-824.5000E-03,-6.7959E-03,+25.8499E-03
-824.0000E-03,-6.2933E-03,+23.7393E-03
-823.5000E-03,-6.3938E-03,+20.9253E-03
-823.0000E-03,-6.2933E-03,+18.4127E-03
-822.5000E-03,-6.8964E-03,+15.9001E-03
-822.0000E-03,-6.9969E-03,+13.1866E-03
-821.5000E-03,-6.5948E-03,+10.9755E-03
-821.0000E-03,-6.7959E-03,+8.1614E-03
-820.5000E-03,-7.1979E-03,+5.1464E-03
-820.0000E-03,-6.8964E-03,+3.2368E-03
-819.5000E-03,-7.1979E-03,+925.3E-06
-819.0000E-03,-7.2984E-03,-1.7883E-03
-818.5000E-03,-7.4994E-03,-4.3009E-03
-818.0000E-03,-7.7004E-03,-6.3109E-03
-817.5000E-03,-7.5999E-03,-9.2255E-03
-817.0000E-03,-8.0019E-03,-11.3361E-03
-816.5000E-03,-7.8009E-03,-13.8486E-03
-816.0000E-03,-8.5044E-03,-16.3612E-03
-815.5000E-03,-7.9014E-03,-19.0747E-03
-815.0000E-03,-8.2029E-03,-21.6878E-03
-814.5000E-03,-8.3034E-03,-23.8989E-03
-814.0000E-03,-8.7054E-03,-26.4114E-03
-813.5000E-03,-8.6049E-03,-28.7230E-03
-813.0000E-03,-8.6049E-03,-31.3361E-03
-812.5000E-03,-8.7054E-03,-33.8486E-03
-812.0000E-03,-9.2079E-03,-36.4617E-03
-811.5000E-03,-8.6049E-03,-38.9742E-03
-811.0000E-03,-9.2079E-03,-41.1853E-03
-810.5000E-03,-9.2079E-03,-43.8989E-03
-810.0000E-03,-9.6099E-03,-46.1099E-03
-809.5000E-03,-9.9114E-03,-48.9240E-03
-809.0000E-03,-9.2079E-03,-51.6376E-03
-808.5000E-03,-9.5094E-03,-53.8486E-03
-808.0000E-03,-9.6099E-03,-51.6376E-03
-807.5000E-03,-9.5094E-03,-49.8285E-03
-807.0000E-03,-9.3084E-03,-46.9139E-03
-806.5000E-03,-8.6049E-03,-43.9994E-03
-806.0000E-03,-8.5044E-03,-41.8888E-03
-805.5000E-03,-8.5044E-03,-39.2758E-03
-805.0000E-03,-8.6049E-03,-36.6627E-03
-804.5000E-03,-8.0019E-03,-34.4516E-03
-804.0000E-03,-7.8009E-03,-32.3411E-03
-803.5000E-03,-8.2029E-03,-29.8285E-03
-803.0000E-03,-8.3034E-03,-27.1149E-03
-802.5000E-03,-7.9014E-03,-24.2004E-03
-802.0000E-03,-7.8009E-03,-22.0898E-03
-801.5000E-03,-8.0019E-03,-19.2758E-03
-801.0000E-03,-7.8009E-03,-16.8637E-03
-800.5000E-03,-8.0019E-03,-14.2506E-03
-800.0000E-03,-8.0019E-03,-12.0396E-03
-799.5000E-03,-7.3989E-03,-9.6275E-03
-799.0000E-03,-7.8009E-03,-7.3160E-03
-798.5000E-03,-7.7004E-03,-4.4014E-03
-798.0000E-03,-7.3989E-03,-1.9893E-03
-797.5000E-03,-7.7004E-03,+523.2E-06
-797.0000E-03,-7.5999E-03,+2.7343E-03
-796.5000E-03,-7.5999E-03,+5.4479E-03
-796.0000E-03,-7.5999E-03,+7.8599E-03
-795.5000E-03,-7.3989E-03,+10.4730E-03
-795.0000E-03,-7.3989E-03,+12.9856E-03
-794.5000E-03,-7.2984E-03,+15.3976E-03
-794.0000E-03,-7.3989E-03,+17.7092E-03
-793.5000E-03,-7.2984E-03,+20.1212E-03
-793.0000E-03,-7.1979E-03,+22.7343E-03
-792.5000E-03,-7.0974E-03,+25.3474E-03
-792.0000E-03,-6.8964E-03,+28.2619E-03
-791.5000E-03,-6.5948E-03,+30.5735E-03
-791.0000E-03,-6.8964E-03,+33.0861E-03
-790.5000E-03,-6.3938E-03,+35.3976E-03
-790.0000E-03,-6.6954E-03,+38.0107E-03
-789.5000E-03,-6.4943E-03,+40.6237E-03
-789.0000E-03,-6.3938E-03,+43.6388E-03
-788.5000E-03,-6.6954E-03,+44.8448E-03
-788.0000E-03,-6.2933E-03,+43.9403E-03
-787.5000E-03,-6.0923E-03,+41.3273E-03
-787.0000E-03,-6.1928E-03,+39.0157E-03
-786.5000E-03,-6.5948E-03,+36.0006E-03
-786.0000E-03,-6.6954E-03,+33.6891E-03
-785.5000E-03,-6.2933E-03,+30.6740E-03
-785.0000E-03,-6.3938E-03,+29.0660E-03
-784.5000E-03,-6.5948E-03,+25.9504E-03
-784.0000E-03,-6.3938E-03,+23.6388E-03
-783.5000E-03,-6.7959E-03,+20.7242E-03
-783.0000E-03,-6.5948E-03,+18.8147E-03
-782.5000E-03,-6.8964E-03,+16.1011E-03
-782.0000E-03,-6.8964E-03,+13.5886E-03
-781.5000E-03,-6.7959E-03,+10.9755E-03
-781.0000E-03,-6.6954E-03,+8.3624E-03
-780.5000E-03,-7.3989E-03,+5.7494E-03
-780.0000E-03,-7.2984E-03,+3.3373E-03
-779.5000E-03,-7.5999E-03,+1.1263E-03
-779.0000E-03,-6.9969E-03,-1.1853E-03
-778.5000E-03,-7.4994E-03,-3.7984E-03
-778.0000E-03,-7.7004E-03,-6.4114E-03
-777.5000E-03,-7.8009E-03,-8.8235E-03
-777.0000E-03,-7.5999E-03,-11.6376E-03
-776.5000E-03,-7.7004E-03,-13.4466E-03
-776.0000E-03,-8.1024E-03,-16.4617E-03
-775.5000E-03,-8.5044E-03,-18.6727E-03
-775.0000E-03,-7.9014E-03,-21.1853E-03
-774.5000E-03,-8.6049E-03,-24.0999E-03
-774.0000E-03,-8.7054E-03,-26.5119E-03
-773.5000E-03,-8.6049E-03,-28.6225E-03
-773.0000E-03,-8.5044E-03,-31.2356E-03
-772.5000E-03,-8.6049E-03,-33.7481E-03
-772.0000E-03,-8.6049E-03,-36.1602E-03
-771.5000E-03,-9.1074E-03,-38.4717E-03
-771.0000E-03,-8.5044E-03,-41.2858E-03
-770.5000E-03,-9.2079E-03,-43.5974E-03
-770.0000E-03,-9.0069E-03,-46.0094E-03
-769.5000E-03,-9.1074E-03,-48.9240E-03
-769.0000E-03,-9.0069E-03,-51.2356E-03
-768.5000E-03,-9.5094E-03,-53.5471E-03
-768.0000E-03,-9.0069E-03,-51.8386E-03
-767.5000E-03,-9.1074E-03,-49.0245E-03
-767.0000E-03,-8.7054E-03,-46.5119E-03
-766.5000E-03,-8.3034E-03,-44.7029E-03
-766.0000E-03,-8.6049E-03,-41.6878E-03
-765.5000E-03,-8.2029E-03,-39.6778E-03
-765.0000E-03,-8.7054E-03,-36.7632E-03
-764.5000E-03,-8.0019E-03,-34.3511E-03
-764.0000E-03,-7.9014E-03,-31.9391E-03
-763.5000E-03,-8.2029E-03,-30.0295E-03
-763.0000E-03,-7.7004E-03,-26.8134E-03
-762.5000E-03,-7.4994E-03,-24.5019E-03
-762.0000E-03,-7.2984E-03,-22.0898E-03
-761.5000E-03,-7.7004E-03,-19.8788E-03
-761.0000E-03,-7.3989E-03,-17.1652E-03
-760.5000E-03,-7.7004E-03,-14.5521E-03
-760.0000E-03,-7.3989E-03,-11.6376E-03
-759.5000E-03,-7.5999E-03,-9.7280E-03
-759.0000E-03,-7.2984E-03,-6.9139E-03
-758.5000E-03,-7.2984E-03,-4.5019E-03
-758.0000E-03,-7.0974E-03,-2.2908E-03
-757.5000E-03,-7.4994E-03,+121.2E-06
-757.0000E-03,-7.1979E-03,+2.7343E-03
-756.5000E-03,-7.3989E-03,+5.2469E-03
-756.0000E-03,-6.6954E-03,+7.5584E-03
-755.5000E-03,-7.1979E-03,+10.0710E-03
-755.0000E-03,-7.2984E-03,+12.5835E-03
-754.5000E-03,-6.9969E-03,+14.8951E-03
-754.0000E-03,-6.7959E-03,+17.6087E-03
-753.5000E-03,-6.8964E-03,+20.7242E-03
-753.0000E-03,-6.9969E-03,+22.7343E-03
-752.5000E-03,-6.6954E-03,+25.6489E-03
-752.0000E-03,-6.3938E-03,+27.9604E-03
-751.5000E-03,-6.9969E-03,+30.4730E-03
-751.0000E-03,-6.6954E-03,+32.8850E-03
-750.5000E-03,-6.5948E-03,+35.3976E-03
-750.0000E-03,-6.4943E-03,+38.2117E-03
-749.5000E-03,-6.3938E-03,+40.5232E-03
-749.0000E-03,-6.6954E-03,+42.8348E-03
-748.5000E-03,-6.2933E-03,+45.0459E-03
-748.0000E-03,-6.5948E-03,+43.6388E-03
-747.5000E-03,-6.8964E-03,+41.2268E-03
-747.0000E-03,-6.3938E-03,+38.4127E-03
-746.5000E-03,-6.5948E-03,+36.3021E-03
-746.0000E-03,-6.6954E-03,+33.5886E-03
-745.5000E-03,-6.2933E-03,+31.1765E-03
-745.0000E-03,-6.5948E-03,+28.3624E-03
-744.5000E-03,-6.4943E-03,+25.6489E-03
-744.0000E-03,-7.1979E-03,+23.2368E-03
-743.5000E-03,-6.9969E-03,+20.7242E-03
-743.0000E-03,-6.4943E-03,+18.1112E-03
-742.5000E-03,-7.0974E-03,+15.9001E-03
-742.0000E-03,-6.8964E-03,+13.3876E-03
-741.5000E-03,-7.1979E-03,+10.5735E-03
-741.0000E-03,-6.9969E-03,+8.4629E-03
-740.5000E-03,-7.5999E-03,+6.0509E-03
-740.0000E-03,-7.2984E-03,+3.7393E-03
-739.5000E-03,-7.5999E-03,+824.7E-06
-739.0000E-03,-7.2984E-03,-1.7883E-03
-738.5000E-03,-7.8009E-03,-3.9994E-03
-738.0000E-03,-8.1024E-03,-6.4114E-03
-737.5000E-03,-7.9014E-03,-9.1250E-03
-737.0000E-03,-7.7004E-03,-11.3361E-03
-736.5000E-03,-8.6049E-03,-14.4516E-03
-736.0000E-03,-8.2029E-03,-16.3612E-03
-735.5000E-03,-8.4039E-03,-19.3763E-03
-735.0000E-03,-8.3034E-03,-21.4868E-03
-734.5000E-03,-8.7054E-03,-23.8989E-03
-734.0000E-03,-8.6049E-03,-26.2104E-03
-733.5000E-03,-8.8059E-03,-28.9240E-03
-733.0000E-03,-8.7054E-03,-31.3361E-03
-732.5000E-03,-8.5044E-03,-33.8486E-03
-732.0000E-03,-8.9064E-03,-36.4617E-03
-731.5000E-03,-9.2079E-03,-39.0747E-03
-731.0000E-03,-8.7054E-03,-41.2858E-03
-730.5000E-03,-9.1074E-03,-43.7984E-03
-730.0000E-03,-9.2079E-03,-46.3109E-03
-729.5000E-03,-9.1074E-03,-48.9240E-03
-729.0000E-03,-9.4089E-03,-51.2356E-03
-728.5000E-03,-9.5094E-03,-53.3461E-03
-728.0000E-03,-9.2079E-03,-52.3411E-03
-727.5000E-03,-9.0069E-03,-49.7280E-03
-727.0000E-03,-8.9064E-03,-47.2155E-03
-726.5000E-03,-8.6049E-03,-44.7029E-03
-726.0000E-03,-8.9064E-03,-42.0898E-03
-725.5000E-03,-8.9064E-03,-39.6778E-03
-725.0000E-03,-9.0069E-03,-36.9642E-03
-724.5000E-03,-8.4039E-03,-34.5521E-03
-724.0000E-03,-8.4039E-03,-32.1401E-03
-723.5000E-03,-8.2029E-03,-29.7280E-03
-723.0000E-03,-8.4039E-03,-27.1149E-03
-722.5000E-03,-8.0019E-03,-24.4014E-03
-722.0000E-03,-8.2029E-03,-22.0898E-03
-721.5000E-03,-8.4039E-03,-19.5773E-03
-721.0000E-03,-7.8009E-03,-17.0647E-03
-720.5000E-03,-8.2029E-03,-14.6526E-03
-720.0000E-03,-7.5999E-03,-11.8386E-03
-719.5000E-03,-7.9014E-03,-9.7280E-03
-719.0000E-03,-7.9014E-03,-7.0144E-03
-718.5000E-03,-7.1979E-03,-4.6024E-03
-718.0000E-03,-7.9014E-03,-2.1903E-03
-717.5000E-03,-7.7004E-03,+322.2E-06
-717.0000E-03,-7.9014E-03,+2.7343E-03
-716.5000E-03,-7.4994E-03,+5.3474E-03
-716.0000E-03,-7.2984E-03,+7.5584E-03
-715.5000E-03,-7.4994E-03,+10.2720E-03
-715.0000E-03,-7.5999E-03,+12.6840E-03
-714.5000E-03,-7.2984E-03,+14.8951E-03
-714.0000E-03,-7.0974E-03,+17.7092E-03
-713.5000E-03,-7.2984E-03,+20.2217E-03
-713.0000E-03,-7.5999E-03,+22.8348E-03
-712.5000E-03,-7.0974E-03,+25.4479E-03
-712.0000E-03,-7.0974E-03,+27.6589E-03
-711.5000E-03,-6.7959E-03,+30.1715E-03
-711.0000E-03,-7.0974E-03,+32.6840E-03
-710.5000E-03,-6.8964E-03,+34.9956E-03
-710.0000E-03,-6.6954E-03,+37.8097E-03
-709.5000E-03,-6.7959E-03,+40.0207E-03
-709.0000E-03,-7.0974E-03,+42.5333E-03
-708.5000E-03,-6.7959E-03,+45.1464E-03
-708.0000E-03,-6.0923E-03,+43.7393E-03
-707.5000E-03,-6.3938E-03,+40.7242E-03
-707.0000E-03,-6.3938E-03,+38.1112E-03
-706.5000E-03,-6.1928E-03,+35.5986E-03
-706.0000E-03,-6.5948E-03,+33.5886E-03
-705.5000E-03,-6.4943E-03,+31.0760E-03
-705.0000E-03,-6.7959E-03,+27.9604E-03
-704.5000E-03,-6.7959E-03,+25.6489E-03
-704.0000E-03,-6.6954E-03,+23.2368E-03
-703.5000E-03,-6.5948E-03,+20.9253E-03
-703.0000E-03,-6.8964E-03,+18.4127E-03
-702.5000E-03,-7.1979E-03,+16.1011E-03
-702.0000E-03,-6.5948E-03,+13.2871E-03
-701.5000E-03,-6.5948E-03,+10.5735E-03
-701.0000E-03,-7.4994E-03,+8.4629E-03
-700.5000E-03,-7.2984E-03,+5.6489E-03
-700.0000E-03,-7.2984E-03,+3.7393E-03
-699.5000E-03,-7.1979E-03,+1.0258E-03
-699.0000E-03,-7.7004E-03,-1.2858E-03
-698.5000E-03,-8.0019E-03,-4.5019E-03
-698.0000E-03,-7.8009E-03,-6.5119E-03
-697.5000E-03,-7.9014E-03,-9.0245E-03
-697.0000E-03,-7.2984E-03,-11.6376E-03
-696.5000E-03,-8.3034E-03,-13.8486E-03
-696.0000E-03,-8.7054E-03,-16.3612E-03
-695.5000E-03,-8.2029E-03,-19.1753E-03
-695.0000E-03,-8.4039E-03,-21.4868E-03
-694.5000E-03,-8.8059E-03,-24.5019E-03
-694.0000E-03,-8.6049E-03,-26.3109E-03
-693.5000E-03,-8.9064E-03,-28.9240E-03
-693.0000E-03,-8.7054E-03,-31.3361E-03
-692.5000E-03,-9.0069E-03,-34.0496E-03
-692.0000E-03,-8.9064E-03,-36.5622E-03
-691.5000E-03,-8.9064E-03,-38.8737E-03
-691.0000E-03,-8.9064E-03,-41.3863E-03
-690.5000E-03,-9.3084E-03,-43.8989E-03
-690.0000E-03,-9.5094E-03,-46.6124E-03
-689.5000E-03,-9.4089E-03,-48.9240E-03
-689.0000E-03,-9.2079E-03,-51.6376E-03
-688.5000E-03,-9.3084E-03,-53.5471E-03
-688.0000E-03,-9.5094E-03,-51.9391E-03
-687.5000E-03,-9.2079E-03,-49.6275E-03
-687.0000E-03,-9.3084E-03,-46.8134E-03
-686.5000E-03,-8.6049E-03,-44.0999E-03
-686.0000E-03,-9.2079E-03,-42.3913E-03
-685.5000E-03,-8.9064E-03,-39.3763E-03
-685.0000E-03,-8.1024E-03,-36.8637E-03
-684.5000E-03,-8.2029E-03,-34.6526E-03
-684.0000E-03,-8.2029E-03,-31.9391E-03
-683.5000E-03,-8.5044E-03,-29.9290E-03
-683.0000E-03,-8.1024E-03,-26.9139E-03
-682.5000E-03,-7.9014E-03,-24.5019E-03
-682.0000E-03,-7.8009E-03,-22.1903E-03
-681.5000E-03,-7.9014E-03,-19.8788E-03
-681.0000E-03,-8.0019E-03,-17.2657E-03
-680.5000E-03,-7.8009E-03,-14.7531E-03
-680.0000E-03,-7.8009E-03,-11.8386E-03
-679.5000E-03,-8.0019E-03,-9.8285E-03
-679.0000E-03,-7.8009E-03,-6.9139E-03
-678.5000E-03,-7.1979E-03,-4.8034E-03
-678.0000E-03,-7.9014E-03,-2.1903E-03
-677.5000E-03,-7.9014E-03,+121.2E-06
-677.0000E-03,-7.8009E-03,+3.1363E-03
-676.5000E-03,-7.8009E-03,+5.3474E-03
-676.0000E-03,-7.5999E-03,+7.6589E-03
-675.5000E-03,-7.1979E-03,+10.2720E-03
-675.0000E-03,-7.7004E-03,+12.9856E-03
-674.5000E-03,-7.4994E-03,+14.8951E-03
-674.0000E-03,-7.2984E-03,+18.0107E-03
-673.5000E-03,-7.4994E-03,+20.3222E-03
-673.0000E-03,-7.8009E-03,+22.9353E-03
-672.5000E-03,-6.8964E-03,+25.4479E-03
-672.0000E-03,-6.6954E-03,+28.1614E-03
-671.5000E-03,-6.9969E-03,+30.4730E-03
-671.0000E-03,-6.9969E-03,+33.2871E-03
-670.5000E-03,-6.6954E-03,+35.2971E-03
-670.0000E-03,-6.3938E-03,+37.7092E-03
-669.5000E-03,-6.4943E-03,+40.6237E-03
-669.0000E-03,-6.6954E-03,+42.6338E-03
-668.5000E-03,-6.6954E-03,+44.9454E-03
-668.0000E-03,-6.6954E-03,+43.7393E-03
-667.5000E-03,-6.0923E-03,+41.2268E-03
-667.0000E-03,-6.0923E-03,+38.7142E-03
-666.5000E-03,-6.3938E-03,+36.3021E-03
-666.0000E-03,-6.5948E-03,+33.1866E-03
-665.5000E-03,-6.0923E-03,+30.9755E-03
-665.0000E-03,-6.5948E-03,+28.5634E-03
-664.5000E-03,-6.6954E-03,+25.9504E-03
-664.0000E-03,-6.6954E-03,+23.5383E-03
-663.5000E-03,-6.3938E-03,+21.1263E-03
-663.0000E-03,-6.7959E-03,+18.4127E-03
-662.5000E-03,-7.0974E-03,+16.0006E-03
-662.0000E-03,-6.6954E-03,+13.2871E-03
-661.5000E-03,-6.9969E-03,+10.5735E-03
-661.0000E-03,-7.1979E-03,+8.1614E-03
-660.5000E-03,-7.5999E-03,+5.8499E-03
-660.0000E-03,-7.3989E-03,+3.4378E-03
-659.5000E-03,-7.1979E-03,+1.3273E-03
-659.0000E-03,-7.4994E-03,-1.6878E-03
-658.5000E-03,-7.7004E-03,-4.0999E-03
-658.0000E-03,-7.4994E-03,-6.4114E-03
-657.5000E-03,-7.3989E-03,-8.9240E-03
-657.0000E-03,-7.7004E-03,-10.7330E-03
-656.5000E-03,-8.4039E-03,-14.0496E-03
-656.0000E-03,-8.1024E-03,-16.6627E-03
-655.5000E-03,-8.1024E-03,-18.9742E-03
-655.0000E-03,-8.1024E-03,-21.2858E-03
-654.5000E-03,-8.4039E-03,-24.3009E-03
-654.0000E-03,-8.3034E-03,-26.2104E-03
-653.5000E-03,-8.6049E-03,-28.9240E-03
-653.0000E-03,-8.4039E-03,-31.0345E-03
-652.5000E-03,-8.4039E-03,-34.1501E-03
-652.0000E-03,-8.5044E-03,-36.4617E-03
-651.5000E-03,-8.6049E-03,-38.6727E-03
-651.0000E-03,-8.9064E-03,-41.3863E-03
-650.5000E-03,-9.2079E-03,-43.6979E-03
-650.0000E-03,-9.1074E-03,-46.1099E-03
-649.5000E-03,-9.0069E-03,-48.7230E-03
-649.0000E-03,-9.5094E-03,-51.3361E-03
-648.5000E-03,-9.5094E-03,-53.1451E-03
-648.0000E-03,-9.2079E-03,-51.9391E-03
-647.5000E-03,-9.0069E-03,-49.3260E-03
-647.0000E-03,-8.6049E-03,-46.9139E-03
-646.5000E-03,-8.6049E-03,-44.3009E-03
-646.0000E-03,-9.0069E-03,-42.0898E-03
-645.5000E-03,-8.5044E-03,-39.3763E-03
-645.0000E-03,-8.2029E-03,-37.3662E-03
-644.5000E-03,-8.1024E-03,-34.4516E-03
-644.0000E-03,-8.4039E-03,-32.2406E-03
-643.5000E-03,-8.4039E-03,-29.6275E-03
-643.0000E-03,-7.7004E-03,-27.1149E-03
-642.5000E-03,-7.7004E-03,-24.4014E-03
-642.0000E-03,-7.8009E-03,-21.8888E-03
-641.5000E-03,-7.5999E-03,-19.8788E-03
-641.0000E-03,-7.7004E-03,-17.1652E-03
-640.5000E-03,-7.2984E-03,-14.6526E-03
-640.0000E-03,-7.5999E-03,-12.2406E-03
-639.5000E-03,-7.3989E-03,-9.4265E-03
-639.0000E-03,-7.3989E-03,-7.2155E-03
-638.5000E-03,-7.2984E-03,-4.4014E-03
-638.0000E-03,-7.4994E-03,-2.0898E-03
-637.5000E-03,-7.0974E-03,+121.2E-06
-637.0000E-03,-7.4994E-03,+2.7343E-03
-636.5000E-03,-7.3989E-03,+5.1464E-03
-636.0000E-03,-7.1979E-03,+7.7594E-03
-635.5000E-03,-7.2984E-03,+10.1715E-03
-635.0000E-03,-6.8964E-03,+12.6840E-03
-634.5000E-03,-6.8964E-03,+15.0961E-03
-634.0000E-03,-6.5948E-03,+18.0107E-03
-633.5000E-03,-6.8964E-03,+20.4227E-03
-633.0000E-03,-6.7959E-03,+22.7343E-03
-632.5000E-03,-6.4943E-03,+25.0459E-03
-632.0000E-03,-6.6954E-03,+28.2619E-03
-631.5000E-03,-6.9969E-03,+30.4730E-03
-631.0000E-03,-6.4943E-03,+32.8850E-03
-630.5000E-03,-6.3938E-03,+35.4981E-03
-630.0000E-03,-6.2933E-03,+38.1112E-03
-629.5000E-03,-6.4943E-03,+40.5232E-03
-629.0000E-03,-6.2933E-03,+42.6338E-03
-628.5000E-03,-5.8913E-03,+44.7443E-03
-628.0000E-03,-5.7908E-03,+43.3373E-03
-627.5000E-03,-6.5948E-03,+41.4278E-03
-627.0000E-03,-6.1928E-03,+38.4127E-03
-626.5000E-03,-6.2933E-03,+35.9001E-03
-626.0000E-03,-6.1928E-03,+32.8850E-03
-625.5000E-03,-6.1928E-03,+30.9755E-03
-625.0000E-03,-6.0923E-03,+28.1614E-03
-624.5000E-03,-6.1928E-03,+25.8499E-03
-624.0000E-03,-5.8913E-03,+23.4378E-03
-623.5000E-03,-6.0923E-03,+20.5232E-03
-623.0000E-03,-6.6954E-03,+18.2117E-03
-622.5000E-03,-6.9969E-03,+15.6991E-03
-622.0000E-03,-6.6954E-03,+12.8850E-03
-621.5000E-03,-6.6954E-03,+10.5735E-03
-621.0000E-03,-7.0974E-03,+8.2619E-03
-620.5000E-03,-7.0974E-03,+5.6489E-03
-620.0000E-03,-6.3938E-03,+3.1363E-03
-619.5000E-03,-6.5948E-03,+1.0258E-03
-619.0000E-03,-7.2984E-03,-1.5873E-03
-618.5000E-03,-7.0974E-03,-4.2004E-03
-618.0000E-03,-7.5999E-03,-6.9139E-03
-617.5000E-03,-7.5999E-03,-9.1250E-03
-617.0000E-03,-7.8009E-03,-11.4366E-03
-616.5000E-03,-7.7004E-03,-14.2506E-03
-616.0000E-03,-8.1024E-03,-16.5622E-03
-615.5000E-03,-8.2029E-03,-19.0747E-03
-615.0000E-03,-8.2029E-03,-21.4868E-03
-614.5000E-03,-8.6049E-03,-24.2004E-03
-614.0000E-03,-8.4039E-03,-26.0094E-03
-613.5000E-03,-8.2029E-03,-29.1250E-03
-613.0000E-03,-8.5044E-03,-31.5371E-03
-612.5000E-03,-8.5044E-03,-34.4516E-03
-612.0000E-03,-8.6049E-03,-36.0597E-03
-611.5000E-03,-8.7054E-03,-39.1753E-03
-611.0000E-03,-9.0069E-03,-41.6878E-03
-610.5000E-03,-9.0069E-03,-43.7984E-03
-610.0000E-03,-8.9064E-03,-46.5119E-03
-609.5000E-03,-9.2079E-03,-49.1250E-03
-609.0000E-03,-9.0069E-03,-51.5371E-03
-608.5000E-03,-9.5094E-03,-53.8486E-03
-608.0000E-03,-9.0069E-03,-52.3411E-03
-607.5000E-03,-8.7054E-03,-49.4265E-03
-607.0000E-03,-8.5044E-03,-46.9139E-03
-606.5000E-03,-8.6049E-03,-44.3009E-03
-606.0000E-03,-8.8059E-03,-42.3913E-03
-605.5000E-03,-8.1024E-03,-39.4768E-03
-605.0000E-03,-8.0019E-03,-37.2657E-03
-604.5000E-03,-7.9014E-03,-34.5521E-03
-604.0000E-03,-8.4039E-03,-32.1401E-03
-603.5000E-03,-8.1024E-03,-29.6275E-03
-603.0000E-03,-7.5999E-03,-27.0144E-03
-602.5000E-03,-7.9014E-03,-24.8034E-03
-602.0000E-03,-7.9014E-03,-21.9893E-03
-601.5000E-03,-8.0019E-03,-19.6778E-03
-601.0000E-03,-7.7004E-03,-17.1652E-03
-600.5000E-03,-7.5999E-03,-14.4516E-03
-600.0000E-03,-7.9014E-03,-11.9391E-03
-599.5000E-03,-7.2984E-03,-9.7280E-03
-599.0000E-03,-7.4994E-03,-7.5170E-03
-598.5000E-03,-7.1979E-03,-4.6024E-03
-598.0000E-03,-7.3989E-03,-2.5923E-03
-597.5000E-03,-7.1979E-03,+121.2E-06
-597.0000E-03,-7.0974E-03,+2.8348E-03
-596.5000E-03,-7.0974E-03,+4.9454E-03
-596.0000E-03,-7.3989E-03,+7.5584E-03
-595.5000E-03,-7.2984E-03,+10.0710E-03
-595.0000E-03,-6.8964E-03,+12.6840E-03
-594.5000E-03,-7.3989E-03,+14.8951E-03
-594.0000E-03,-7.1979E-03,+17.6087E-03
-593.5000E-03,-7.0974E-03,+20.1212E-03
-593.0000E-03,-6.9969E-03,+22.9353E-03
-592.5000E-03,-6.6954E-03,+25.5484E-03
-592.0000E-03,-6.3938E-03,+28.1614E-03
-591.5000E-03,-6.7959E-03,+30.2720E-03
-591.0000E-03,-6.4943E-03,+32.7845E-03
-590.5000E-03,-6.6954E-03,+35.1966E-03
-590.0000E-03,-5.9918E-03,+37.7092E-03
-589.5000E-03,-6.6954E-03,+40.1212E-03
-589.0000E-03,-6.0923E-03,+42.8348E-03
-588.5000E-03,-6.3938E-03,+44.8448E-03
-588.0000E-03,-5.9918E-03,+43.4378E-03
-587.5000E-03,-6.2933E-03,+40.7242E-03
-587.0000E-03,-6.1928E-03,+38.2117E-03
-586.5000E-03,-5.8913E-03,+36.0006E-03
-586.0000E-03,-6.4943E-03,+33.1866E-03
-585.5000E-03,-6.3938E-03,+31.0760E-03
-585.0000E-03,-6.2933E-03,+28.3624E-03
-584.5000E-03,-6.1928E-03,+25.8499E-03
-584.0000E-03,-6.1928E-03,+23.5383E-03
-583.5000E-03,-6.6954E-03,+20.5232E-03
-583.0000E-03,-6.4943E-03,+18.6137E-03
-582.5000E-03,-6.6954E-03,+16.1011E-03
-582.0000E-03,-6.5948E-03,+13.2871E-03
-581.5000E-03,-6.9969E-03,+10.8750E-03
-581.0000E-03,-7.0974E-03,+8.6639E-03
-580.5000E-03,-7.2984E-03,+5.8499E-03
-580.0000E-03,-6.8964E-03,+3.1363E-03
-579.5000E-03,-6.8964E-03,+824.7E-06
-579.0000E-03,-7.3989E-03,-1.5873E-03
-578.5000E-03,-7.3989E-03,-3.8989E-03
-578.0000E-03,-7.0974E-03,-6.7129E-03
-577.5000E-03,-7.7004E-03,-9.2255E-03
-577.0000E-03,-8.1024E-03,-11.4366E-03
-576.5000E-03,-8.2029E-03,-14.0496E-03
-576.0000E-03,-8.1024E-03,-16.4617E-03
-575.5000E-03,-8.0019E-03,-18.7732E-03
-575.0000E-03,-8.3034E-03,-21.2858E-03
-574.5000E-03,-8.5044E-03,-23.8989E-03
-574.0000E-03,-8.4039E-03,-26.4114E-03
-573.5000E-03,-8.6049E-03,-29.2255E-03
-573.0000E-03,-8.6049E-03,-31.4366E-03
-572.5000E-03,-8.8059E-03,-34.3511E-03
-572.0000E-03,-8.9064E-03,-36.3612E-03
-571.5000E-03,-8.7054E-03,-39.0747E-03
-571.0000E-03,-9.0069E-03,-41.5873E-03
-570.5000E-03,-9.1074E-03,-43.9994E-03
-570.0000E-03,-9.0069E-03,-46.1099E-03
-569.5000E-03,-8.8059E-03,-49.0245E-03
-569.0000E-03,-9.0069E-03,-51.4366E-03
-568.5000E-03,-9.7104E-03,-53.6476E-03
-568.0000E-03,-9.3084E-03,-51.7381E-03
-567.5000E-03,-9.1074E-03,-49.3260E-03
-567.0000E-03,-8.8059E-03,-46.7129E-03
-566.5000E-03,-8.8059E-03,-44.0999E-03
-566.0000E-03,-8.7054E-03,-41.9893E-03
-565.5000E-03,-8.4039E-03,-39.7783E-03
-565.0000E-03,-8.2029E-03,-37.1652E-03
-564.5000E-03,-7.7004E-03,-34.4516E-03
-564.0000E-03,-8.6049E-03,-32.0396E-03
-563.5000E-03,-8.0019E-03,-29.6275E-03
-563.0000E-03,-7.9014E-03,-26.9139E-03
-562.5000E-03,-8.0019E-03,-24.6024E-03
-562.0000E-03,-8.1024E-03,-22.1903E-03
-561.5000E-03,-7.7004E-03,-19.9793E-03
-561.0000E-03,-7.4994E-03,-16.9642E-03
-560.5000E-03,-7.7004E-03,-14.7531E-03
-560.0000E-03,-7.8009E-03,-12.6426E-03
-559.5000E-03,-7.4994E-03,-9.9290E-03
-559.0000E-03,-6.9969E-03,-7.4165E-03
-558.5000E-03,-6.9969E-03,-4.7029E-03
-558.0000E-03,-7.5999E-03,-2.5923E-03
-557.5000E-03,-7.5999E-03,+121.2E-06
-557.0000E-03,-7.2984E-03,+2.8348E-03
-556.5000E-03,-7.2984E-03,+5.2469E-03
-556.0000E-03,-7.4994E-03,+7.4579E-03
-555.5000E-03,-7.4994E-03,+10.1715E-03
-555.0000E-03,-6.8964E-03,+12.8850E-03
-554.5000E-03,-6.9969E-03,+14.9956E-03
-554.0000E-03,-7.3989E-03,+17.5082E-03
-553.5000E-03,-6.8964E-03,+20.1212E-03
-553.0000E-03,-6.7959E-03,+22.6338E-03
-552.5000E-03,-6.7959E-03,+25.0459E-03
-552.0000E-03,-6.9969E-03,+27.5584E-03
-551.5000E-03,-6.9969E-03,+30.1715E-03
-551.0000E-03,-6.7959E-03,+32.5835E-03
-550.5000E-03,-6.2933E-03,+34.7946E-03
-550.0000E-03,-6.5948E-03,+37.7092E-03
-549.5000E-03,-6.6954E-03,+39.9202E-03
-549.0000E-03,-6.1928E-03,+42.8348E-03
-548.5000E-03,-5.7908E-03,+44.8448E-03
-548.0000E-03,-6.2933E-03,+43.4378E-03
-547.5000E-03,-6.3938E-03,+40.8247E-03
-547.0000E-03,-6.5948E-03,+38.5132E-03
-546.5000E-03,-6.1928E-03,+35.9001E-03
-546.0000E-03,-5.8913E-03,+33.4881E-03
-545.5000E-03,-6.3938E-03,+31.3775E-03
-545.0000E-03,-6.5948E-03,+28.3624E-03
-544.5000E-03,-6.2933E-03,+25.9504E-03
-544.0000E-03,-6.6954E-03,+23.3373E-03
-543.5000E-03,-6.8964E-03,+20.8247E-03
-543.0000E-03,-6.6954E-03,+18.2117E-03
-542.5000E-03,-6.3938E-03,+15.6991E-03
-542.0000E-03,-6.5948E-03,+13.1866E-03
-541.5000E-03,-6.5948E-03,+10.6740E-03
-541.0000E-03,-6.9969E-03,+8.3624E-03
-540.5000E-03,-7.2984E-03,+5.4479E-03
-540.0000E-03,-7.0974E-03,+3.0358E-03
-539.5000E-03,-7.2984E-03,+523.2E-06
-539.0000E-03,-7.4994E-03,-1.7883E-03
-538.5000E-03,-7.3989E-03,-4.3009E-03
-538.0000E-03,-7.3989E-03,-6.8134E-03
-537.5000E-03,-7.5999E-03,-9.3260E-03
-537.0000E-03,-7.8009E-03,-11.6376E-03
-536.5000E-03,-8.1024E-03,-13.9491E-03
-536.0000E-03,-8.1024E-03,-16.8637E-03
-535.5000E-03,-8.1024E-03,-19.3763E-03
-535.0000E-03,-8.3034E-03,-21.8888E-03
-534.5000E-03,-8.1024E-03,-23.9994E-03
-534.0000E-03,-8.0019E-03,-26.9139E-03
-533.5000E-03,-8.1024E-03,-29.2255E-03
-533.0000E-03,-8.6049E-03,-31.8386E-03
-532.5000E-03,-8.6049E-03,-34.0496E-03
-532.0000E-03,-8.9064E-03,-36.7632E-03
-531.5000E-03,-8.6049E-03,-38.9742E-03
-531.0000E-03,-9.0069E-03,-41.5873E-03
-530.5000E-03,-9.4089E-03,-43.8989E-03
-530.0000E-03,-8.9064E-03,-46.3109E-03
-529.5000E-03,-9.5094E-03,-48.9240E-03
-529.0000E-03,-9.7104E-03,-51.8386E-03
-528.5000E-03,-9.7104E-03,-54.0496E-03
-528.0000E-03,-9.7104E-03,-52.2406E-03
-527.5000E-03,-9.7104E-03,-49.8285E-03
-527.0000E-03,-9.1074E-03,-47.3160E-03
-526.5000E-03,-9.0069E-03,-44.9039E-03
-526.0000E-03,-9.0069E-03,-42.2908E-03
-525.5000E-03,-8.7054E-03,-39.9793E-03
-525.0000E-03,-8.5044E-03,-37.1652E-03
-524.5000E-03,-8.1024E-03,-34.5521E-03
-524.0000E-03,-8.5044E-03,-32.1401E-03
-523.5000E-03,-8.3034E-03,-29.9290E-03
-523.0000E-03,-8.4039E-03,-27.4165E-03
-522.5000E-03,-8.1024E-03,-24.9039E-03
-522.0000E-03,-8.1024E-03,-22.4918E-03
-521.5000E-03,-7.8009E-03,-19.8788E-03
-521.0000E-03,-8.0019E-03,-17.3662E-03
-520.5000E-03,-7.7004E-03,-14.5521E-03
-520.0000E-03,-8.1024E-03,-12.1401E-03
-519.5000E-03,-7.8009E-03,-9.7280E-03
-519.0000E-03,-7.4994E-03,-7.3160E-03
-518.5000E-03,-7.7004E-03,-4.9039E-03
-518.0000E-03,-7.4994E-03,-2.0898E-03
-517.5000E-03,-7.2984E-03,+20.7E-06
-517.0000E-03,-7.7004E-03,+2.5333E-03
-516.5000E-03,-7.3989E-03,+4.7443E-03
-516.0000E-03,-7.5999E-03,+7.2569E-03
-515.5000E-03,-7.1979E-03,+9.8700E-03
-515.0000E-03,-7.2984E-03,+12.6840E-03
-514.5000E-03,-6.7959E-03,+14.7946E-03
-514.0000E-03,-7.2984E-03,+17.4077E-03
-513.5000E-03,-7.0974E-03,+19.9202E-03
-513.0000E-03,-6.9969E-03,+22.6338E-03
-512.5000E-03,-6.6954E-03,+24.8448E-03
-512.0000E-03,-6.9969E-03,+27.6589E-03
-511.5000E-03,-7.0974E-03,+30.0710E-03
-511.0000E-03,-6.9969E-03,+32.2820E-03
-510.5000E-03,-6.1928E-03,+35.0961E-03
-510.0000E-03,-6.3938E-03,+37.6087E-03
-509.5000E-03,-6.2933E-03,+40.4227E-03
-509.0000E-03,-6.0923E-03,+42.9353E-03
-508.5000E-03,-6.1928E-03,+45.0459E-03
-508.0000E-03,-6.1928E-03,+43.7393E-03
-507.5000E-03,-6.2933E-03,+40.6237E-03
-507.0000E-03,-6.4943E-03,+38.5132E-03
-506.5000E-03,-6.1928E-03,+35.7996E-03
-506.0000E-03,-6.4943E-03,+33.3876E-03
-505.5000E-03,-6.1928E-03,+30.6740E-03
-505.0000E-03,-6.1928E-03,+28.5634E-03
-504.5000E-03,-6.1928E-03,+25.7494E-03
-504.0000E-03,-6.1928E-03,+22.9353E-03
-503.5000E-03,-6.3938E-03,+21.0258E-03
-503.0000E-03,-6.5948E-03,+18.4127E-03
-502.5000E-03,-6.4943E-03,+15.4981E-03
-502.0000E-03,-7.0974E-03,+13.1866E-03
-501.5000E-03,-6.8964E-03,+10.3725E-03
-501.0000E-03,-6.6954E-03,+7.9604E-03
-500.5000E-03,-7.0974E-03,+5.8499E-03
-500.0000E-03,-7.1979E-03,+3.2368E-03
-499.5000E-03,-7.5999E-03,+824.7E-06
-499.0000E-03,-7.4994E-03,-1.3863E-03
-498.5000E-03,-7.1979E-03,-3.9994E-03
-498.0000E-03,-6.9969E-03,-6.4114E-03
-497.5000E-03,-7.9014E-03,-9.1250E-03
-497.0000E-03,-7.8009E-03,-11.6376E-03
-496.5000E-03,-8.1024E-03,-14.0496E-03
-496.0000E-03,-7.8009E-03,-16.3612E-03
-495.5000E-03,-8.3034E-03,-19.1753E-03
-495.0000E-03,-8.6049E-03,-21.8888E-03
-494.5000E-03,-8.7054E-03,-24.0999E-03
-494.0000E-03,-8.5044E-03,-26.9139E-03
-493.5000E-03,-8.4039E-03,-29.0245E-03
-493.0000E-03,-8.9064E-03,-31.5371E-03
-492.5000E-03,-8.8059E-03,-34.0496E-03
-492.0000E-03,-8.9064E-03,-36.5622E-03
-491.5000E-03,-9.2079E-03,-38.7732E-03
-491.0000E-03,-9.4089E-03,-41.1853E-03
-490.5000E-03,-9.3084E-03,-43.8989E-03
-490.0000E-03,-9.2079E-03,-46.5119E-03
-489.5000E-03,-9.1074E-03,-48.8235E-03
-489.0000E-03,-9.4089E-03,-51.7381E-03
-488.5000E-03,-10.1124E-03,-53.5471E-03
-488.0000E-03,-9.6099E-03,-52.2406E-03
-487.5000E-03,-9.0069E-03,-49.6275E-03
-487.0000E-03,-8.7054E-03,-47.0144E-03
-486.5000E-03,-8.9064E-03,-44.6024E-03
-486.0000E-03,-8.8059E-03,-41.5873E-03
-485.5000E-03,-8.8059E-03,-40.0798E-03
-485.0000E-03,-8.2029E-03,-37.3662E-03
-484.5000E-03,-8.3034E-03,-34.6526E-03
-484.0000E-03,-8.4039E-03,-32.2406E-03
-483.5000E-03,-8.4039E-03,-30.0295E-03
-483.0000E-03,-7.7004E-03,-26.9139E-03
-482.5000E-03,-8.2029E-03,-25.0044E-03
-482.0000E-03,-7.9014E-03,-22.0898E-03
-481.5000E-03,-7.7004E-03,-19.4768E-03
-481.0000E-03,-7.5999E-03,-17.0647E-03
-480.5000E-03,-7.8009E-03,-14.7531E-03
-480.0000E-03,-7.7004E-03,-12.1401E-03
-479.5000E-03,-7.0974E-03,-9.6275E-03
-479.0000E-03,-7.0974E-03,-7.3160E-03
-478.5000E-03,-7.4994E-03,-4.9039E-03
-478.0000E-03,-7.3989E-03,-2.0898E-03
-477.5000E-03,-7.4994E-03,+121.2E-06
-477.0000E-03,-7.2984E-03,+2.5333E-03
-476.5000E-03,-7.1979E-03,+5.0459E-03
-476.0000E-03,-7.1979E-03,+7.4579E-03
-475.5000E-03,-6.9969E-03,+9.7695E-03
-475.0000E-03,-6.6954E-03,+12.2820E-03
-474.5000E-03,-6.8964E-03,+15.3976E-03
-474.0000E-03,-6.8964E-03,+17.2067E-03
-473.5000E-03,-6.7959E-03,+20.5232E-03
-473.0000E-03,-6.6954E-03,+22.9353E-03
-472.5000E-03,-6.5948E-03,+25.2469E-03
-472.0000E-03,-6.6954E-03,+28.0609E-03
-471.5000E-03,-6.5948E-03,+30.2720E-03
-471.0000E-03,-6.1928E-03,+32.8850E-03
-470.5000E-03,-6.1928E-03,+35.1966E-03
-470.0000E-03,-6.5948E-03,+37.7092E-03
-469.5000E-03,-6.1928E-03,+40.5232E-03
-469.0000E-03,-5.6903E-03,+43.1363E-03
-468.5000E-03,-5.6903E-03,+44.9454E-03
-468.0000E-03,-5.9918E-03,+43.3373E-03
-467.5000E-03,-6.2933E-03,+40.7242E-03
-467.0000E-03,-5.9918E-03,+38.3122E-03
-466.5000E-03,-6.0923E-03,+35.5986E-03
-466.0000E-03,-5.8913E-03,+33.2871E-03
-465.5000E-03,-5.9918E-03,+30.5735E-03
-465.0000E-03,-6.2933E-03,+28.3624E-03
-464.5000E-03,-5.8913E-03,+26.0509E-03
-464.0000E-03,-5.9918E-03,+23.7393E-03
-463.5000E-03,-6.4943E-03,+20.7242E-03
-463.0000E-03,-6.7959E-03,+18.0107E-03
-462.5000E-03,-6.4943E-03,+15.6991E-03
-462.0000E-03,-6.3938E-03,+13.4881E-03
-461.5000E-03,-6.9969E-03,+10.5735E-03
-461.0000E-03,-6.8964E-03,+8.2619E-03
-460.5000E-03,-7.1979E-03,+5.8499E-03
-460.0000E-03,-7.0974E-03,+3.5383E-03
-459.5000E-03,-6.9969E-03,+925.3E-06
-459.0000E-03,-7.3989E-03,-1.6878E-03
-458.5000E-03,-7.4994E-03,-4.5019E-03
-458.0000E-03,-7.4994E-03,-6.6124E-03
-457.5000E-03,-7.7004E-03,-8.9240E-03
-457.0000E-03,-8.0019E-03,-11.6376E-03
-456.5000E-03,-7.8009E-03,-13.8486E-03
-456.0000E-03,-7.7004E-03,-16.4617E-03
-455.5000E-03,-8.3034E-03,-19.2758E-03
-455.0000E-03,-8.8059E-03,-21.4868E-03
-454.5000E-03,-8.4039E-03,-24.2004E-03
-454.0000E-03,-8.5044E-03,-26.6124E-03
-453.5000E-03,-8.4039E-03,-29.0245E-03
-453.0000E-03,-8.7054E-03,-31.5371E-03
-452.5000E-03,-8.8059E-03,-33.9491E-03
-452.0000E-03,-8.9064E-03,-36.8637E-03
-451.5000E-03,-8.8059E-03,-39.0747E-03
-451.0000E-03,-9.5094E-03,-41.3863E-03
-450.5000E-03,-9.2079E-03,-43.9994E-03
-450.0000E-03,-9.1074E-03,-46.8134E-03
-449.5000E-03,-9.1074E-03,-49.0245E-03
-449.0000E-03,-9.7104E-03,-51.7381E-03
-448.5000E-03,-9.9114E-03,-53.8486E-03
-448.0000E-03,-9.7104E-03,-52.2406E-03
-447.5000E-03,-9.0069E-03,-49.6275E-03
-447.0000E-03,-9.1074E-03,-47.0144E-03
-446.5000E-03,-9.1074E-03,-44.7029E-03
-446.0000E-03,-8.5044E-03,-41.9893E-03
-445.5000E-03,-8.7054E-03,-39.3763E-03
-445.0000E-03,-9.0069E-03,-36.9642E-03
-444.5000E-03,-8.5044E-03,-34.5521E-03
-444.0000E-03,-8.1024E-03,-31.9391E-03
-443.5000E-03,-7.8009E-03,-29.9290E-03
-443.0000E-03,-8.2029E-03,-26.9139E-03
-442.5000E-03,-7.9014E-03,-24.7029E-03
-442.0000E-03,-7.7004E-03,-21.7883E-03
-441.5000E-03,-7.8009E-03,-19.6778E-03
-441.0000E-03,-7.9014E-03,-16.7632E-03
-440.5000E-03,-7.7004E-03,-14.6526E-03
-440.0000E-03,-7.5999E-03,-12.2406E-03
-439.5000E-03,-7.5999E-03,-9.9290E-03
-439.0000E-03,-7.5999E-03,-7.2155E-03
-438.5000E-03,-7.5999E-03,-5.1049E-03
-438.0000E-03,-7.4994E-03,-2.3913E-03
-437.5000E-03,-7.4994E-03,+121.2E-06
-437.0000E-03,-7.3989E-03,+2.8348E-03
-436.5000E-03,-7.7004E-03,+4.8448E-03
-436.0000E-03,-7.5999E-03,+7.8599E-03
-435.5000E-03,-6.9969E-03,+10.0710E-03
-435.0000E-03,-7.0974E-03,+12.8850E-03
-434.5000E-03,-7.2984E-03,+15.0961E-03
-434.0000E-03,-7.4994E-03,+17.7092E-03
-433.5000E-03,-6.9969E-03,+20.1212E-03
-433.0000E-03,-6.5948E-03,+22.4328E-03
-432.5000E-03,-6.9969E-03,+25.3474E-03
-432.0000E-03,-7.0974E-03,+27.7594E-03
-431.5000E-03,-6.3938E-03,+30.0710E-03
-431.0000E-03,-6.4943E-03,+32.9856E-03
-430.5000E-03,-6.1928E-03,+35.6991E-03
-430.0000E-03,-6.7959E-03,+37.5082E-03
-429.5000E-03,-6.4943E-03,+40.9253E-03
-429.0000E-03,-6.2933E-03,+42.9353E-03
-428.5000E-03,-5.8913E-03,+45.2469E-03
-428.0000E-03,-6.3938E-03,+43.6388E-03
-427.5000E-03,-6.1928E-03,+40.9253E-03
-427.0000E-03,-6.1928E-03,+38.1112E-03
-426.5000E-03,-5.8913E-03,+36.0006E-03
-426.0000E-03,-6.4943E-03,+33.2871E-03
-425.5000E-03,-6.1928E-03,+31.3775E-03
-425.0000E-03,-6.0923E-03,+28.5634E-03
-424.5000E-03,-5.7908E-03,+26.0509E-03
-424.0000E-03,-6.0923E-03,+23.1363E-03
-423.5000E-03,-6.5948E-03,+20.8247E-03
-423.0000E-03,-6.9969E-03,+18.3122E-03
-422.5000E-03,-6.5948E-03,+16.1011E-03
-422.0000E-03,-6.4943E-03,+13.2871E-03
-421.5000E-03,-6.8964E-03,+10.5735E-03
-421.0000E-03,-7.0974E-03,+8.2619E-03
-420.5000E-03,-6.8964E-03,+5.9504E-03
-420.0000E-03,-7.2984E-03,+3.4378E-03
-419.5000E-03,-7.2984E-03,+1.2268E-03
-419.0000E-03,-7.0974E-03,-1.1853E-03
-418.5000E-03,-7.2984E-03,-4.3009E-03
-418.0000E-03,-7.2984E-03,-6.4114E-03
-417.5000E-03,-7.9014E-03,-9.3260E-03
-417.0000E-03,-8.0019E-03,-11.9391E-03
-416.5000E-03,-8.1024E-03,-14.2506E-03
-416.0000E-03,-7.8009E-03,-16.9642E-03
-415.5000E-03,-8.0019E-03,-18.7732E-03
-415.0000E-03,-8.5044E-03,-21.5873E-03
-414.5000E-03,-8.3034E-03,-23.9994E-03
-414.0000E-03,-8.3034E-03,-26.5119E-03
-413.5000E-03,-8.6049E-03,-29.2255E-03
-413.0000E-03,-8.8059E-03,-32.1401E-03
-412.5000E-03,-8.6049E-03,-33.9491E-03
-412.0000E-03,-8.7054E-03,-36.3612E-03
-411.5000E-03,-9.0069E-03,-38.9742E-03
-411.0000E-03,-9.1074E-03,-41.2858E-03
-410.5000E-03,-9.3084E-03,-44.0999E-03
-410.0000E-03,-9.3084E-03,-46.6124E-03
-409.5000E-03,-9.1074E-03,-49.2255E-03
-409.0000E-03,-9.6099E-03,-51.3361E-03
-408.5000E-03,-9.8109E-03,-53.6476E-03
-408.0000E-03,-9.1074E-03,-51.8386E-03
-407.5000E-03,-9.1074E-03,-49.2255E-03
-407.0000E-03,-9.2079E-03,-46.8134E-03
-406.5000E-03,-9.0069E-03,-44.4014E-03
-406.0000E-03,-8.4039E-03,-42.0898E-03
-405.5000E-03,-8.4039E-03,-39.6778E-03
-405.0000E-03,-8.6049E-03,-37.0647E-03
-404.5000E-03,-8.6049E-03,-34.4516E-03
-404.0000E-03,-8.0019E-03,-32.0396E-03
-403.5000E-03,-7.8009E-03,-29.7280E-03
-403.0000E-03,-8.3034E-03,-27.0144E-03
-402.5000E-03,-8.1024E-03,-24.9039E-03
-402.0000E-03,-7.8009E-03,-21.9893E-03
-401.5000E-03,-7.7004E-03,-19.4768E-03
-401.0000E-03,-7.9014E-03,-17.2657E-03
-400.5000E-03,-7.3989E-03,-14.5521E-03
-400.0000E-03,-7.5999E-03,-11.8386E-03
-399.5000E-03,-7.1979E-03,-9.7280E-03
-399.0000E-03,-7.2984E-03,-7.2155E-03
-398.5000E-03,-7.3989E-03,-4.9039E-03
-398.0000E-03,-7.4994E-03,-2.0898E-03
-397.5000E-03,-7.2984E-03,+422.7E-06
-397.0000E-03,-7.3989E-03,+3.0358E-03
-396.5000E-03,-7.1979E-03,+5.3474E-03
-396.0000E-03,-7.2984E-03,+7.4579E-03
-395.5000E-03,-7.3989E-03,+9.9705E-03
-395.0000E-03,-7.2984E-03,+12.6840E-03
-394.5000E-03,-7.1979E-03,+15.1966E-03
-394.0000E-03,-7.4994E-03,+17.7092E-03
-393.5000E-03,-6.6954E-03,+19.8197E-03
-393.0000E-03,-7.0974E-03,+22.8348E-03
-392.5000E-03,-6.8964E-03,+25.5484E-03
-392.0000E-03,-6.6954E-03,+27.6589E-03
-391.5000E-03,-6.4943E-03,+30.1715E-03
-391.0000E-03,-6.3938E-03,+32.8850E-03
-390.5000E-03,-6.2933E-03,+35.1966E-03
-390.0000E-03,-6.5948E-03,+37.7092E-03
-389.5000E-03,-6.2933E-03,+40.3222E-03
-389.0000E-03,-5.7908E-03,+43.0358E-03
-388.5000E-03,-6.0923E-03,+45.1464E-03
-388.0000E-03,-6.1928E-03,+43.8398E-03
-387.5000E-03,-5.9918E-03,+41.3273E-03
-387.0000E-03,-5.9918E-03,+38.4127E-03
-386.5000E-03,-6.1928E-03,+36.2016E-03
-386.0000E-03,-6.1928E-03,+33.1866E-03
-385.5000E-03,-6.0923E-03,+31.0760E-03
-385.0000E-03,-6.1928E-03,+28.3624E-03
-384.5000E-03,-6.1928E-03,+25.9504E-03
-384.0000E-03,-6.5948E-03,+23.2368E-03
-383.5000E-03,-6.3938E-03,+20.7242E-03
-383.0000E-03,-6.3938E-03,+18.4127E-03
-382.5000E-03,-6.4943E-03,+15.4981E-03
-382.0000E-03,-6.9969E-03,+13.0861E-03
-381.5000E-03,-6.8964E-03,+11.0760E-03
-381.0000E-03,-6.8964E-03,+8.3624E-03
-380.5000E-03,-6.9969E-03,+5.7494E-03
-380.0000E-03,-7.0974E-03,+3.3373E-03
-379.5000E-03,-7.2984E-03,+623.7E-06
-379.0000E-03,-7.2984E-03,-1.3863E-03
-378.5000E-03,-7.2984E-03,-4.2004E-03
-378.0000E-03,-7.5999E-03,-6.2104E-03
-377.5000E-03,-7.9014E-03,-8.9240E-03
-377.0000E-03,-8.2029E-03,-11.9391E-03
-376.5000E-03,-7.5999E-03,-14.1501E-03
-376.0000E-03,-8.0019E-03,-16.0597E-03
-375.5000E-03,-8.3034E-03,-19.1753E-03
-375.0000E-03,-8.5044E-03,-21.3863E-03
-374.5000E-03,-8.4039E-03,-23.9994E-03
-374.0000E-03,-8.7054E-03,-26.3109E-03
-373.5000E-03,-8.8059E-03,-28.9240E-03
-373.0000E-03,-8.7054E-03,-31.4366E-03
-372.5000E-03,-8.6049E-03,-33.9491E-03
-372.0000E-03,-8.8059E-03,-36.6627E-03
-371.5000E-03,-9.2079E-03,-38.9742E-03
-371.0000E-03,-9.4089E-03,-41.3863E-03
-370.5000E-03,-8.9064E-03,-43.9994E-03
-370.0000E-03,-8.8059E-03,-46.1099E-03
-369.5000E-03,-9.0069E-03,-49.0245E-03
-369.0000E-03,-9.4089E-03,-51.5371E-03
-368.5000E-03,-9.2079E-03,-53.6476E-03
-368.0000E-03,-9.1074E-03,-52.0396E-03
-367.5000E-03,-8.9064E-03,-49.5270E-03
-367.0000E-03,-9.1074E-03,-47.1149E-03
-366.5000E-03,-8.6049E-03,-44.6024E-03
-366.0000E-03,-8.6049E-03,-41.8888E-03
-365.5000E-03,-8.8059E-03,-39.2758E-03
-365.0000E-03,-8.6049E-03,-37.0647E-03
-364.5000E-03,-8.1024E-03,-34.0496E-03
-364.0000E-03,-7.9014E-03,-31.9391E-03
-363.5000E-03,-8.2029E-03,-29.3260E-03
-363.0000E-03,-8.2029E-03,-27.1149E-03
-362.5000E-03,-8.0019E-03,-24.4014E-03
-362.0000E-03,-7.9014E-03,-22.0898E-03
-361.5000E-03,-7.4994E-03,-19.7783E-03
-361.0000E-03,-8.2029E-03,-17.4667E-03
-360.5000E-03,-7.4994E-03,-14.7531E-03
-360.0000E-03,-7.4994E-03,-12.1401E-03
-359.5000E-03,-7.2984E-03,-9.2255E-03
-359.0000E-03,-7.7004E-03,-7.1149E-03
-358.5000E-03,-7.5999E-03,-4.5019E-03
-358.0000E-03,-7.3989E-03,-2.1903E-03
-357.5000E-03,-6.9969E-03,+221.7E-06
-357.0000E-03,-7.8009E-03,+2.8348E-03
-356.5000E-03,-7.9014E-03,+5.2469E-03
-356.0000E-03,-7.4994E-03,+7.6589E-03
-355.5000E-03,-7.2984E-03,+9.9705E-03
-355.0000E-03,-6.9969E-03,+12.8850E-03
-354.5000E-03,-7.4994E-03,+14.7946E-03
-354.0000E-03,-7.3989E-03,+17.7092E-03
-353.5000E-03,-6.9969E-03,+20.2217E-03
-353.0000E-03,-6.8964E-03,+22.7343E-03
-352.5000E-03,-7.1979E-03,+25.5484E-03
-352.0000E-03,-7.0974E-03,+28.2619E-03
-351.5000E-03,-6.8964E-03,+30.1715E-03
-351.0000E-03,-6.6954E-03,+32.8850E-03
-350.5000E-03,-6.4943E-03,+35.2971E-03
-350.0000E-03,-6.7959E-03,+38.1112E-03
-349.5000E-03,-6.2933E-03,+40.9253E-03
-349.0000E-03,-6.2933E-03,+42.9353E-03
-348.5000E-03,-6.4943E-03,+45.1464E-03
-348.0000E-03,-6.2933E-03,+43.5383E-03
-347.5000E-03,-6.1928E-03,+41.2268E-03
-347.0000E-03,-6.1928E-03,+38.7142E-03
-346.5000E-03,-6.1928E-03,+36.2016E-03
-346.0000E-03,-6.5948E-03,+33.4881E-03
-345.5000E-03,-6.5948E-03,+30.8750E-03
-345.0000E-03,-6.2933E-03,+28.1614E-03
-344.5000E-03,-6.3938E-03,+25.6489E-03
-344.0000E-03,-6.5948E-03,+23.4378E-03
-343.5000E-03,-6.9969E-03,+20.8247E-03
-343.0000E-03,-6.3938E-03,+18.3122E-03
-342.5000E-03,-6.7959E-03,+16.0006E-03
-342.0000E-03,-7.0974E-03,+13.2871E-03
-341.5000E-03,-6.9969E-03,+11.1765E-03
-341.0000E-03,-6.9969E-03,+8.6639E-03
-340.5000E-03,-6.7959E-03,+5.8499E-03
-340.0000E-03,-7.3989E-03,+2.9353E-03
-339.5000E-03,-7.5999E-03,+623.7E-06
-339.0000E-03,-7.5999E-03,-1.5873E-03
-338.5000E-03,-7.2984E-03,-4.0999E-03
-338.0000E-03,-7.5999E-03,-6.3109E-03
-337.5000E-03,-8.4039E-03,-9.4265E-03
-337.0000E-03,-7.8009E-03,-11.4366E-03
-336.5000E-03,-7.7004E-03,-14.0496E-03
-336.0000E-03,-8.3034E-03,-16.4617E-03
-335.5000E-03,-8.6049E-03,-18.5722E-03
-335.0000E-03,-8.3034E-03,-21.5873E-03
-334.5000E-03,-8.3034E-03,-24.5019E-03
-334.0000E-03,-8.3034E-03,-26.4114E-03
-333.5000E-03,-9.3084E-03,-28.9240E-03
-333.0000E-03,-8.7054E-03,-31.7381E-03
-332.5000E-03,-9.0069E-03,-34.2506E-03
-332.0000E-03,-8.8059E-03,-36.3612E-03
-331.5000E-03,-9.1074E-03,-38.9742E-03
-331.0000E-03,-9.3084E-03,-41.6878E-03
-330.5000E-03,-8.8059E-03,-43.7984E-03
-330.0000E-03,-9.1074E-03,-46.4114E-03
-329.5000E-03,-9.5094E-03,-48.9240E-03
-329.0000E-03,-9.5094E-03,-50.9340E-03
-328.5000E-03,-9.5094E-03,-53.8486E-03
-328.0000E-03,-9.2079E-03,-52.3411E-03
-327.5000E-03,-9.6099E-03,-49.5270E-03
-327.0000E-03,-9.2079E-03,-46.9139E-03
-326.5000E-03,-9.0069E-03,-44.5019E-03
-326.0000E-03,-8.4039E-03,-41.8888E-03
-325.5000E-03,-9.0069E-03,-39.6778E-03
-325.0000E-03,-8.9064E-03,-36.9642E-03
-324.5000E-03,-8.2029E-03,-34.4516E-03
-324.0000E-03,-7.9014E-03,-32.1401E-03
-323.5000E-03,-8.5044E-03,-29.5270E-03
-323.0000E-03,-8.2029E-03,-27.0144E-03
-322.5000E-03,-8.0019E-03,-24.2004E-03
-322.0000E-03,-7.5999E-03,-21.6878E-03
-321.5000E-03,-7.7004E-03,-19.5773E-03
-321.0000E-03,-7.9014E-03,-17.0647E-03
-320.5000E-03,-7.7004E-03,-14.6526E-03
-320.0000E-03,-7.4994E-03,-11.9391E-03
-319.5000E-03,-7.4994E-03,-9.5270E-03
-319.0000E-03,-7.5999E-03,-7.3160E-03
-318.5000E-03,-7.7004E-03,-4.6024E-03
-318.0000E-03,-7.2984E-03,-2.2908E-03
-317.5000E-03,-6.9969E-03,+221.7E-06
-317.0000E-03,-7.4994E-03,+2.7343E-03
-316.5000E-03,-7.5999E-03,+5.3474E-03
-316.0000E-03,-7.3989E-03,+7.5584E-03
-315.5000E-03,-7.1979E-03,+10.2720E-03
-315.0000E-03,-7.3989E-03,+12.6840E-03
-314.5000E-03,-7.2984E-03,+15.5986E-03
-314.0000E-03,-6.5948E-03,+17.4077E-03
-313.5000E-03,-6.8964E-03,+21.0258E-03
-313.0000E-03,-6.9969E-03,+23.1363E-03
-312.5000E-03,-6.6954E-03,+25.4479E-03
-312.0000E-03,-6.8964E-03,+28.1614E-03
-311.5000E-03,-6.7959E-03,+30.2720E-03
-311.0000E-03,-6.5948E-03,+32.9856E-03
-310.5000E-03,-6.4943E-03,+35.4981E-03
-310.0000E-03,-6.1928E-03,+38.0107E-03
-309.5000E-03,-6.3938E-03,+40.5232E-03
-309.0000E-03,-5.9918E-03,+43.2368E-03
-308.5000E-03,-5.9918E-03,+45.1464E-03
-308.0000E-03,-5.8913E-03,+43.7393E-03
-307.5000E-03,-5.6903E-03,+40.9253E-03
-307.0000E-03,-5.8913E-03,+38.5132E-03
-306.5000E-03,-5.5898E-03,+35.4981E-03
-306.0000E-03,-6.1928E-03,+33.2871E-03
-305.5000E-03,-6.3938E-03,+31.2770E-03
-305.0000E-03,-5.9918E-03,+28.5634E-03
-304.5000E-03,-6.2933E-03,+26.0509E-03
-304.0000E-03,-6.6954E-03,+23.4378E-03
-303.5000E-03,-6.4943E-03,+20.9253E-03
-303.0000E-03,-6.1928E-03,+18.3122E-03
-302.5000E-03,-6.4943E-03,+15.6991E-03
-302.0000E-03,-6.5948E-03,+13.3876E-03
-301.5000E-03,-6.5948E-03,+10.9755E-03
-301.0000E-03,-6.7959E-03,+8.1614E-03
-300.5000E-03,-6.7959E-03,+5.9504E-03
-300.0000E-03,-7.4994E-03,+3.0358E-03
-299.5000E-03,-7.1979E-03,+824.7E-06
-299.0000E-03,-7.2984E-03,-1.7883E-03
-298.5000E-03,-7.4994E-03,-4.2004E-03
-298.0000E-03,-7.5999E-03,-6.3109E-03
-297.5000E-03,-7.7004E-03,-8.7230E-03
-297.0000E-03,-8.0019E-03,-11.4366E-03
-296.5000E-03,-7.9014E-03,-13.3461E-03
-296.0000E-03,-8.1024E-03,-16.3612E-03
-295.5000E-03,-8.2029E-03,-18.4717E-03
-295.0000E-03,-8.7054E-03,-21.8888E-03
-294.5000E-03,-8.4039E-03,-23.9994E-03
-294.0000E-03,-8.7054E-03,-26.3109E-03
-293.5000E-03,-8.8059E-03,-28.8235E-03
-293.0000E-03,-8.7054E-03,-31.6376E-03
-292.5000E-03,-8.8059E-03,-33.8486E-03
-292.0000E-03,-8.8059E-03,-36.0597E-03
-291.5000E-03,-9.1074E-03,-38.9742E-03
-291.0000E-03,-9.2079E-03,-41.1853E-03
-290.5000E-03,-9.3084E-03,-43.8989E-03
-290.0000E-03,-9.3084E-03,-46.8134E-03
-289.5000E-03,-9.4089E-03,-48.9240E-03
-289.0000E-03,-9.6099E-03,-51.2356E-03
-288.5000E-03,-9.3084E-03,-53.5471E-03
-288.0000E-03,-9.5094E-03,-51.7381E-03
-287.5000E-03,-9.3084E-03,-49.3260E-03
-287.0000E-03,-9.1074E-03,-46.9139E-03
-286.5000E-03,-8.5044E-03,-44.4014E-03
-286.0000E-03,-8.7054E-03,-41.8888E-03
-285.5000E-03,-8.8059E-03,-39.4768E-03
-285.0000E-03,-8.5044E-03,-37.0647E-03
-284.5000E-03,-8.3034E-03,-34.0496E-03
-284.0000E-03,-8.3034E-03,-32.0396E-03
-283.5000E-03,-8.6049E-03,-29.5270E-03
-283.0000E-03,-8.5044E-03,-26.5119E-03
-282.5000E-03,-8.4039E-03,-24.5019E-03
-282.0000E-03,-7.9014E-03,-22.2908E-03
-281.5000E-03,-7.9014E-03,-19.3763E-03
-281.0000E-03,-8.2029E-03,-16.9642E-03
-280.5000E-03,-8.1024E-03,-14.2506E-03
-280.0000E-03,-8.0019E-03,-11.8386E-03
-279.5000E-03,-7.7004E-03,-9.1250E-03
-279.0000E-03,-7.9014E-03,-7.2155E-03
-278.5000E-03,-7.7004E-03,-4.5019E-03
-278.0000E-03,-7.5999E-03,-2.1903E-03
-277.5000E-03,-7.9014E-03,+422.7E-06
-277.0000E-03,-7.8009E-03,+2.7343E-03
-276.5000E-03,-7.8009E-03,+5.2469E-03
-276.0000E-03,-7.8009E-03,+7.5584E-03
-275.5000E-03,-7.1979E-03,+10.1715E-03
-275.0000E-03,-7.4994E-03,+12.6840E-03
-274.5000E-03,-7.5999E-03,+15.1966E-03
-274.0000E-03,-7.2984E-03,+17.9102E-03
-273.5000E-03,-7.1979E-03,+20.3222E-03
-273.0000E-03,-7.3989E-03,+22.5333E-03
-272.5000E-03,-7.5999E-03,+25.5484E-03
-272.0000E-03,-7.4994E-03,+27.8599E-03
-271.5000E-03,-6.7959E-03,+30.3725E-03
-271.0000E-03,-7.0974E-03,+33.4881E-03
-270.5000E-03,-6.5948E-03,+35.3976E-03
-270.0000E-03,-6.4943E-03,+38.0107E-03
-269.5000E-03,-6.8964E-03,+40.3222E-03
-269.0000E-03,-6.6954E-03,+43.2368E-03
-268.5000E-03,-6.8964E-03,+45.4479E-03
-268.0000E-03,-6.3938E-03,+43.5383E-03
-267.5000E-03,-6.4943E-03,+41.3273E-03
-267.0000E-03,-6.4943E-03,+38.6137E-03
-266.5000E-03,-6.7959E-03,+35.9001E-03
-266.0000E-03,-6.3938E-03,+34.0911E-03
-265.5000E-03,-6.5948E-03,+31.0760E-03
-265.0000E-03,-6.4943E-03,+28.8649E-03
-264.5000E-03,-6.7959E-03,+26.1514E-03
-264.0000E-03,-6.8964E-03,+23.9403E-03
-263.5000E-03,-6.8964E-03,+21.1263E-03
-263.0000E-03,-6.4943E-03,+18.6137E-03
-262.5000E-03,-6.9969E-03,+16.0006E-03
-262.0000E-03,-7.1979E-03,+13.4881E-03
-261.5000E-03,-7.0974E-03,+11.2770E-03
-261.0000E-03,-7.0974E-03,+8.2619E-03
-260.5000E-03,-7.3989E-03,+5.7494E-03
-260.0000E-03,-7.2984E-03,+3.1363E-03
-259.5000E-03,-7.4994E-03,+1.0258E-03
-259.0000E-03,-7.3989E-03,-1.5873E-03
-258.5000E-03,-7.5999E-03,-3.6979E-03
-258.0000E-03,-7.8009E-03,-6.7129E-03
-257.5000E-03,-7.8009E-03,-8.8235E-03
-257.0000E-03,-8.0019E-03,-11.7381E-03
-256.5000E-03,-8.1024E-03,-13.7481E-03
-256.0000E-03,-8.5044E-03,-16.7632E-03
-255.5000E-03,-8.1024E-03,-18.9742E-03
-255.0000E-03,-8.4039E-03,-21.2858E-03
-254.5000E-03,-8.1024E-03,-23.7984E-03
-254.0000E-03,-8.7054E-03,-26.2104E-03
-253.5000E-03,-8.7054E-03,-28.8235E-03
-253.0000E-03,-8.6049E-03,-31.9391E-03
-252.5000E-03,-9.1074E-03,-33.9491E-03
-252.0000E-03,-9.2079E-03,-36.0597E-03
-251.5000E-03,-8.9064E-03,-38.9742E-03
-251.0000E-03,-9.1074E-03,-41.1853E-03
-250.5000E-03,-9.0069E-03,-43.7984E-03
-250.0000E-03,-9.2079E-03,-46.4114E-03
-249.5000E-03,-9.5094E-03,-49.3260E-03
-249.0000E-03,-9.5094E-03,-51.2356E-03
-248.5000E-03,-9.4089E-03,-53.8486E-03
-248.0000E-03,-9.2079E-03,-51.9391E-03
-247.5000E-03,-9.5094E-03,-49.5270E-03
-247.0000E-03,-8.9064E-03,-46.8134E-03
-246.5000E-03,-9.2079E-03,-44.7029E-03
-246.0000E-03,-9.0069E-03,-41.6878E-03
-245.5000E-03,-8.8059E-03,-39.7783E-03
-245.0000E-03,-8.7054E-03,-37.1652E-03
-244.5000E-03,-8.6049E-03,-34.5521E-03
-244.0000E-03,-8.1024E-03,-32.0396E-03
-243.5000E-03,-8.4039E-03,-29.1250E-03
-243.0000E-03,-8.2029E-03,-27.2155E-03
-242.5000E-03,-7.9014E-03,-24.4014E-03
-242.0000E-03,-7.4994E-03,-21.7883E-03
-241.5000E-03,-8.0019E-03,-19.2758E-03
-241.0000E-03,-7.8009E-03,-17.0647E-03
-240.5000E-03,-8.0019E-03,-14.4516E-03
-240.0000E-03,-7.3989E-03,-11.6376E-03
-239.5000E-03,-7.4994E-03,-9.2255E-03
-239.0000E-03,-7.3989E-03,-7.3160E-03
-238.5000E-03,-7.2984E-03,-4.8034E-03
-238.0000E-03,-6.9969E-03,-2.1903E-03
-237.5000E-03,-7.8009E-03,+322.2E-06
-237.0000E-03,-7.5999E-03,+2.6338E-03
-236.5000E-03,-7.5999E-03,+5.0459E-03
-236.0000E-03,-7.2984E-03,+7.5584E-03
-235.5000E-03,-6.9969E-03,+10.1715E-03
-235.0000E-03,-7.0974E-03,+12.6840E-03
-234.5000E-03,-6.9969E-03,+15.3976E-03
-234.0000E-03,-6.6954E-03,+17.7092E-03
-233.5000E-03,-6.7959E-03,+20.2217E-03
-233.0000E-03,-6.9969E-03,+22.5333E-03
-232.5000E-03,-6.7959E-03,+25.4479E-03
-232.0000E-03,-6.5948E-03,+27.7594E-03
-231.5000E-03,-6.4943E-03,+30.3725E-03
-231.0000E-03,-6.4943E-03,+33.0861E-03
-230.5000E-03,-6.5948E-03,+35.4981E-03
-230.0000E-03,-6.1928E-03,+37.9102E-03
-229.5000E-03,-5.9918E-03,+40.6237E-03
-229.0000E-03,-6.4943E-03,+43.1363E-03
-228.5000E-03,-6.7959E-03,+45.0459E-03
-228.0000E-03,-6.1928E-03,+43.2368E-03
-227.5000E-03,-6.1928E-03,+40.9253E-03
-227.0000E-03,-6.4943E-03,+38.4127E-03
-226.5000E-03,-6.0923E-03,+36.0006E-03
-226.0000E-03,-6.0923E-03,+33.3876E-03
-225.5000E-03,-6.0923E-03,+30.5735E-03
-225.0000E-03,-6.3938E-03,+28.2619E-03
-224.5000E-03,-6.5948E-03,+25.8499E-03
-224.0000E-03,-6.1928E-03,+23.4378E-03
-223.5000E-03,-6.7959E-03,+20.7242E-03
-223.0000E-03,-6.2933E-03,+18.4127E-03
-222.5000E-03,-6.5948E-03,+15.7996E-03
-222.0000E-03,-6.9969E-03,+13.4881E-03
-221.5000E-03,-6.8964E-03,+10.9755E-03
-221.0000E-03,-6.6954E-03,+8.0609E-03
-220.5000E-03,-7.2984E-03,+5.5484E-03
-220.0000E-03,-7.2984E-03,+3.6388E-03
-219.5000E-03,-7.1979E-03,+623.7E-06
-219.0000E-03,-7.0974E-03,-1.7883E-03
-218.5000E-03,-7.7004E-03,-3.7984E-03
-218.0000E-03,-7.8009E-03,-6.6124E-03
-217.5000E-03,-8.0019E-03,-8.7230E-03
-217.0000E-03,-7.9014E-03,-11.3361E-03
-216.5000E-03,-8.2029E-03,-13.9491E-03
-216.0000E-03,-8.4039E-03,-16.5622E-03
-215.5000E-03,-7.9014E-03,-18.9742E-03
-215.0000E-03,-8.3034E-03,-21.8888E-03
-214.5000E-03,-8.3034E-03,-23.9994E-03
-214.0000E-03,-8.6049E-03,-26.9139E-03
-213.5000E-03,-8.7054E-03,-28.7230E-03
-213.0000E-03,-8.9064E-03,-31.6376E-03
-212.5000E-03,-9.0069E-03,-33.8486E-03
-212.0000E-03,-9.0069E-03,-36.7632E-03
-211.5000E-03,-9.2079E-03,-38.7732E-03
-211.0000E-03,-9.4089E-03,-41.3863E-03
-210.5000E-03,-8.9064E-03,-43.4969E-03
-210.0000E-03,-9.6099E-03,-46.5119E-03
-209.5000E-03,-9.7104E-03,-49.0245E-03
-209.0000E-03,-9.9114E-03,-51.9391E-03
-208.5000E-03,-9.3084E-03,-54.0496E-03
-208.0000E-03,-9.3084E-03,-52.2406E-03
-207.5000E-03,-9.4089E-03,-49.4265E-03
-207.0000E-03,-8.7054E-03,-47.0144E-03
-206.5000E-03,-8.9064E-03,-44.3009E-03
-206.0000E-03,-8.6049E-03,-42.1903E-03
-205.5000E-03,-8.8059E-03,-39.4768E-03
-205.0000E-03,-8.4039E-03,-36.8637E-03
-204.5000E-03,-8.0019E-03,-34.5521E-03
-204.0000E-03,-8.2029E-03,-31.8386E-03
-203.5000E-03,-8.5044E-03,-29.5270E-03
-203.0000E-03,-8.2029E-03,-27.0144E-03
-202.5000E-03,-8.1024E-03,-24.6024E-03
-202.0000E-03,-7.8009E-03,-21.9893E-03
-201.5000E-03,-8.0019E-03,-19.5773E-03
-201.0000E-03,-7.8009E-03,-17.0647E-03
-200.5000E-03,-7.3989E-03,-14.4516E-03
-200.0000E-03,-7.0974E-03,-11.8386E-03
-199.5000E-03,-7.7004E-03,-9.6275E-03
-199.0000E-03,-7.7004E-03,-7.0144E-03
-198.5000E-03,-7.5999E-03,-5.0044E-03
-198.0000E-03,-7.3989E-03,-2.4918E-03
-197.5000E-03,-7.7004E-03,+20.7E-06
-197.0000E-03,-7.8009E-03,+2.1313E-03
-196.5000E-03,-7.7004E-03,+5.2469E-03
-196.0000E-03,-7.1979E-03,+7.6589E-03
-195.5000E-03,-7.4994E-03,+9.9705E-03
-195.0000E-03,-7.8009E-03,+12.2820E-03
-194.5000E-03,-7.3989E-03,+15.1966E-03
-194.0000E-03,-7.0974E-03,+18.1112E-03
-193.5000E-03,-7.4994E-03,+20.6237E-03
-193.0000E-03,-6.9969E-03,+23.3373E-03
-192.5000E-03,-6.8964E-03,+25.5484E-03
-192.0000E-03,-6.8964E-03,+28.2619E-03
-191.5000E-03,-6.5948E-03,+30.6740E-03
-191.0000E-03,-6.6954E-03,+32.4830E-03
-190.5000E-03,-6.4943E-03,+35.9001E-03
-190.0000E-03,-6.4943E-03,+37.6087E-03
-189.5000E-03,-6.4943E-03,+40.5232E-03
-189.0000E-03,-6.7959E-03,+42.8348E-03
-188.5000E-03,-6.3938E-03,+45.1464E-03
-188.0000E-03,-6.1928E-03,+43.6388E-03
-187.5000E-03,-6.1928E-03,+41.1263E-03
-187.0000E-03,-6.1928E-03,+38.5132E-03
-186.5000E-03,-6.4943E-03,+35.6991E-03
-186.0000E-03,-6.0923E-03,+33.4881E-03
-185.5000E-03,-5.8913E-03,+30.6740E-03
-185.0000E-03,-6.4943E-03,+28.3624E-03
-184.5000E-03,-6.7959E-03,+25.3474E-03
-184.0000E-03,-6.5948E-03,+23.4378E-03
-183.5000E-03,-6.4943E-03,+20.8247E-03
-183.0000E-03,-6.7959E-03,+18.3122E-03
-182.5000E-03,-7.2984E-03,+15.3976E-03
-182.0000E-03,-6.9969E-03,+13.3876E-03
-181.5000E-03,-6.9969E-03,+10.5735E-03
-181.0000E-03,-6.9969E-03,+8.2619E-03
-180.5000E-03,-7.7004E-03,+5.5484E-03
-180.0000E-03,-7.7004E-03,+3.3373E-03
-179.5000E-03,-7.2984E-03,+724.2E-06
-179.0000E-03,-7.5999E-03,-1.8888E-03
-178.5000E-03,-8.0019E-03,-4.2004E-03
-178.0000E-03,-8.0019E-03,-6.4114E-03
-177.5000E-03,-8.0019E-03,-9.3260E-03
-177.0000E-03,-7.8009E-03,-11.5371E-03
-176.5000E-03,-8.2029E-03,-14.1501E-03
-176.0000E-03,-8.6049E-03,-16.3612E-03
-175.5000E-03,-8.5044E-03,-18.9742E-03
-175.0000E-03,-8.5044E-03,-21.5873E-03
-174.5000E-03,-8.9064E-03,-24.2004E-03
-174.0000E-03,-8.6049E-03,-26.6124E-03
-173.5000E-03,-9.3084E-03,-28.8235E-03
-173.0000E-03,-8.9064E-03,-31.3361E-03
-172.5000E-03,-8.7054E-03,-33.5471E-03
-172.0000E-03,-9.2079E-03,-36.6627E-03
-171.5000E-03,-9.4089E-03,-39.3763E-03
-171.0000E-03,-9.0069E-03,-41.6878E-03
-170.5000E-03,-9.1074E-03,-43.8989E-03
-170.0000E-03,-9.7104E-03,-46.2104E-03
-169.5000E-03,-9.6099E-03,-48.8235E-03
-169.0000E-03,-9.4089E-03,-51.5371E-03
-168.5000E-03,-9.4089E-03,-53.5471E-03
-168.0000E-03,-9.4089E-03,-52.2406E-03
-167.5000E-03,-9.2079E-03,-49.6275E-03
-167.0000E-03,-9.4089E-03,-47.1149E-03
-166.5000E-03,-8.7054E-03,-44.6024E-03
-166.0000E-03,-9.0069E-03,-42.0898E-03
-165.5000E-03,-8.6049E-03,-39.4768E-03
-165.0000E-03,-8.6049E-03,-37.2657E-03
-164.5000E-03,-8.1024E-03,-34.3511E-03
-164.0000E-03,-8.4039E-03,-32.0396E-03
-163.5000E-03,-8.4039E-03,-29.2255E-03
-163.0000E-03,-8.5044E-03,-26.9139E-03
-162.5000E-03,-8.1024E-03,-24.3009E-03
-162.0000E-03,-8.0019E-03,-21.9893E-03
-161.5000E-03,-8.5044E-03,-19.4768E-03
-161.0000E-03,-7.5999E-03,-16.8637E-03
-160.5000E-03,-7.9014E-03,-14.9541E-03
-160.0000E-03,-7.8009E-03,-12.2406E-03
-159.5000E-03,-7.9014E-03,-9.8285E-03
-159.0000E-03,-7.9014E-03,-6.9139E-03
-158.5000E-03,-7.5999E-03,-4.8034E-03
-158.0000E-03,-7.5999E-03,-2.0898E-03
-157.5000E-03,-7.4994E-03,+221.7E-06
-157.0000E-03,-8.0019E-03,+2.8348E-03
-156.5000E-03,-7.2984E-03,+5.1464E-03
-156.0000E-03,-7.5999E-03,+7.3574E-03
-155.5000E-03,-7.5999E-03,+9.9705E-03
-155.0000E-03,-7.0974E-03,+12.2820E-03
-154.5000E-03,-6.9969E-03,+15.6991E-03
-154.0000E-03,-7.1979E-03,+17.4077E-03
-153.5000E-03,-7.0974E-03,+20.3222E-03
-153.0000E-03,-6.9969E-03,+23.2368E-03
-152.5000E-03,-7.1979E-03,+25.0459E-03
-152.0000E-03,-6.7959E-03,+27.6589E-03
-151.5000E-03,-6.6954E-03,+30.2720E-03
-151.0000E-03,-6.5948E-03,+32.6840E-03
-150.5000E-03,-6.6954E-03,+35.3976E-03
-150.0000E-03,-6.3938E-03,+38.1112E-03
-149.5000E-03,-6.1928E-03,+40.0207E-03
-149.0000E-03,-6.3938E-03,+42.5333E-03
-148.5000E-03,-6.4943E-03,+45.0459E-03
-148.0000E-03,-5.8913E-03,+43.2368E-03
-147.5000E-03,-5.8913E-03,+41.2268E-03
-147.0000E-03,-6.3938E-03,+38.5132E-03
-146.5000E-03,-6.0923E-03,+35.9001E-03
-146.0000E-03,-6.2933E-03,+33.1866E-03
-145.5000E-03,-6.4943E-03,+31.1765E-03
-145.0000E-03,-6.4943E-03,+28.5634E-03
-144.5000E-03,-6.3938E-03,+25.9504E-03
-144.0000E-03,-6.7959E-03,+23.4378E-03
-143.5000E-03,-6.3938E-03,+20.9253E-03
-143.0000E-03,-6.6954E-03,+18.5132E-03
-142.5000E-03,-6.8964E-03,+15.3976E-03
-142.0000E-03,-6.6954E-03,+12.7845E-03
-141.5000E-03,-6.4943E-03,+10.3725E-03
-141.0000E-03,-6.8964E-03,+8.0609E-03
-140.5000E-03,-7.2984E-03,+5.5484E-03
-140.0000E-03,-7.0974E-03,+3.2368E-03
-139.5000E-03,-7.4994E-03,+724.2E-06
-139.0000E-03,-7.4994E-03,-1.7883E-03
-138.5000E-03,-7.5999E-03,-4.8034E-03
-138.0000E-03,-7.4994E-03,-6.6124E-03
-137.5000E-03,-7.7004E-03,-9.2255E-03
-137.0000E-03,-7.9014E-03,-11.6376E-03
-136.5000E-03,-8.1024E-03,-14.4516E-03
-136.0000E-03,-8.3034E-03,-16.9642E-03
-135.5000E-03,-8.2029E-03,-19.1753E-03
-135.0000E-03,-8.2029E-03,-21.7883E-03
-134.5000E-03,-8.6049E-03,-24.4014E-03
-134.0000E-03,-8.3034E-03,-27.0144E-03
-133.5000E-03,-8.6049E-03,-29.3260E-03
-133.0000E-03,-8.6049E-03,-31.6376E-03
-132.5000E-03,-8.7054E-03,-34.4516E-03
-132.0000E-03,-9.0069E-03,-36.7632E-03
-131.5000E-03,-9.1074E-03,-39.0747E-03
-131.0000E-03,-9.1074E-03,-41.7883E-03
-130.5000E-03,-9.1074E-03,-43.9994E-03
-130.0000E-03,-9.6099E-03,-46.4114E-03
-129.5000E-03,-9.6099E-03,-49.2255E-03
-129.0000E-03,-9.7104E-03,-51.9391E-03
-128.5000E-03,-9.7104E-03,-53.9491E-03
-128.0000E-03,-9.6099E-03,-52.1401E-03
-127.5000E-03,-9.5094E-03,-49.4265E-03
-127.0000E-03,-9.0069E-03,-47.1149E-03
-126.5000E-03,-9.2079E-03,-43.9994E-03
-126.0000E-03,-8.8059E-03,-42.1903E-03
-125.5000E-03,-8.8059E-03,-39.2758E-03
-125.0000E-03,-8.8059E-03,-37.4667E-03
-124.5000E-03,-8.4039E-03,-34.7531E-03
-124.0000E-03,-8.4039E-03,-32.3411E-03
-123.5000E-03,-8.2029E-03,-29.7280E-03
-123.0000E-03,-8.1024E-03,-27.2155E-03
-122.5000E-03,-7.7004E-03,-24.7029E-03
-122.0000E-03,-8.2029E-03,-22.1903E-03
-121.5000E-03,-8.0019E-03,-19.5773E-03
-121.0000E-03,-7.7004E-03,-17.4667E-03
-120.5000E-03,-7.5999E-03,-14.6526E-03
-120.0000E-03,-7.7004E-03,-12.2406E-03
-119.5000E-03,-7.9014E-03,-9.7280E-03
-119.0000E-03,-8.0019E-03,-7.3160E-03
-118.5000E-03,-7.1979E-03,-5.1049E-03
-118.0000E-03,-7.3989E-03,-2.3913E-03
-117.5000E-03,-7.9014E-03,+322.2E-06
-117.0000E-03,-7.7004E-03,+2.8348E-03
-116.5000E-03,-7.0974E-03,+5.5484E-03
-116.0000E-03,-7.3989E-03,+7.7594E-03
-115.5000E-03,-7.5999E-03,+9.7695E-03
-115.0000E-03,-7.4994E-03,+12.5835E-03
-114.5000E-03,-6.9969E-03,+14.7946E-03
-114.0000E-03,-7.7004E-03,+17.8097E-03
-113.5000E-03,-8.1024E-03,+20.0207E-03
-113.0000E-03,-7.3989E-03,+22.8348E-03
-112.5000E-03,-6.9969E-03,+25.3474E-03
-112.0000E-03,-7.4994E-03,+27.6589E-03
-111.5000E-03,-7.0974E-03,+30.2720E-03
-111.0000E-03,-6.6954E-03,+32.8850E-03
-110.5000E-03,-5.8913E-03,+35.4981E-03
-110.0000E-03,-6.3938E-03,+37.6087E-03
-109.5000E-03,-6.2933E-03,+40.1212E-03
-109.0000E-03,-6.5948E-03,+42.8348E-03
-108.5000E-03,-6.0923E-03,+45.0459E-03
-108.0000E-03,-5.9918E-03,+43.4378E-03
-107.5000E-03,-5.7908E-03,+40.9253E-03
-107.0000E-03,-6.2933E-03,+38.1112E-03
-106.5000E-03,-6.1928E-03,+35.7996E-03
-106.0000E-03,-6.0923E-03,+33.4881E-03
-105.5000E-03,-6.3938E-03,+30.7745E-03
-105.0000E-03,-6.1928E-03,+27.5584E-03
-104.5000E-03,-6.3938E-03,+25.7494E-03
-104.0000E-03,-6.5948E-03,+23.3373E-03
-103.5000E-03,-6.2933E-03,+20.8247E-03
-103.0000E-03,-6.7959E-03,+18.3122E-03
-102.5000E-03,-6.8964E-03,+15.6991E-03
-102.0000E-03,-7.0974E-03,+12.9856E-03
-101.5000E-03,-6.5948E-03,+10.5735E-03
-101.0000E-03,-7.0974E-03,+8.4629E-03
-100.5000E-03,-7.0974E-03,+5.4479E-03
-100.0000E-03,-7.2984E-03,+2.7343E-03
-99.5000E-03,-7.1979E-03,+724.2E-06
-99.0000E-03,-7.4994E-03,-2.0898E-03
-98.5000E-03,-7.9014E-03,-4.6024E-03
-98.0000E-03,-7.8009E-03,-6.9139E-03
-97.5000E-03,-7.4994E-03,-9.3260E-03
-97.0000E-03,-8.1024E-03,-12.2406E-03
-96.5000E-03,-8.2029E-03,-14.2506E-03
-96.0000E-03,-8.1024E-03,-16.7632E-03
-95.5000E-03,-7.9014E-03,-19.0747E-03
-95.0000E-03,-8.2029E-03,-21.8888E-03
-94.5000E-03,-9.1074E-03,-24.3009E-03
-94.0000E-03,-8.6049E-03,-26.4114E-03
-93.5000E-03,-8.8059E-03,-29.3260E-03
-93.0000E-03,-8.4039E-03,-31.8386E-03
-92.5000E-03,-8.9064E-03,-34.1501E-03
-92.0000E-03,-8.9064E-03,-36.7632E-03
-91.5000E-03,-8.7054E-03,-39.4768E-03
-91.0000E-03,-9.0069E-03,-41.4868E-03
-90.5000E-03,-9.3084E-03,-44.2004E-03
-90.0000E-03,-9.3084E-03,-46.9139E-03
-89.5000E-03,-9.3084E-03,-49.1250E-03
-89.0000E-03,-9.4089E-03,-51.5371E-03
-88.5000E-03,-9.4089E-03,-54.1501E-03
-88.0000E-03,-9.5094E-03,-52.2406E-03
-87.5000E-03,-9.4089E-03,-49.5270E-03
-87.0000E-03,-9.2079E-03,-47.1149E-03
-86.5000E-03,-8.9064E-03,-45.1049E-03
-86.0000E-03,-9.1074E-03,-42.5923E-03
-85.5000E-03,-8.8059E-03,-39.6778E-03
-85.0000E-03,-8.5044E-03,-37.3662E-03
-84.5000E-03,-8.3034E-03,-34.5521E-03
-84.0000E-03,-8.8059E-03,-32.4416E-03
-83.5000E-03,-8.1024E-03,-29.7280E-03
-83.0000E-03,-8.1024E-03,-27.9190E-03
-82.5000E-03,-7.9014E-03,-24.7029E-03
-82.0000E-03,-8.4039E-03,-22.7933E-03
-81.5000E-03,-7.8009E-03,-19.6778E-03
-81.0000E-03,-7.8009E-03,-17.3662E-03
-80.5000E-03,-7.8009E-03,-14.9541E-03
-80.0000E-03,-8.1024E-03,-12.6426E-03
-79.5000E-03,-8.0019E-03,-9.8285E-03
-79.0000E-03,-7.8009E-03,-7.2155E-03
-78.5000E-03,-7.9014E-03,-5.1049E-03
-78.0000E-03,-7.8009E-03,-2.6928E-03
-77.5000E-03,-8.0019E-03,-79.8E-06
-77.0000E-03,-7.9014E-03,+2.3323E-03
-76.5000E-03,-7.5999E-03,+4.7443E-03
-76.0000E-03,-7.3989E-03,+7.3574E-03
-75.5000E-03,-7.7004E-03,+9.9705E-03
-75.0000E-03,-7.8009E-03,+12.3825E-03
-74.5000E-03,-7.1979E-03,+14.9956E-03
-74.0000E-03,-6.8964E-03,+17.8097E-03
-73.5000E-03,-7.4994E-03,+19.6187E-03
-73.0000E-03,-7.5999E-03,+22.8348E-03
-72.5000E-03,-6.9969E-03,+25.2469E-03
-72.0000E-03,-7.1979E-03,+27.9604E-03
-71.5000E-03,-6.9969E-03,+30.0710E-03
-71.0000E-03,-7.1979E-03,+32.8850E-03
-70.5000E-03,-6.7959E-03,+35.0961E-03
-70.0000E-03,-6.7959E-03,+37.6087E-03
-69.5000E-03,-6.2933E-03,+40.6237E-03
-69.0000E-03,-6.7959E-03,+42.4328E-03
-68.5000E-03,-6.1928E-03,+44.5433E-03
-68.0000E-03,-6.3938E-03,+43.3373E-03
-67.5000E-03,-6.4943E-03,+41.3273E-03
-67.0000E-03,-6.7959E-03,+38.5132E-03
-66.5000E-03,-6.3938E-03,+34.9956E-03
-66.0000E-03,-6.0923E-03,+32.7845E-03
-65.5000E-03,-6.7959E-03,+30.8750E-03
-65.0000E-03,-6.6954E-03,+27.9604E-03
-64.5000E-03,-6.6954E-03,+25.4479E-03
-64.0000E-03,-6.6954E-03,+22.8348E-03
-63.5000E-03,-6.5948E-03,+20.3222E-03
-63.0000E-03,-6.8964E-03,+18.0107E-03
-62.5000E-03,-6.6954E-03,+15.7996E-03
-62.0000E-03,-6.9969E-03,+12.6840E-03
-61.5000E-03,-6.8964E-03,+10.8750E-03
-61.0000E-03,-7.4994E-03,+7.7594E-03
-60.5000E-03,-7.3989E-03,+5.6489E-03
-60.0000E-03,-7.2984E-03,+3.1363E-03
-59.5000E-03,-6.8964E-03,+1.0258E-03
-59.0000E-03,-7.4994E-03,-1.6878E-03
-58.5000E-03,-7.3989E-03,-3.8989E-03
-58.0000E-03,-7.3989E-03,-6.4114E-03
-57.5000E-03,-7.7004E-03,-8.7230E-03
-57.0000E-03,-8.2029E-03,-11.6376E-03
-56.5000E-03,-8.2029E-03,-13.5471E-03
-56.0000E-03,-8.2029E-03,-16.3612E-03
-55.5000E-03,-7.9014E-03,-18.6727E-03
-55.0000E-03,-8.5044E-03,-21.4868E-03
-54.5000E-03,-8.4039E-03,-24.0999E-03
-54.0000E-03,-8.8059E-03,-26.3109E-03
-53.5000E-03,-8.5044E-03,-29.1250E-03
-53.0000E-03,-9.0069E-03,-31.8386E-03
-52.5000E-03,-9.2079E-03,-34.1501E-03
-52.0000E-03,-9.1074E-03,-36.6627E-03
-51.5000E-03,-9.0069E-03,-39.2758E-03
-51.0000E-03,-8.8059E-03,-41.6878E-03
-50.5000E-03,-9.4089E-03,-44.2004E-03
-50.0000E-03,-9.1074E-03,-46.6124E-03
-49.5000E-03,-9.6099E-03,-48.5220E-03
-49.0000E-03,-9.4089E-03,-51.5371E-03
-48.5000E-03,-9.7104E-03,-53.8486E-03
-48.0000E-03,-9.3084E-03,-51.8386E-03
-47.5000E-03,-9.3084E-03,-49.7280E-03
-47.0000E-03,-8.9064E-03,-47.3160E-03
-46.5000E-03,-8.8059E-03,-44.3009E-03
-46.0000E-03,-9.3084E-03,-42.3913E-03
-45.5000E-03,-8.5044E-03,-39.5773E-03
-45.0000E-03,-8.3034E-03,-36.8637E-03
-44.5000E-03,-8.3034E-03,-34.7531E-03
-44.0000E-03,-8.2029E-03,-32.1401E-03
-43.5000E-03,-8.4039E-03,-29.5270E-03
-43.0000E-03,-8.1024E-03,-27.2155E-03
-42.5000E-03,-7.8009E-03,-24.7029E-03
-42.0000E-03,-8.0019E-03,-22.3913E-03
-41.5000E-03,-8.2029E-03,-19.4768E-03
-41.0000E-03,-7.4994E-03,-17.1652E-03
-40.5000E-03,-7.8009E-03,-14.7531E-03
-40.0000E-03,-7.9014E-03,-11.9391E-03
-39.5000E-03,-7.7004E-03,-9.7280E-03
-39.0000E-03,-7.8009E-03,-7.2155E-03
-38.5000E-03,-7.2984E-03,-4.4014E-03
-38.0000E-03,-7.1979E-03,-2.2908E-03
-37.5000E-03,-7.3989E-03,+422.7E-06
-37.0000E-03,-7.2984E-03,+2.4328E-03
-36.5000E-03,-7.5999E-03,+4.7443E-03
-36.0000E-03,-7.7004E-03,+7.7594E-03
-35.5000E-03,-7.4994E-03,+9.6690E-03
-35.0000E-03,-7.2984E-03,+12.5835E-03
-34.5000E-03,-7.0974E-03,+15.2971E-03
-34.0000E-03,-7.1979E-03,+17.7092E-03
-33.5000E-03,-7.1979E-03,+19.9202E-03
-33.0000E-03,-6.9969E-03,+22.8348E-03
-32.5000E-03,-6.6954E-03,+25.1464E-03
-32.0000E-03,-6.4943E-03,+28.0609E-03
-31.5000E-03,-6.8964E-03,+30.1715E-03
-31.0000E-03,-6.5948E-03,+33.0861E-03
-30.5000E-03,-6.4943E-03,+35.1966E-03
-30.0000E-03,-6.4943E-03,+37.7092E-03
-29.5000E-03,-6.6954E-03,+40.6237E-03
-29.0000E-03,-6.4943E-03,+43.1363E-03
-28.5000E-03,-6.1928E-03,+44.9454E-03
-28.0000E-03,-6.0923E-03,+43.5383E-03
-27.5000E-03,-5.8913E-03,+41.0258E-03
-27.0000E-03,-6.0923E-03,+38.6137E-03
-26.5000E-03,-6.3938E-03,+35.6991E-03
-26.0000E-03,-5.9918E-03,+33.2871E-03
-25.5000E-03,-6.7959E-03,+31.0760E-03
-25.0000E-03,-6.3938E-03,+28.4629E-03
-24.5000E-03,-6.0923E-03,+25.5484E-03
-24.0000E-03,-6.1928E-03,+23.4378E-03
-23.5000E-03,-6.4943E-03,+20.9253E-03
-23.0000E-03,-6.9969E-03,+18.2117E-03
-22.5000E-03,-6.3938E-03,+15.7996E-03
-22.0000E-03,-6.4943E-03,+13.0861E-03
-21.5000E-03,-6.8964E-03,+10.4730E-03
-21.0000E-03,-7.2984E-03,+7.5584E-03
-20.5000E-03,-6.9969E-03,+5.8499E-03
-20.0000E-03,-7.0974E-03,+2.5333E-03
-19.5000E-03,-6.6954E-03,+623.7E-06
-19.0000E-03,-7.5999E-03,-1.8888E-03
-18.5000E-03,-7.5999E-03,-4.3009E-03
-18.0000E-03,-7.3989E-03,-6.6124E-03
-17.5000E-03,-7.4994E-03,-9.2255E-03
-17.0000E-03,-8.1024E-03,-11.7381E-03
-16.5000E-03,-8.0019E-03,-13.9491E-03
-16.0000E-03,-8.4039E-03,-16.7632E-03
-15.5000E-03,-7.5999E-03,-18.8737E-03
-15.0000E-03,-8.5044E-03,-21.4868E-03
-14.5000E-03,-8.5044E-03,-24.2004E-03
-14.0000E-03,-8.4039E-03,-26.4114E-03
-13.5000E-03,-8.7054E-03,-29.2255E-03
-13.0000E-03,-8.9064E-03,-31.3361E-03
-12.5000E-03,-9.2079E-03,-33.9491E-03
-12.0000E-03,-9.2079E-03,-36.7632E-03
-11.5000E-03,-8.8059E-03,-39.4768E-03
-11.0000E-03,-8.9064E-03,-41.6878E-03
-10.5000E-03,-9.2079E-03,-44.2004E-03
-10.0000E-03,-9.3084E-03,-46.3109E-03
-9.5000E-03,-9.0069E-03,-49.3260E-03
-9.0000E-03,-9.4089E-03,-51.4366E-03
-8.5000E-03,-9.7104E-03,-53.8486E-03
-8.0000E-03,-9.2079E-03,-52.0396E-03
-7.5000E-03,-9.1074E-03,-49.4265E-03
-7.0000E-03,-9.0069E-03,-47.1149E-03
-6.5000E-03,-9.0069E-03,-44.6024E-03
-6.0000E-03,-8.7054E-03,-42.0898E-03
-5.5000E-03,-8.7054E-03,-39.7783E-03
-5.0000E-03,-8.2029E-03,-37.1652E-03
-4.5000E-03,-8.0019E-03,-34.4516E-03
-4.0000E-03,-8.5044E-03,-32.1401E-03
-3.5000E-03,-7.9014E-03,-29.8285E-03
-3.0000E-03,-7.7004E-03,-27.0144E-03
-2.5000E-03,-7.9014E-03,-24.6024E-03
-2.0000E-03,-7.9014E-03,-21.8888E-03
-1.5000E-03,-7.5999E-03,-19.5773E-03
-1.0000E-03,-7.5999E-03,-17.1652E-03
-500.0E-06,-7.9014E-03,-15.0546E-03
+0.0E+00,-7.8009E-03,-12.5421E-03
+500.0E-06,-7.9014E-03,-10.0295E-03
+1.0000E-03,-6.9969E-03,-7.1149E-03
+1.5000E-03,-7.2984E-03,-4.7029E-03
+2.0000E-03,-7.4994E-03,-2.5923E-03
+2.5000E-03,-7.1979E-03,+221.7E-06
+3.0000E-03,-7.3989E-03,+2.4328E-03
+3.5000E-03,-7.3989E-03,+5.1464E-03
+4.0000E-03,-7.5999E-03,+7.4579E-03
+4.5000E-03,-7.3989E-03,+10.2720E-03
+5.0000E-03,-7.3989E-03,+12.5835E-03
+5.5000E-03,-7.0974E-03,+15.3976E-03
+6.0000E-03,-6.9969E-03,+17.4077E-03
+6.5000E-03,-7.2984E-03,+20.2217E-03
+7.0000E-03,-7.1979E-03,+22.7343E-03
+7.5000E-03,-7.0974E-03,+25.3474E-03
+8.0000E-03,-7.0974E-03,+27.8599E-03
+8.5000E-03,-6.7959E-03,+30.2720E-03
+9.0000E-03,-6.4943E-03,+32.7845E-03
+9.5000E-03,-6.0923E-03,+35.0961E-03
+10.0000E-03,-6.5948E-03,+37.7092E-03
+10.5000E-03,-6.9969E-03,+40.3222E-03
+11.0000E-03,-6.1928E-03,+42.8348E-03
+11.5000E-03,-6.1928E-03,+44.9454E-03
+12.0000E-03,-6.2933E-03,+43.6388E-03
+12.5000E-03,-6.3938E-03,+40.7242E-03
+13.0000E-03,-5.9918E-03,+38.3122E-03
+13.5000E-03,-6.3938E-03,+36.1011E-03
+14.0000E-03,-5.9918E-03,+33.3876E-03
+14.5000E-03,-6.5948E-03,+30.8750E-03
+15.0000E-03,-6.5948E-03,+28.3624E-03
+15.5000E-03,-6.4943E-03,+25.7494E-03
+16.0000E-03,-6.1928E-03,+23.6388E-03
+16.5000E-03,-6.5948E-03,+20.9253E-03
+17.0000E-03,-6.4943E-03,+18.3122E-03
+17.5000E-03,-6.6954E-03,+15.7996E-03
+18.0000E-03,-6.1928E-03,+13.3876E-03
+18.5000E-03,-6.9969E-03,+10.3725E-03
+19.0000E-03,-7.3989E-03,+8.2619E-03
+19.5000E-03,-6.9969E-03,+5.5484E-03
+20.0000E-03,-6.9969E-03,+2.9353E-03
+20.5000E-03,-7.4994E-03,+623.7E-06
+21.0000E-03,-7.4994E-03,-1.6878E-03
+21.5000E-03,-7.4994E-03,-3.8989E-03
+22.0000E-03,-7.4994E-03,-6.7129E-03
+22.5000E-03,-7.5999E-03,-9.1250E-03
+23.0000E-03,-7.9014E-03,-11.4366E-03
+23.5000E-03,-8.2029E-03,-14.0496E-03
+24.0000E-03,-7.9014E-03,-16.7632E-03
+24.5000E-03,-8.3034E-03,-18.8737E-03
+25.0000E-03,-8.6049E-03,-21.9893E-03
+25.5000E-03,-8.4039E-03,-23.9994E-03
+26.0000E-03,-8.3034E-03,-26.5119E-03
+26.5000E-03,-8.5044E-03,-28.9240E-03
+27.0000E-03,-8.7054E-03,-31.2356E-03
+27.5000E-03,-8.9064E-03,-33.6476E-03
+28.0000E-03,-8.7054E-03,-36.5622E-03
+28.5000E-03,-8.8059E-03,-39.1753E-03
+29.0000E-03,-9.0069E-03,-40.9843E-03
+29.5000E-03,-9.2079E-03,-44.0999E-03
+30.0000E-03,-9.1074E-03,-46.4114E-03
+30.5000E-03,-9.2079E-03,-49.2255E-03
+31.0000E-03,-9.4089E-03,-51.7381E-03
+31.5000E-03,-9.8109E-03,-53.7481E-03
+32.0000E-03,-9.6099E-03,-51.8386E-03
+32.5000E-03,-9.0069E-03,-49.5270E-03
+33.0000E-03,-9.4089E-03,-47.2155E-03
+33.5000E-03,-9.0069E-03,-44.3009E-03
+34.0000E-03,-8.8059E-03,-41.7883E-03
+34.5000E-03,-8.3034E-03,-39.1753E-03
+35.0000E-03,-8.6049E-03,-36.6627E-03
+35.5000E-03,-8.4039E-03,-34.3511E-03
+36.0000E-03,-8.2029E-03,-31.5371E-03
+36.5000E-03,-8.2029E-03,-29.7280E-03
+37.0000E-03,-8.2029E-03,-27.0144E-03
+37.5000E-03,-8.5044E-03,-24.5019E-03
+38.0000E-03,-8.1024E-03,-22.1903E-03
+38.5000E-03,-7.5999E-03,-19.2758E-03
+39.0000E-03,-7.7004E-03,-16.8637E-03
+39.5000E-03,-7.8009E-03,-14.2506E-03
+40.0000E-03,-7.8009E-03,-12.0396E-03
+40.5000E-03,-7.5999E-03,-9.4265E-03
+41.0000E-03,-7.4994E-03,-7.0144E-03
+41.5000E-03,-7.2984E-03,-4.4014E-03
+42.0000E-03,-7.5999E-03,-2.1903E-03
+42.5000E-03,-7.4994E-03,+422.7E-06
+43.0000E-03,-7.4994E-03,+2.6338E-03
+43.5000E-03,-7.0974E-03,+5.0459E-03
+44.0000E-03,-7.5999E-03,+7.7594E-03
+44.5000E-03,-7.5999E-03,+10.2720E-03
+45.0000E-03,-6.9969E-03,+12.4830E-03
+45.5000E-03,-7.0974E-03,+15.7996E-03
+46.0000E-03,-7.1979E-03,+17.8097E-03
+46.5000E-03,-7.1979E-03,+20.4227E-03
+47.0000E-03,-7.0974E-03,+23.0358E-03
+47.5000E-03,-6.5948E-03,+25.5484E-03
+48.0000E-03,-6.7959E-03,+27.7594E-03
+48.5000E-03,-6.9969E-03,+30.3725E-03
+49.0000E-03,-6.2933E-03,+32.6840E-03
+49.5000E-03,-5.9918E-03,+35.0961E-03
+50.0000E-03,-6.9969E-03,+37.7092E-03
+50.5000E-03,-6.4943E-03,+40.3222E-03
+51.0000E-03,-6.3938E-03,+43.0358E-03
+51.5000E-03,-6.2933E-03,+45.2469E-03
+52.0000E-03,-6.7959E-03,+43.6388E-03
+52.5000E-03,-6.4943E-03,+40.9253E-03
+53.0000E-03,-6.1928E-03,+38.3122E-03
+53.5000E-03,-6.1928E-03,+35.2971E-03
+54.0000E-03,-6.4943E-03,+33.2871E-03
+54.5000E-03,-6.3938E-03,+30.4730E-03
+55.0000E-03,-6.1928E-03,+28.5634E-03
+55.5000E-03,-6.1928E-03,+25.8499E-03
+56.0000E-03,-6.1928E-03,+23.4378E-03
+56.5000E-03,-6.9969E-03,+20.8247E-03
+57.0000E-03,-6.7959E-03,+18.6137E-03
+57.5000E-03,-6.4943E-03,+15.6991E-03
+58.0000E-03,-6.5948E-03,+13.7896E-03
+58.5000E-03,-7.0974E-03,+10.6740E-03
+59.0000E-03,-6.8964E-03,+8.4629E-03
+59.5000E-03,-7.3989E-03,+5.8499E-03
+60.0000E-03,-7.0974E-03,+3.5383E-03
+60.5000E-03,-7.5999E-03,+925.3E-06
+61.0000E-03,-7.3989E-03,-1.8888E-03
+61.5000E-03,-7.7004E-03,-4.2004E-03
+62.0000E-03,-7.2984E-03,-6.5119E-03
+62.5000E-03,-7.8009E-03,-9.3260E-03
+63.0000E-03,-8.1024E-03,-11.9391E-03
+63.5000E-03,-8.4039E-03,-13.9491E-03
+64.0000E-03,-7.9014E-03,-16.8637E-03
+64.5000E-03,-8.2029E-03,-19.3763E-03
+65.0000E-03,-8.4039E-03,-21.7883E-03
+65.5000E-03,-8.4039E-03,-24.3009E-03
+66.0000E-03,-8.5044E-03,-26.3109E-03
+66.5000E-03,-8.6049E-03,-29.1250E-03
+67.0000E-03,-8.8059E-03,-31.6376E-03
+67.5000E-03,-8.7054E-03,-34.1501E-03
+68.0000E-03,-9.0069E-03,-36.6627E-03
+68.5000E-03,-8.9064E-03,-39.1753E-03
+69.0000E-03,-9.2079E-03,-41.6878E-03
+69.5000E-03,-9.1074E-03,-44.3009E-03
+70.0000E-03,-9.2079E-03,-46.8134E-03
+70.5000E-03,-9.0069E-03,-49.1250E-03
+71.0000E-03,-9.4089E-03,-51.7381E-03
+71.5000E-03,-9.8109E-03,-53.8486E-03
+72.0000E-03,-9.1074E-03,-52.4416E-03
+72.5000E-03,-9.0069E-03,-49.7280E-03
+73.0000E-03,-8.8059E-03,-47.1149E-03
+73.5000E-03,-8.7054E-03,-44.7029E-03
+74.0000E-03,-8.6049E-03,-41.5873E-03
+74.5000E-03,-8.4039E-03,-39.7783E-03
+75.0000E-03,-8.5044E-03,-37.2657E-03
+75.5000E-03,-8.6049E-03,-34.5521E-03
+76.0000E-03,-8.0019E-03,-32.1401E-03
+76.5000E-03,-7.9014E-03,-29.8285E-03
+77.0000E-03,-8.0019E-03,-27.2155E-03
+77.5000E-03,-8.5044E-03,-25.0044E-03
+78.0000E-03,-7.7004E-03,-21.8888E-03
+78.5000E-03,-7.4994E-03,-19.2758E-03
+79.0000E-03,-7.7004E-03,-17.1652E-03
+79.5000E-03,-8.1024E-03,-14.8536E-03
+80.0000E-03,-7.7004E-03,-11.8386E-03
+80.5000E-03,-7.2984E-03,-9.9290E-03
+81.0000E-03,-7.3989E-03,-6.8134E-03
+81.5000E-03,-7.4994E-03,-4.6024E-03
+82.0000E-03,-7.5999E-03,-2.1903E-03
+82.5000E-03,-7.1979E-03,+20.7E-06
+83.0000E-03,-6.9969E-03,+2.9353E-03
+83.5000E-03,-7.7004E-03,+4.9454E-03
+84.0000E-03,-7.1979E-03,+7.3574E-03
+84.5000E-03,-7.4994E-03,+9.9705E-03
+85.0000E-03,-7.0974E-03,+12.5835E-03
+85.5000E-03,-7.2984E-03,+15.2971E-03
+86.0000E-03,-7.3989E-03,+17.6087E-03
+86.5000E-03,-6.9969E-03,+20.6237E-03
+87.0000E-03,-6.8964E-03,+22.7343E-03
+87.5000E-03,-6.9969E-03,+25.3474E-03
+88.0000E-03,-7.4994E-03,+27.3574E-03
+88.5000E-03,-6.6954E-03,+30.0710E-03
+89.0000E-03,-6.4943E-03,+32.6840E-03
+89.5000E-03,-6.6954E-03,+35.2971E-03
+90.0000E-03,-6.4943E-03,+37.3072E-03
+90.5000E-03,-6.6954E-03,+40.5232E-03
+91.0000E-03,-6.2933E-03,+42.8348E-03
+91.5000E-03,-6.0923E-03,+45.1464E-03
+92.0000E-03,-6.4943E-03,+43.2368E-03
+92.5000E-03,-6.1928E-03,+40.8247E-03
+93.0000E-03,-5.7908E-03,+38.5132E-03
+93.5000E-03,-5.8913E-03,+36.0006E-03
+94.0000E-03,-6.5948E-03,+33.5886E-03
+94.5000E-03,-6.4943E-03,+30.8750E-03
+95.0000E-03,-6.6954E-03,+28.2619E-03
+95.5000E-03,-6.2933E-03,+26.0509E-03
+96.0000E-03,-6.5948E-03,+23.0358E-03
+96.5000E-03,-6.5948E-03,+20.9253E-03
+97.0000E-03,-6.6954E-03,+18.5132E-03
+97.5000E-03,-6.8964E-03,+15.4981E-03
+98.0000E-03,-6.9969E-03,+13.0861E-03
+98.5000E-03,-7.2984E-03,+10.8750E-03
+99.0000E-03,-7.2984E-03,+8.2619E-03
+99.5000E-03,-6.9969E-03,+5.3474E-03
+100.0000E-03,-7.3989E-03,+2.9353E-03
+100.5000E-03,-7.5999E-03,+724.2E-06
+101.0000E-03,-7.2984E-03,-1.8888E-03
+101.5000E-03,-7.3989E-03,-4.2004E-03
+102.0000E-03,-7.8009E-03,-6.7129E-03
+102.5000E-03,-8.2029E-03,-9.4265E-03
+103.0000E-03,-8.0019E-03,-11.7381E-03
+103.5000E-03,-8.3034E-03,-14.0496E-03
+104.0000E-03,-7.8009E-03,-16.4617E-03
+104.5000E-03,-8.4039E-03,-19.3763E-03
+105.0000E-03,-8.6049E-03,-21.8888E-03
+105.5000E-03,-8.3034E-03,-24.5019E-03
+106.0000E-03,-8.3034E-03,-26.5119E-03
+106.5000E-03,-8.7054E-03,-28.7230E-03
+107.0000E-03,-8.7054E-03,-31.5371E-03
+107.5000E-03,-8.8059E-03,-34.2506E-03
+108.0000E-03,-8.8059E-03,-36.6627E-03
+108.5000E-03,-8.7054E-03,-39.0747E-03
+109.0000E-03,-9.1074E-03,-41.4868E-03
+109.5000E-03,-9.2079E-03,-44.0999E-03
+110.0000E-03,-9.0069E-03,-47.0144E-03
+110.5000E-03,-9.1074E-03,-49.2255E-03
+111.0000E-03,-9.5094E-03,-51.3361E-03
+111.5000E-03,-9.3084E-03,-53.8486E-03
+112.0000E-03,-9.2079E-03,-52.2406E-03
+112.5000E-03,-9.4089E-03,-49.4265E-03
+113.0000E-03,-9.3084E-03,-47.3160E-03
+113.5000E-03,-8.9064E-03,-44.8034E-03
+114.0000E-03,-8.6049E-03,-41.8888E-03
+114.5000E-03,-8.9064E-03,-39.2758E-03
+115.0000E-03,-8.5044E-03,-37.3662E-03
+115.5000E-03,-8.6049E-03,-34.9541E-03
+116.0000E-03,-8.3034E-03,-32.3411E-03
+116.5000E-03,-8.0019E-03,-29.9290E-03
+117.0000E-03,-8.1024E-03,-26.9139E-03
+117.5000E-03,-7.9014E-03,-24.7029E-03
+118.0000E-03,-7.4994E-03,-22.3913E-03
+118.5000E-03,-7.3989E-03,-19.9793E-03
+119.0000E-03,-7.4994E-03,-17.3662E-03
+119.5000E-03,-7.8009E-03,-14.6526E-03
+120.0000E-03,-7.3989E-03,-11.7381E-03
+120.5000E-03,-7.2984E-03,-10.1300E-03
+121.0000E-03,-7.3989E-03,-7.3160E-03
+121.5000E-03,-7.4994E-03,-5.0044E-03
+122.0000E-03,-7.5999E-03,-2.3913E-03
+122.5000E-03,-7.3989E-03,+221.7E-06
+123.0000E-03,-7.0974E-03,+2.5333E-03
+123.5000E-03,-6.9969E-03,+4.8448E-03
+124.0000E-03,-7.2984E-03,+7.5584E-03
+124.5000E-03,-7.2984E-03,+10.0710E-03
+125.0000E-03,-6.9969E-03,+12.5835E-03
+125.5000E-03,-7.1979E-03,+15.0961E-03
+126.0000E-03,-6.5948E-03,+17.5082E-03
+126.5000E-03,-6.7959E-03,+20.3222E-03
+127.0000E-03,-6.5948E-03,+22.6338E-03
+127.5000E-03,-6.7959E-03,+25.3474E-03
+128.0000E-03,-6.6954E-03,+27.4579E-03
+128.5000E-03,-6.6954E-03,+29.8700E-03
+129.0000E-03,-6.0923E-03,+32.6840E-03
+129.5000E-03,-6.5948E-03,+34.9956E-03
+130.0000E-03,-6.1928E-03,+37.7092E-03
+130.5000E-03,-6.1928E-03,+40.5232E-03
+131.0000E-03,-6.0923E-03,+42.9353E-03
+131.5000E-03,-5.9918E-03,+45.0459E-03
+132.0000E-03,-6.2933E-03,+43.0358E-03
+132.5000E-03,-6.0923E-03,+40.7242E-03
+133.0000E-03,-6.2933E-03,+38.1112E-03
+133.5000E-03,-5.9918E-03,+35.7996E-03
+134.0000E-03,-6.3938E-03,+32.8850E-03
+134.5000E-03,-6.0923E-03,+30.9755E-03
+135.0000E-03,-5.9918E-03,+28.3624E-03
+135.5000E-03,-6.2933E-03,+26.0509E-03
+136.0000E-03,-6.2933E-03,+23.4378E-03
+136.5000E-03,-6.5948E-03,+21.4278E-03
+137.0000E-03,-6.2933E-03,+18.2117E-03
+137.5000E-03,-6.8964E-03,+15.3976E-03
+138.0000E-03,-7.0974E-03,+12.8850E-03
+138.5000E-03,-6.7959E-03,+10.4730E-03
+139.0000E-03,-6.4943E-03,+8.3624E-03
+139.5000E-03,-6.6954E-03,+5.7494E-03
+140.0000E-03,-7.1979E-03,+2.9353E-03
+140.5000E-03,-7.3989E-03,+422.7E-06
+141.0000E-03,-7.3989E-03,-1.5873E-03
+141.5000E-03,-7.5999E-03,-4.0999E-03
+142.0000E-03,-7.1979E-03,-6.9139E-03
+142.5000E-03,-7.9014E-03,-9.6275E-03
+143.0000E-03,-8.1024E-03,-11.9391E-03
+143.5000E-03,-7.9014E-03,-14.2506E-03
+144.0000E-03,-7.8009E-03,-16.7632E-03
+144.5000E-03,-8.2029E-03,-19.2758E-03
+145.0000E-03,-8.3034E-03,-21.7883E-03
+145.5000E-03,-8.2029E-03,-24.6024E-03
+146.0000E-03,-8.3034E-03,-26.6124E-03
+146.5000E-03,-8.5044E-03,-29.0245E-03
+147.0000E-03,-8.5044E-03,-31.9391E-03
+147.5000E-03,-8.4039E-03,-34.0496E-03
+148.0000E-03,-8.3034E-03,-36.5622E-03
+148.5000E-03,-8.8059E-03,-39.1753E-03
+149.0000E-03,-9.1074E-03,-41.6878E-03
+149.5000E-03,-8.9064E-03,-44.3009E-03
+150.0000E-03,-8.9064E-03,-46.6124E-03
+150.5000E-03,-9.2079E-03,-48.8235E-03
+151.0000E-03,-9.3084E-03,-51.5371E-03
+151.5000E-03,-9.4089E-03,-53.4466E-03
+152.0000E-03,-8.8059E-03,-52.4416E-03
+152.5000E-03,-8.9064E-03,-49.0245E-03
+153.0000E-03,-9.1074E-03,-46.6124E-03
+153.5000E-03,-8.5044E-03,-44.3009E-03
+154.0000E-03,-8.2029E-03,-42.3913E-03
+154.5000E-03,-8.7054E-03,-39.7783E-03
+155.0000E-03,-8.6049E-03,-36.8637E-03
+155.5000E-03,-8.4039E-03,-34.5521E-03
+156.0000E-03,-8.4039E-03,-32.0396E-03
+156.5000E-03,-7.8009E-03,-29.3260E-03
+157.0000E-03,-7.8009E-03,-26.9139E-03
+157.5000E-03,-7.9014E-03,-24.8034E-03
+158.0000E-03,-7.9014E-03,-22.1903E-03
+158.5000E-03,-7.3989E-03,-19.5773E-03
+159.0000E-03,-7.8009E-03,-16.7632E-03
+159.5000E-03,-7.7004E-03,-14.2506E-03
+160.0000E-03,-7.1979E-03,-12.5421E-03
+160.5000E-03,-7.2984E-03,-9.8285E-03
+161.0000E-03,-7.0974E-03,-6.9139E-03
+161.5000E-03,-7.4994E-03,-4.7029E-03
+162.0000E-03,-7.4994E-03,-2.0898E-03
+162.5000E-03,-7.2984E-03,+221.7E-06
+163.0000E-03,-7.2984E-03,+2.9353E-03
+163.5000E-03,-7.5999E-03,+5.2469E-03
+164.0000E-03,-7.3989E-03,+7.9604E-03
+164.5000E-03,-7.0974E-03,+10.3725E-03
+165.0000E-03,-7.1979E-03,+12.9856E-03
+165.5000E-03,-7.5999E-03,+15.4981E-03
+166.0000E-03,-6.8964E-03,+17.9102E-03
+166.5000E-03,-6.9969E-03,+20.5232E-03
+167.0000E-03,-6.7959E-03,+23.0358E-03
+167.5000E-03,-6.5948E-03,+25.2469E-03
+168.0000E-03,-7.3989E-03,+28.0609E-03
+168.5000E-03,-6.6954E-03,+30.1715E-03
+169.0000E-03,-6.5948E-03,+32.7845E-03
+169.5000E-03,-6.4943E-03,+35.3976E-03
+170.0000E-03,-6.5948E-03,+37.5082E-03
+170.5000E-03,-6.5948E-03,+40.4227E-03
+171.0000E-03,-6.6954E-03,+42.7343E-03
+171.5000E-03,-6.4943E-03,+45.0459E-03
+172.0000E-03,-6.0923E-03,+43.6388E-03
+172.5000E-03,-6.1928E-03,+41.1263E-03
+173.0000E-03,-5.9918E-03,+38.7142E-03
+173.5000E-03,-5.8913E-03,+36.1011E-03
+174.0000E-03,-6.1928E-03,+33.6891E-03
+174.5000E-03,-5.9918E-03,+31.1765E-03
+175.0000E-03,-6.2933E-03,+28.6639E-03
+175.5000E-03,-6.2933E-03,+25.9504E-03
+176.0000E-03,-6.7959E-03,+23.6388E-03
+176.5000E-03,-6.5948E-03,+21.1263E-03
+177.0000E-03,-6.5948E-03,+18.0107E-03
+177.5000E-03,-6.6954E-03,+15.7996E-03
+178.0000E-03,-7.0974E-03,+13.5886E-03
+178.5000E-03,-6.8964E-03,+10.7745E-03
+179.0000E-03,-6.9969E-03,+8.1614E-03
+179.5000E-03,-6.9969E-03,+5.7494E-03
+180.0000E-03,-7.1979E-03,+3.4378E-03
+180.5000E-03,-7.3989E-03,+623.7E-06
+181.0000E-03,-7.2984E-03,-1.7883E-03
+181.5000E-03,-7.4994E-03,-4.0999E-03
+182.0000E-03,-7.5999E-03,-6.1099E-03
+182.5000E-03,-7.9014E-03,-9.3260E-03
+183.0000E-03,-8.1024E-03,-11.4366E-03
+183.5000E-03,-8.2029E-03,-14.1501E-03
+184.0000E-03,-7.9014E-03,-16.7632E-03
+184.5000E-03,-8.3034E-03,-18.8737E-03
+185.0000E-03,-8.4039E-03,-21.3863E-03
+185.5000E-03,-8.5044E-03,-24.4014E-03
+186.0000E-03,-8.4039E-03,-26.3109E-03
+186.5000E-03,-8.9064E-03,-28.9240E-03
+187.0000E-03,-8.8059E-03,-31.5371E-03
+187.5000E-03,-8.7054E-03,-33.6476E-03
+188.0000E-03,-8.7054E-03,-36.6627E-03
+188.5000E-03,-9.3084E-03,-38.8737E-03
+189.0000E-03,-8.9064E-03,-40.9843E-03
+189.5000E-03,-9.3084E-03,-43.7984E-03
+190.0000E-03,-9.1074E-03,-46.3109E-03
+190.5000E-03,-9.7104E-03,-48.7230E-03
+191.0000E-03,-9.5094E-03,-51.6376E-03
+191.5000E-03,-9.8109E-03,-53.6476E-03
+192.0000E-03,-9.3084E-03,-51.9391E-03
+192.5000E-03,-9.1074E-03,-49.2255E-03
+193.0000E-03,-8.8059E-03,-46.9139E-03
+193.5000E-03,-8.8059E-03,-44.4014E-03
+194.0000E-03,-9.0069E-03,-41.2858E-03
+194.5000E-03,-8.8059E-03,-38.9742E-03
+195.0000E-03,-8.7054E-03,-36.9642E-03
+195.5000E-03,-8.1024E-03,-34.6526E-03
+196.0000E-03,-8.2029E-03,-31.8386E-03
+196.5000E-03,-8.2029E-03,-29.6275E-03
+197.0000E-03,-8.3034E-03,-27.2155E-03
+197.5000E-03,-8.0019E-03,-24.8034E-03
+198.0000E-03,-7.9014E-03,-21.8888E-03
+198.5000E-03,-7.8009E-03,-19.5773E-03
+199.0000E-03,-7.8009E-03,-16.9642E-03
+199.5000E-03,-7.9014E-03,-14.3511E-03
+200.0000E-03,-7.7004E-03,-12.2406E-03
+200.5000E-03,-7.4994E-03,-9.6275E-03
+201.0000E-03,-7.3989E-03,-6.9139E-03
+201.5000E-03,-7.8009E-03,-4.5019E-03
+202.0000E-03,-7.2984E-03,-2.1903E-03
+202.5000E-03,-7.0974E-03,+322.2E-06
+203.0000E-03,-7.3989E-03,+2.9353E-03
+203.5000E-03,-7.4994E-03,+4.9454E-03
+204.0000E-03,-7.2984E-03,+7.8599E-03
+204.5000E-03,-7.1979E-03,+10.0710E-03
+205.0000E-03,-7.2984E-03,+12.9856E-03
+205.5000E-03,-7.5999E-03,+15.0961E-03
+206.0000E-03,-7.0974E-03,+18.1112E-03
+206.5000E-03,-6.7959E-03,+20.2217E-03
+207.0000E-03,-6.6954E-03,+22.8348E-03
+207.5000E-03,-7.1979E-03,+25.3474E-03
+208.0000E-03,-6.8964E-03,+27.8599E-03
+208.5000E-03,-6.6954E-03,+30.1715E-03
+209.0000E-03,-6.2933E-03,+32.5835E-03
+209.5000E-03,-6.7959E-03,+35.0961E-03
+210.0000E-03,-6.5948E-03,+37.7092E-03
+210.5000E-03,-6.3938E-03,+40.5232E-03
+211.0000E-03,-6.2933E-03,+43.1363E-03
+211.5000E-03,-6.4943E-03,+45.1464E-03
+212.0000E-03,-6.4943E-03,+43.8398E-03
+212.5000E-03,-6.4943E-03,+41.0258E-03
+213.0000E-03,-6.0923E-03,+38.6137E-03
+213.5000E-03,-6.1928E-03,+36.0006E-03
+214.0000E-03,-6.4943E-03,+33.1866E-03
+214.5000E-03,-6.5948E-03,+31.1765E-03
+215.0000E-03,-6.1928E-03,+28.4629E-03
+215.5000E-03,-6.5948E-03,+26.0509E-03
+216.0000E-03,-6.5948E-03,+23.4378E-03
+216.5000E-03,-6.7959E-03,+20.8247E-03
+217.0000E-03,-6.4943E-03,+18.2117E-03
+217.5000E-03,-6.7959E-03,+16.1011E-03
+218.0000E-03,-6.9969E-03,+13.3876E-03
+218.5000E-03,-6.9969E-03,+10.5735E-03
+219.0000E-03,-6.8964E-03,+8.1614E-03
+219.5000E-03,-7.0974E-03,+5.7494E-03
+220.0000E-03,-7.3989E-03,+2.8348E-03
+220.5000E-03,-7.7004E-03,+824.7E-06
+221.0000E-03,-7.5999E-03,-1.7883E-03
+221.5000E-03,-7.2984E-03,-4.4014E-03
+222.0000E-03,-7.8009E-03,-6.4114E-03
+222.5000E-03,-8.3034E-03,-9.3260E-03
+223.0000E-03,-7.8009E-03,-11.5371E-03
+223.5000E-03,-7.9014E-03,-13.8486E-03
+224.0000E-03,-8.4039E-03,-16.8637E-03
+224.5000E-03,-8.4039E-03,-19.2758E-03
+225.0000E-03,-8.2029E-03,-21.4868E-03
+225.5000E-03,-8.6049E-03,-23.9994E-03
+226.0000E-03,-8.7054E-03,-26.1099E-03
+226.5000E-03,-9.0069E-03,-28.9240E-03
+227.0000E-03,-8.9064E-03,-31.6376E-03
+227.5000E-03,-9.4089E-03,-33.9491E-03
+228.0000E-03,-9.1074E-03,-36.2607E-03
+228.5000E-03,-9.2079E-03,-39.0747E-03
+229.0000E-03,-9.3084E-03,-41.6878E-03
+229.5000E-03,-9.5094E-03,-44.3009E-03
+230.0000E-03,-9.0069E-03,-46.2104E-03
+230.5000E-03,-10.0119E-03,-49.0245E-03
+231.0000E-03,-9.8109E-03,-51.5371E-03
+231.5000E-03,-9.9114E-03,-53.4466E-03
+232.0000E-03,-9.6099E-03,-51.9391E-03
+232.5000E-03,-9.6099E-03,-49.2255E-03
+233.0000E-03,-9.3084E-03,-46.9139E-03
+233.5000E-03,-9.3084E-03,-44.7029E-03
+234.0000E-03,-8.6049E-03,-41.5873E-03
+234.5000E-03,-8.6049E-03,-39.0747E-03
+235.0000E-03,-9.0069E-03,-37.2657E-03
+235.5000E-03,-8.2029E-03,-34.5521E-03
+236.0000E-03,-8.4039E-03,-32.0396E-03
+236.5000E-03,-8.6049E-03,-29.8285E-03
+237.0000E-03,-8.5044E-03,-27.1149E-03
+237.5000E-03,-8.3034E-03,-24.7029E-03
+238.0000E-03,-7.9014E-03,-22.0898E-03
+238.5000E-03,-7.9014E-03,-19.1753E-03
+239.0000E-03,-8.1024E-03,-16.9642E-03
+239.5000E-03,-7.8009E-03,-14.5521E-03
+240.0000E-03,-7.7004E-03,-11.8386E-03
+240.5000E-03,-7.4994E-03,-9.4265E-03
+241.0000E-03,-7.8009E-03,-7.1149E-03
+241.5000E-03,-7.8009E-03,-4.4014E-03
+242.0000E-03,-7.2984E-03,-2.2908E-03
+242.5000E-03,-7.4994E-03,+322.2E-06
+243.0000E-03,-7.7004E-03,+2.6338E-03
+243.5000E-03,-7.5999E-03,+5.5484E-03
+244.0000E-03,-7.3989E-03,+7.7594E-03
+244.5000E-03,-7.2984E-03,+10.7745E-03
+245.0000E-03,-7.1979E-03,+12.8850E-03
+245.5000E-03,-7.1979E-03,+15.0961E-03
+246.0000E-03,-7.0974E-03,+17.7092E-03
+246.5000E-03,-6.7959E-03,+20.7242E-03
+247.0000E-03,-7.3989E-03,+23.3373E-03
+247.5000E-03,-7.1979E-03,+25.6489E-03
+248.0000E-03,-7.3989E-03,+27.9604E-03
+248.5000E-03,-6.8964E-03,+30.7745E-03
+249.0000E-03,-6.6954E-03,+33.3876E-03
+249.5000E-03,-6.8964E-03,+35.2971E-03
+250.0000E-03,-6.4943E-03,+38.1112E-03
+250.5000E-03,-6.2933E-03,+40.5232E-03
+251.0000E-03,-6.0923E-03,+42.8348E-03
+251.5000E-03,-6.4943E-03,+44.5433E-03
+252.0000E-03,-6.4943E-03,+43.4378E-03
+252.5000E-03,-6.4943E-03,+40.9253E-03
+253.0000E-03,-5.9918E-03,+38.8147E-03
+253.5000E-03,-6.7959E-03,+35.6991E-03
+254.0000E-03,-6.4943E-03,+33.3876E-03
+254.5000E-03,-6.1928E-03,+31.3775E-03
+255.0000E-03,-6.2933E-03,+28.6639E-03
+255.5000E-03,-6.6954E-03,+25.7494E-03
+256.0000E-03,-6.5948E-03,+23.9403E-03
+256.5000E-03,-6.6954E-03,+20.8247E-03
+257.0000E-03,-6.5948E-03,+18.1112E-03
+257.5000E-03,-6.7959E-03,+15.7996E-03
+258.0000E-03,-6.8964E-03,+13.3876E-03
+258.5000E-03,-7.1979E-03,+10.7745E-03
+259.0000E-03,-6.9969E-03,+8.0609E-03
+259.5000E-03,-7.1979E-03,+5.8499E-03
+260.0000E-03,-7.1979E-03,+3.4378E-03
+260.5000E-03,-6.9969E-03,+1.0258E-03
+261.0000E-03,-7.0974E-03,-1.6878E-03
+261.5000E-03,-7.3989E-03,-3.9994E-03
+262.0000E-03,-7.5999E-03,-6.6124E-03
+262.5000E-03,-8.1024E-03,-9.0245E-03
+263.0000E-03,-7.7004E-03,-11.1351E-03
+263.5000E-03,-7.8009E-03,-13.9491E-03
+264.0000E-03,-8.1024E-03,-16.6627E-03
+264.5000E-03,-8.4039E-03,-18.7732E-03
+265.0000E-03,-8.2029E-03,-21.3863E-03
+265.5000E-03,-8.4039E-03,-24.3009E-03
+266.0000E-03,-8.6049E-03,-26.4114E-03
+266.5000E-03,-9.0069E-03,-29.0245E-03
+267.0000E-03,-8.4039E-03,-31.4366E-03
+267.5000E-03,-8.8059E-03,-33.8486E-03
+268.0000E-03,-9.0069E-03,-36.5622E-03
+268.5000E-03,-9.0069E-03,-38.7732E-03
+269.0000E-03,-9.2079E-03,-41.1853E-03
+269.5000E-03,-9.1074E-03,-43.3964E-03
+270.0000E-03,-9.6099E-03,-46.0094E-03
+270.5000E-03,-9.6099E-03,-49.1250E-03
+271.0000E-03,-9.4089E-03,-51.5371E-03
+271.5000E-03,-9.5094E-03,-53.2456E-03
+272.0000E-03,-9.5094E-03,-51.8386E-03
+272.5000E-03,-9.5094E-03,-49.5270E-03
+273.0000E-03,-9.0069E-03,-47.0144E-03
+273.5000E-03,-8.9064E-03,-44.4014E-03
+274.0000E-03,-8.8059E-03,-42.0898E-03
+274.5000E-03,-8.7054E-03,-39.7783E-03
+275.0000E-03,-8.6049E-03,-36.9642E-03
+275.5000E-03,-8.2029E-03,-34.5521E-03
+276.0000E-03,-8.1024E-03,-31.9391E-03
+276.5000E-03,-8.6049E-03,-29.5270E-03
+277.0000E-03,-8.0019E-03,-27.0144E-03
+277.5000E-03,-8.1024E-03,-24.4014E-03
+278.0000E-03,-7.5999E-03,-21.7883E-03
+278.5000E-03,-8.1024E-03,-19.3763E-03
+279.0000E-03,-8.1024E-03,-17.2657E-03
+279.5000E-03,-7.8009E-03,-14.7531E-03
+280.0000E-03,-7.7004E-03,-12.2406E-03
+280.5000E-03,-7.5999E-03,-9.2255E-03
+281.0000E-03,-8.0019E-03,-7.1149E-03
+281.5000E-03,-7.5999E-03,-4.9039E-03
+282.0000E-03,-7.3989E-03,-2.0898E-03
+282.5000E-03,-7.3989E-03,+623.7E-06
+283.0000E-03,-7.7004E-03,+2.8348E-03
+283.5000E-03,-7.5999E-03,+5.2469E-03
+284.0000E-03,-7.4994E-03,+7.8599E-03
+284.5000E-03,-7.0974E-03,+10.4730E-03
+285.0000E-03,-7.2984E-03,+13.2871E-03
+285.5000E-03,-7.3989E-03,+15.2971E-03
+286.0000E-03,-6.9969E-03,+17.8097E-03
+286.5000E-03,-7.0974E-03,+20.4227E-03
+287.0000E-03,-7.0974E-03,+22.6338E-03
+287.5000E-03,-7.0974E-03,+25.1464E-03
+288.0000E-03,-6.6954E-03,+28.0609E-03
+288.5000E-03,-6.5948E-03,+30.5735E-03
+289.0000E-03,-6.9969E-03,+32.9856E-03
+289.5000E-03,-6.7959E-03,+35.5986E-03
+290.0000E-03,-6.3938E-03,+38.0107E-03
+290.5000E-03,-6.2933E-03,+40.4227E-03
+291.0000E-03,-6.2933E-03,+43.7393E-03
+291.5000E-03,-6.5948E-03,+45.0459E-03
+292.0000E-03,-6.0923E-03,+43.7393E-03
+292.5000E-03,-5.8913E-03,+40.9253E-03
+293.0000E-03,-6.1928E-03,+38.8147E-03
+293.5000E-03,-6.1928E-03,+35.6991E-03
+294.0000E-03,-5.9918E-03,+33.1866E-03
+294.5000E-03,-5.9918E-03,+30.4730E-03
+295.0000E-03,-6.1928E-03,+28.4629E-03
+295.5000E-03,-6.4943E-03,+25.8499E-03
+296.0000E-03,-6.4943E-03,+23.3373E-03
+296.5000E-03,-6.6954E-03,+21.1263E-03
+297.0000E-03,-6.4943E-03,+18.2117E-03
+297.5000E-03,-6.7959E-03,+15.5986E-03
+298.0000E-03,-6.8964E-03,+13.7896E-03
+298.5000E-03,-6.6954E-03,+10.9755E-03
+299.0000E-03,-7.0974E-03,+7.9604E-03
+299.5000E-03,-6.7959E-03,+5.6489E-03
+300.0000E-03,-7.2984E-03,+3.1363E-03
+300.5000E-03,-7.1979E-03,+724.2E-06
+301.0000E-03,-6.8964E-03,-1.5873E-03
+301.5000E-03,-7.1979E-03,-3.8989E-03
+302.0000E-03,-7.8009E-03,-6.5119E-03
+302.5000E-03,-7.9014E-03,-9.2255E-03
+303.0000E-03,-7.5999E-03,-11.8386E-03
+303.5000E-03,-8.1024E-03,-13.7481E-03
+304.0000E-03,-8.6049E-03,-16.5622E-03
+304.5000E-03,-8.3034E-03,-18.6727E-03
+305.0000E-03,-8.3034E-03,-21.5873E-03
+305.5000E-03,-8.3034E-03,-23.7984E-03
+306.0000E-03,-8.5044E-03,-26.1099E-03
+306.5000E-03,-8.7054E-03,-28.9240E-03
+307.0000E-03,-8.6049E-03,-31.5371E-03
+307.5000E-03,-8.7054E-03,-33.7481E-03
+308.0000E-03,-8.6049E-03,-36.3612E-03
+308.5000E-03,-9.1074E-03,-39.0747E-03
+309.0000E-03,-8.7054E-03,-41.2858E-03
+309.5000E-03,-8.9064E-03,-43.6979E-03
+310.0000E-03,-9.4089E-03,-46.3109E-03
+310.5000E-03,-9.7104E-03,-49.1250E-03
+311.0000E-03,-9.7104E-03,-51.4366E-03
+311.5000E-03,-9.5094E-03,-53.6476E-03
+312.0000E-03,-9.3084E-03,-52.2406E-03
+312.5000E-03,-9.5094E-03,-49.6275E-03
+313.0000E-03,-8.7054E-03,-47.2155E-03
+313.5000E-03,-8.6049E-03,-44.4014E-03
+314.0000E-03,-8.7054E-03,-41.7883E-03
+314.5000E-03,-8.3034E-03,-39.6778E-03
+315.0000E-03,-8.3034E-03,-36.9642E-03
+315.5000E-03,-8.4039E-03,-34.1501E-03
+316.0000E-03,-7.8009E-03,-31.8386E-03
+316.5000E-03,-8.5044E-03,-29.7280E-03
+317.0000E-03,-8.0019E-03,-26.7129E-03
+317.5000E-03,-7.7004E-03,-24.5019E-03
+318.0000E-03,-7.5999E-03,-22.0898E-03
+318.5000E-03,-8.0019E-03,-19.7783E-03
+319.0000E-03,-7.4994E-03,-16.8637E-03
+319.5000E-03,-7.7004E-03,-14.8536E-03
+320.0000E-03,-7.3989E-03,-12.1401E-03
+320.5000E-03,-7.5999E-03,-9.6275E-03
+321.0000E-03,-7.2984E-03,-7.1149E-03
+321.5000E-03,-7.3989E-03,-4.8034E-03
+322.0000E-03,-6.9969E-03,-2.1903E-03
+322.5000E-03,-7.2984E-03,+322.2E-06
+323.0000E-03,-7.5999E-03,+2.5333E-03
+323.5000E-03,-7.7004E-03,+5.4479E-03
+324.0000E-03,-7.0974E-03,+7.5584E-03
+324.5000E-03,-7.3989E-03,+10.7745E-03
+325.0000E-03,-7.5999E-03,+13.0861E-03
+325.5000E-03,-7.3989E-03,+15.3976E-03
+326.0000E-03,-6.6954E-03,+17.7092E-03
+326.5000E-03,-6.9969E-03,+20.1212E-03
+327.0000E-03,-6.7959E-03,+23.0358E-03
+327.5000E-03,-6.9969E-03,+25.2469E-03
+328.0000E-03,-6.6954E-03,+27.5584E-03
+328.5000E-03,-6.6954E-03,+30.7745E-03
+329.0000E-03,-6.7959E-03,+32.5835E-03
+329.5000E-03,-6.6954E-03,+35.4981E-03
+330.0000E-03,-6.4943E-03,+37.9102E-03
+330.5000E-03,-6.2933E-03,+40.5232E-03
+331.0000E-03,-6.4943E-03,+43.0358E-03
+331.5000E-03,-6.6954E-03,+45.0459E-03
+332.0000E-03,-6.1928E-03,+43.9403E-03
+332.5000E-03,-6.0923E-03,+40.8247E-03
+333.0000E-03,-6.1928E-03,+38.5132E-03
+333.5000E-03,-6.4943E-03,+36.0006E-03
+334.0000E-03,-6.4943E-03,+33.1866E-03
+334.5000E-03,-6.6954E-03,+30.7745E-03
+335.0000E-03,-6.7959E-03,+28.5634E-03
+335.5000E-03,-6.6954E-03,+25.8499E-03
+336.0000E-03,-6.6954E-03,+23.1363E-03
+336.5000E-03,-6.5948E-03,+20.4227E-03
+337.0000E-03,-6.5948E-03,+18.6137E-03
+337.5000E-03,-6.9969E-03,+15.5986E-03
+338.0000E-03,-6.8964E-03,+13.4881E-03
+338.5000E-03,-6.7959E-03,+10.7745E-03
+339.0000E-03,-7.1979E-03,+8.4629E-03
+339.5000E-03,-7.1979E-03,+5.7494E-03
+340.0000E-03,-7.1979E-03,+3.1363E-03
+340.5000E-03,-7.4994E-03,+1.0258E-03
+341.0000E-03,-7.2984E-03,-1.5873E-03
+341.5000E-03,-7.8009E-03,-3.8989E-03
+342.0000E-03,-7.7004E-03,-6.7129E-03
+342.5000E-03,-7.9014E-03,-9.2255E-03
+343.0000E-03,-7.7004E-03,-11.7381E-03
+343.5000E-03,-8.1024E-03,-13.9491E-03
+344.0000E-03,-8.4039E-03,-16.6627E-03
+344.5000E-03,-8.8059E-03,-19.1753E-03
+345.0000E-03,-8.4039E-03,-21.5873E-03
+345.5000E-03,-8.9064E-03,-23.8989E-03
+346.0000E-03,-8.8059E-03,-26.6124E-03
+346.5000E-03,-8.8059E-03,-28.9240E-03
+347.0000E-03,-9.0069E-03,-31.6376E-03
+347.5000E-03,-8.8059E-03,-34.2506E-03
+348.0000E-03,-8.8059E-03,-36.5622E-03
+348.5000E-03,-9.1074E-03,-39.1753E-03
+349.0000E-03,-9.3084E-03,-41.4868E-03
+349.5000E-03,-9.5094E-03,-43.7984E-03
+350.0000E-03,-9.9114E-03,-46.8134E-03
+350.5000E-03,-9.9114E-03,-48.8235E-03
+351.0000E-03,-9.5094E-03,-51.2356E-03
+351.5000E-03,-9.6099E-03,-53.2456E-03
+352.0000E-03,-9.4089E-03,-52.1401E-03
+352.5000E-03,-9.8109E-03,-49.7280E-03
+353.0000E-03,-9.4089E-03,-47.1149E-03
+353.5000E-03,-9.2079E-03,-44.5019E-03
+354.0000E-03,-9.0069E-03,-41.8888E-03
+354.5000E-03,-8.6049E-03,-39.3763E-03
+355.0000E-03,-8.8059E-03,-37.0647E-03
+355.5000E-03,-8.6049E-03,-34.7531E-03
+356.0000E-03,-8.5044E-03,-32.3411E-03
+356.5000E-03,-8.5044E-03,-29.8285E-03
+357.0000E-03,-8.0019E-03,-26.8134E-03
+357.5000E-03,-8.0019E-03,-24.7029E-03
+358.0000E-03,-8.0019E-03,-22.1903E-03
+358.5000E-03,-8.0019E-03,-19.2758E-03
+359.0000E-03,-7.9014E-03,-17.0647E-03
+359.5000E-03,-7.5999E-03,-14.7531E-03
+360.0000E-03,-7.5999E-03,-12.1401E-03
+360.5000E-03,-7.7004E-03,-9.6275E-03
+361.0000E-03,-7.7004E-03,-7.1149E-03
+361.5000E-03,-7.2984E-03,-4.4014E-03
+362.0000E-03,-7.3989E-03,-1.9893E-03
+362.5000E-03,-7.4994E-03,+322.2E-06
+363.0000E-03,-7.7004E-03,+2.4328E-03
+363.5000E-03,-7.5999E-03,+4.7443E-03
+364.0000E-03,-7.3989E-03,+7.5584E-03
+364.5000E-03,-7.4994E-03,+10.1715E-03
+365.0000E-03,-7.3989E-03,+12.3825E-03
+365.5000E-03,-6.9969E-03,+15.5986E-03
+366.0000E-03,-7.5999E-03,+17.8097E-03
+366.5000E-03,-6.8964E-03,+20.4227E-03
+367.0000E-03,-7.3989E-03,+23.0358E-03
+367.5000E-03,-6.8964E-03,+25.0459E-03
+368.0000E-03,-6.8964E-03,+27.9604E-03
+368.5000E-03,-7.0974E-03,+30.3725E-03
+369.0000E-03,-7.1979E-03,+33.0861E-03
+369.5000E-03,-6.6954E-03,+35.1966E-03
+370.0000E-03,-6.6954E-03,+38.2117E-03
+370.5000E-03,-6.3938E-03,+40.7242E-03
+371.0000E-03,-6.6954E-03,+42.9353E-03
+371.5000E-03,-6.6954E-03,+45.0459E-03
+372.0000E-03,-6.4943E-03,+43.3373E-03
+372.5000E-03,-6.1928E-03,+41.2268E-03
+373.0000E-03,-6.2933E-03,+38.4127E-03
+373.5000E-03,-6.2933E-03,+36.0006E-03
+374.0000E-03,-6.1928E-03,+33.6891E-03
+374.5000E-03,-6.4943E-03,+30.9755E-03
+375.0000E-03,-6.4943E-03,+28.5634E-03
+375.5000E-03,-6.6954E-03,+26.2519E-03
+376.0000E-03,-6.4943E-03,+23.4378E-03
+376.5000E-03,-6.5948E-03,+20.9253E-03
+377.0000E-03,-6.8964E-03,+18.0107E-03
+377.5000E-03,-6.6954E-03,+15.6991E-03
+378.0000E-03,-6.6954E-03,+13.2871E-03
+378.5000E-03,-6.7959E-03,+10.8750E-03
+379.0000E-03,-7.1979E-03,+8.2619E-03
+379.5000E-03,-7.0974E-03,+5.7494E-03
+380.0000E-03,-7.4994E-03,+3.5383E-03
+380.5000E-03,-6.9969E-03,+623.7E-06
+381.0000E-03,-7.4994E-03,-1.6878E-03
+381.5000E-03,-7.7004E-03,-4.0999E-03
+382.0000E-03,-7.4994E-03,-6.4114E-03
+382.5000E-03,-7.3989E-03,-9.1250E-03
+383.0000E-03,-7.5999E-03,-11.6376E-03
+383.5000E-03,-8.2029E-03,-13.9491E-03
+384.0000E-03,-8.5044E-03,-16.8637E-03
+384.5000E-03,-8.1024E-03,-18.9742E-03
+385.0000E-03,-8.1024E-03,-21.3863E-03
+385.5000E-03,-8.7054E-03,-24.0999E-03
+386.0000E-03,-8.7054E-03,-26.5119E-03
+386.5000E-03,-8.7054E-03,-29.6275E-03
+387.0000E-03,-8.9064E-03,-31.4366E-03
+387.5000E-03,-8.9064E-03,-33.8486E-03
+388.0000E-03,-9.4089E-03,-36.6627E-03
+388.5000E-03,-8.9064E-03,-39.1753E-03
+389.0000E-03,-9.4089E-03,-41.4868E-03
+389.5000E-03,-9.2079E-03,-43.8989E-03
+390.0000E-03,-9.7104E-03,-46.4114E-03
+390.5000E-03,-9.6099E-03,-49.0245E-03
+391.0000E-03,-9.6099E-03,-51.3361E-03
+391.5000E-03,-9.5094E-03,-53.4466E-03
+392.0000E-03,-9.8109E-03,-51.8386E-03
+392.5000E-03,-9.3084E-03,-48.8235E-03
+393.0000E-03,-9.1074E-03,-46.7129E-03
+393.5000E-03,-9.0069E-03,-44.4014E-03
+394.0000E-03,-9.0069E-03,-42.4918E-03
+394.5000E-03,-9.2079E-03,-39.9793E-03
+395.0000E-03,-8.7054E-03,-37.2657E-03
+395.5000E-03,-8.1024E-03,-34.7531E-03
+396.0000E-03,-8.3034E-03,-32.3411E-03
+396.5000E-03,-8.8059E-03,-29.5270E-03
+397.0000E-03,-8.1024E-03,-27.0144E-03
+397.5000E-03,-7.8009E-03,-24.7029E-03
+398.0000E-03,-8.0019E-03,-22.0898E-03
+398.5000E-03,-8.2029E-03,-19.4768E-03
+399.0000E-03,-7.9014E-03,-16.7632E-03
+399.5000E-03,-7.3989E-03,-14.6526E-03
+400.0000E-03,-7.7004E-03,-12.0396E-03
+400.5000E-03,-7.7004E-03,-9.4265E-03
+401.0000E-03,-8.0019E-03,-7.3160E-03
+401.5000E-03,-7.0974E-03,-4.3009E-03
+402.0000E-03,-7.2984E-03,-2.4918E-03
+402.5000E-03,-7.3989E-03,+221.7E-06
+403.0000E-03,-7.3989E-03,+2.7343E-03
+403.5000E-03,-7.3989E-03,+5.2469E-03
+404.0000E-03,-7.1979E-03,+7.6589E-03
+404.5000E-03,-7.4994E-03,+9.9705E-03
+405.0000E-03,-7.5999E-03,+12.6840E-03
+405.5000E-03,-6.9969E-03,+15.2971E-03
+406.0000E-03,-7.1979E-03,+17.9102E-03
+406.5000E-03,-7.1979E-03,+20.5232E-03
+407.0000E-03,-7.1979E-03,+22.3323E-03
+407.5000E-03,-6.8964E-03,+25.1464E-03
+408.0000E-03,-6.8964E-03,+27.7594E-03
+408.5000E-03,-6.8964E-03,+30.0710E-03
+409.0000E-03,-6.5948E-03,+32.6840E-03
+409.5000E-03,-6.3938E-03,+35.1966E-03
+410.0000E-03,-6.0923E-03,+38.1112E-03
+410.5000E-03,-6.2933E-03,+40.3222E-03
+411.0000E-03,-6.5948E-03,+43.0358E-03
+411.5000E-03,-6.1928E-03,+44.8448E-03
+412.0000E-03,-5.9918E-03,+43.6388E-03
+412.5000E-03,-5.9918E-03,+40.9253E-03
+413.0000E-03,-6.1928E-03,+38.6137E-03
+413.5000E-03,-6.1928E-03,+36.0006E-03
+414.0000E-03,-6.1928E-03,+32.8850E-03
+414.5000E-03,-5.9918E-03,+30.7745E-03
+415.0000E-03,-6.2933E-03,+28.6639E-03
+415.5000E-03,-6.8964E-03,+25.9504E-03
+416.0000E-03,-6.6954E-03,+23.0358E-03
+416.5000E-03,-6.3938E-03,+20.9253E-03
+417.0000E-03,-6.5948E-03,+18.4127E-03
+417.5000E-03,-6.7959E-03,+16.1011E-03
+418.0000E-03,-6.3938E-03,+12.9856E-03
+418.5000E-03,-6.3938E-03,+10.6740E-03
+419.0000E-03,-6.9969E-03,+8.4629E-03
+419.5000E-03,-7.1979E-03,+5.6489E-03
+420.0000E-03,-7.3989E-03,+2.8348E-03
+420.5000E-03,-7.2984E-03,+623.7E-06
+421.0000E-03,-7.9014E-03,-1.5873E-03
+421.5000E-03,-7.8009E-03,-4.0999E-03
+422.0000E-03,-7.7004E-03,-6.9139E-03
+422.5000E-03,-7.5999E-03,-9.3260E-03
+423.0000E-03,-7.9014E-03,-11.9391E-03
+423.5000E-03,-8.2029E-03,-14.2506E-03
+424.0000E-03,-8.4039E-03,-16.5622E-03
+424.5000E-03,-8.6049E-03,-19.1753E-03
+425.0000E-03,-8.2029E-03,-21.4868E-03
+425.5000E-03,-8.8059E-03,-24.4014E-03
+426.0000E-03,-8.9064E-03,-26.7129E-03
+426.5000E-03,-8.7054E-03,-29.3260E-03
+427.0000E-03,-8.4039E-03,-31.8386E-03
+427.5000E-03,-9.2079E-03,-34.1501E-03
+428.0000E-03,-9.2079E-03,-36.2607E-03
+428.5000E-03,-9.0069E-03,-38.9742E-03
+429.0000E-03,-9.4089E-03,-41.6878E-03
+429.5000E-03,-9.5094E-03,-44.4014E-03
+430.0000E-03,-10.0119E-03,-46.7129E-03
+430.5000E-03,-10.0119E-03,-49.3260E-03
+431.0000E-03,-9.8109E-03,-51.6376E-03
+431.5000E-03,-10.1124E-03,-53.9491E-03
+432.0000E-03,-10.1124E-03,-52.0396E-03
+432.5000E-03,-9.4089E-03,-49.9290E-03
+433.0000E-03,-9.5094E-03,-47.2155E-03
+433.5000E-03,-8.9064E-03,-44.7029E-03
+434.0000E-03,-9.1074E-03,-42.0898E-03
+434.5000E-03,-8.9064E-03,-39.4768E-03
+435.0000E-03,-8.8059E-03,-37.4667E-03
+435.5000E-03,-8.9064E-03,-34.7531E-03
+436.0000E-03,-8.7054E-03,-32.4416E-03
+436.5000E-03,-8.6049E-03,-29.5270E-03
+437.0000E-03,-8.4039E-03,-27.2155E-03
+437.5000E-03,-8.5044E-03,-24.5019E-03
+438.0000E-03,-8.2029E-03,-22.1903E-03
+438.5000E-03,-8.5044E-03,-19.7783E-03
+439.0000E-03,-7.7004E-03,-17.0647E-03
+439.5000E-03,-7.8009E-03,-14.8536E-03
+440.0000E-03,-8.3034E-03,-11.8386E-03
+440.5000E-03,-8.1024E-03,-9.9290E-03
+441.0000E-03,-7.7004E-03,-7.3160E-03
+441.5000E-03,-7.7004E-03,-5.0044E-03
+442.0000E-03,-8.1024E-03,-2.2908E-03
+442.5000E-03,-8.1024E-03,+322.2E-06
+443.0000E-03,-7.8009E-03,+2.8348E-03
+443.5000E-03,-6.8964E-03,+5.0459E-03
+444.0000E-03,-7.2984E-03,+7.7594E-03
+444.5000E-03,-7.3989E-03,+10.0710E-03
+445.0000E-03,-7.1979E-03,+12.6840E-03
+445.5000E-03,-7.2984E-03,+14.5936E-03
+446.0000E-03,-7.2984E-03,+17.8097E-03
+446.5000E-03,-7.3989E-03,+20.2217E-03
+447.0000E-03,-7.3989E-03,+22.6338E-03
+447.5000E-03,-7.2984E-03,+25.0459E-03
+448.0000E-03,-7.0974E-03,+28.0609E-03
+448.5000E-03,-6.9969E-03,+30.3725E-03
+449.0000E-03,-7.0974E-03,+32.3825E-03
+449.5000E-03,-6.3938E-03,+35.1966E-03
+450.0000E-03,-6.4943E-03,+37.9102E-03
+450.5000E-03,-6.5948E-03,+40.7242E-03
+451.0000E-03,-6.7959E-03,+42.9353E-03
+451.5000E-03,-6.3938E-03,+45.0459E-03
+452.0000E-03,-6.5948E-03,+43.4378E-03
+452.5000E-03,-6.8964E-03,+41.0258E-03
+453.0000E-03,-6.7959E-03,+38.2117E-03
+453.5000E-03,-6.8964E-03,+35.6991E-03
+454.0000E-03,-6.5948E-03,+32.8850E-03
+454.5000E-03,-6.6954E-03,+30.9755E-03
+455.0000E-03,-6.7959E-03,+28.2619E-03
+455.5000E-03,-6.6954E-03,+25.7494E-03
+456.0000E-03,-6.6954E-03,+23.2368E-03
+456.5000E-03,-6.3938E-03,+20.7242E-03
+457.0000E-03,-7.1979E-03,+18.1112E-03
+457.5000E-03,-6.9969E-03,+15.7996E-03
+458.0000E-03,-6.7959E-03,+13.1866E-03
+458.5000E-03,-6.8964E-03,+10.8750E-03
+459.0000E-03,-7.0974E-03,+8.4629E-03
+459.5000E-03,-7.3989E-03,+5.8499E-03
+460.0000E-03,-7.4994E-03,+2.9353E-03
+460.5000E-03,-7.2984E-03,+1.0258E-03
+461.0000E-03,-7.9014E-03,-1.8888E-03
+461.5000E-03,-7.9014E-03,-3.8989E-03
+462.0000E-03,-7.4994E-03,-7.1149E-03
+462.5000E-03,-7.9014E-03,-9.0245E-03
+463.0000E-03,-8.1024E-03,-11.4366E-03
+463.5000E-03,-8.7054E-03,-13.7481E-03
+464.0000E-03,-8.6049E-03,-16.6627E-03
+464.5000E-03,-8.6049E-03,-19.0747E-03
+465.0000E-03,-8.4039E-03,-21.5873E-03
+465.5000E-03,-8.6049E-03,-24.0999E-03
+466.0000E-03,-9.0069E-03,-26.5119E-03
+466.5000E-03,-9.0069E-03,-29.4265E-03
+467.0000E-03,-8.7054E-03,-31.9391E-03
+467.5000E-03,-9.2079E-03,-33.9491E-03
+468.0000E-03,-9.1074E-03,-36.5622E-03
+468.5000E-03,-9.6099E-03,-39.3763E-03
+469.0000E-03,-9.4089E-03,-41.5873E-03
+469.5000E-03,-9.3084E-03,-43.8989E-03
+470.0000E-03,-9.8109E-03,-46.3109E-03
+470.5000E-03,-9.5094E-03,-48.9240E-03
+471.0000E-03,-9.3084E-03,-51.6376E-03
+471.5000E-03,-9.9114E-03,-53.5471E-03
+472.0000E-03,-10.0119E-03,-51.9391E-03
+472.5000E-03,-9.9114E-03,-49.6275E-03
+473.0000E-03,-9.2079E-03,-46.6124E-03
+473.5000E-03,-9.3084E-03,-44.3009E-03
+474.0000E-03,-9.3084E-03,-42.2908E-03
+474.5000E-03,-8.9064E-03,-39.4768E-03
+475.0000E-03,-8.7054E-03,-36.6627E-03
+475.5000E-03,-8.4039E-03,-34.6526E-03
+476.0000E-03,-8.8059E-03,-32.3411E-03
+476.5000E-03,-8.7054E-03,-29.3260E-03
+477.0000E-03,-8.3034E-03,-27.0144E-03
+477.5000E-03,-7.8009E-03,-24.5019E-03
+478.0000E-03,-8.1024E-03,-21.9893E-03
+478.5000E-03,-7.9014E-03,-19.6778E-03
+479.0000E-03,-7.7004E-03,-17.1652E-03
+479.5000E-03,-7.7004E-03,-14.5521E-03
+480.0000E-03,-7.9014E-03,-12.1401E-03
+480.5000E-03,-7.4994E-03,-9.6275E-03
+481.0000E-03,-7.4994E-03,-7.2155E-03
+481.5000E-03,-7.4994E-03,-4.7029E-03
+482.0000E-03,-7.7004E-03,-1.9893E-03
+482.5000E-03,-8.0019E-03,+221.7E-06
+483.0000E-03,-7.2984E-03,+2.8348E-03
+483.5000E-03,-7.5999E-03,+5.2469E-03
+484.0000E-03,-7.5999E-03,+7.6589E-03
+484.5000E-03,-7.9014E-03,+10.3725E-03
+485.0000E-03,-7.4994E-03,+12.3825E-03
+485.5000E-03,-6.9969E-03,+15.3976E-03
+486.0000E-03,-7.1979E-03,+18.3122E-03
+486.5000E-03,-7.5999E-03,+20.4227E-03
+487.0000E-03,-7.1979E-03,+22.6338E-03
+487.5000E-03,-6.8964E-03,+24.9454E-03
+488.0000E-03,-6.9969E-03,+27.7594E-03
+488.5000E-03,-6.9969E-03,+30.0710E-03
+489.0000E-03,-6.8964E-03,+33.0861E-03
+489.5000E-03,-6.6954E-03,+35.2971E-03
+490.0000E-03,-6.1928E-03,+37.6087E-03
+490.5000E-03,-6.4943E-03,+40.2217E-03
+491.0000E-03,-6.3938E-03,+42.7343E-03
+491.5000E-03,-6.1928E-03,+45.0459E-03
+492.0000E-03,-6.3938E-03,+43.6388E-03
+492.5000E-03,-6.2933E-03,+40.6237E-03
+493.0000E-03,-6.2933E-03,+38.5132E-03
+493.5000E-03,-6.7959E-03,+35.7996E-03
+494.0000E-03,-6.5948E-03,+33.2871E-03
+494.5000E-03,-6.7959E-03,+31.1765E-03
+495.0000E-03,-6.7959E-03,+28.3624E-03
+495.5000E-03,-6.4943E-03,+26.2519E-03
+496.0000E-03,-6.5948E-03,+23.0358E-03
+496.5000E-03,-6.7959E-03,+20.9253E-03
+497.0000E-03,-7.0974E-03,+18.1112E-03
+497.5000E-03,-7.0974E-03,+15.5986E-03
+498.0000E-03,-6.7959E-03,+13.3876E-03
+498.5000E-03,-7.2984E-03,+10.7745E-03
+499.0000E-03,-7.4994E-03,+8.1614E-03
+499.5000E-03,-7.2984E-03,+5.6489E-03
+500.0000E-03,-7.0974E-03,+3.0358E-03
+500.5000E-03,-7.5999E-03,+925.3E-06
+501.0000E-03,-7.8009E-03,-1.8888E-03
+501.5000E-03,-7.9014E-03,-4.2004E-03
+502.0000E-03,-7.8009E-03,-6.9139E-03
+502.5000E-03,-8.3034E-03,-9.0245E-03
+503.0000E-03,-8.4039E-03,-11.8386E-03
+503.5000E-03,-8.7054E-03,-13.8486E-03
+504.0000E-03,-8.5044E-03,-16.7632E-03
+504.5000E-03,-8.3034E-03,-18.7732E-03
+505.0000E-03,-8.6049E-03,-21.9893E-03
+505.5000E-03,-9.0069E-03,-24.0999E-03
+506.0000E-03,-8.9064E-03,-26.1099E-03
+506.5000E-03,-8.6049E-03,-28.8235E-03
+507.0000E-03,-8.7054E-03,-31.1351E-03
+507.5000E-03,-9.3084E-03,-33.9491E-03
+508.0000E-03,-9.4089E-03,-36.6627E-03
+508.5000E-03,-9.1074E-03,-38.6727E-03
+509.0000E-03,-9.3084E-03,-41.0848E-03
+509.5000E-03,-9.6099E-03,-44.2004E-03
+510.0000E-03,-9.7104E-03,-46.6124E-03
+510.5000E-03,-9.9114E-03,-49.1250E-03
+511.0000E-03,-9.6099E-03,-51.4366E-03
+511.5000E-03,-10.0119E-03,-53.5471E-03
+512.0000E-03,-10.0119E-03,-52.2406E-03
+512.5000E-03,-9.3084E-03,-49.3260E-03
+513.0000E-03,-9.4089E-03,-47.0144E-03
+513.5000E-03,-8.8059E-03,-44.4014E-03
+514.0000E-03,-9.0069E-03,-42.0898E-03
+514.5000E-03,-8.6049E-03,-39.0747E-03
+515.0000E-03,-8.7054E-03,-36.6627E-03
+515.5000E-03,-9.2079E-03,-34.3511E-03
+516.0000E-03,-8.5044E-03,-31.9391E-03
+516.5000E-03,-8.1024E-03,-29.4265E-03
+517.0000E-03,-8.3034E-03,-26.7129E-03
+517.5000E-03,-8.0019E-03,-24.3009E-03
+518.0000E-03,-8.2029E-03,-21.5873E-03
+518.5000E-03,-7.9014E-03,-19.1753E-03
+519.0000E-03,-8.0019E-03,-16.8637E-03
+519.5000E-03,-7.9014E-03,-14.3511E-03
+520.0000E-03,-8.1024E-03,-12.0396E-03
+520.5000E-03,-7.8009E-03,-9.1250E-03
+521.0000E-03,-7.2984E-03,-6.7129E-03
+521.5000E-03,-7.1979E-03,-4.3009E-03
+522.0000E-03,-7.8009E-03,-2.1903E-03
+522.5000E-03,-7.4994E-03,+322.2E-06
+523.0000E-03,-7.4994E-03,+2.8348E-03
+523.5000E-03,-7.3989E-03,+5.2469E-03
+524.0000E-03,-7.0974E-03,+8.0609E-03
+524.5000E-03,-7.2984E-03,+10.3725E-03
+525.0000E-03,-7.2984E-03,+13.0861E-03
+525.5000E-03,-7.1979E-03,+15.4981E-03
+526.0000E-03,-7.0974E-03,+17.9102E-03
+526.5000E-03,-7.3989E-03,+20.6237E-03
+527.0000E-03,-7.0974E-03,+23.3373E-03
+527.5000E-03,-6.5948E-03,+25.2469E-03
+528.0000E-03,-7.4994E-03,+28.1614E-03
+528.5000E-03,-7.4994E-03,+30.7745E-03
+529.0000E-03,-6.9969E-03,+33.0861E-03
+529.5000E-03,-6.1928E-03,+35.3976E-03
+530.0000E-03,-6.0923E-03,+37.9102E-03
+530.5000E-03,-5.9918E-03,+40.6237E-03
+531.0000E-03,-6.3938E-03,+42.6338E-03
+531.5000E-03,-5.9918E-03,+45.0459E-03
+532.0000E-03,-6.3938E-03,+43.5383E-03
+532.5000E-03,-5.8913E-03,+40.8247E-03
+533.0000E-03,-6.1928E-03,+38.8147E-03
+533.5000E-03,-6.2933E-03,+36.1011E-03
+534.0000E-03,-6.1928E-03,+33.4881E-03
+534.5000E-03,-6.6954E-03,+30.9755E-03
+535.0000E-03,-6.3938E-03,+28.6639E-03
+535.5000E-03,-5.8913E-03,+25.9504E-03
+536.0000E-03,-6.3938E-03,+22.9353E-03
+536.5000E-03,-6.7959E-03,+20.7242E-03
+537.0000E-03,-7.0974E-03,+18.6137E-03
+537.5000E-03,-6.7959E-03,+15.5986E-03
+538.0000E-03,-6.7959E-03,+12.9856E-03
+538.5000E-03,-6.9969E-03,+10.6740E-03
+539.0000E-03,-6.9969E-03,+8.1614E-03
+539.5000E-03,-6.9969E-03,+5.4479E-03
+540.0000E-03,-6.9969E-03,+2.9353E-03
+540.5000E-03,-6.8964E-03,+523.2E-06
+541.0000E-03,-7.2984E-03,-1.6878E-03
+541.5000E-03,-7.5999E-03,-4.3009E-03
+542.0000E-03,-7.4994E-03,-6.7129E-03
+542.5000E-03,-7.4994E-03,-8.9240E-03
+543.0000E-03,-8.0019E-03,-11.5371E-03
+543.5000E-03,-8.1024E-03,-14.2506E-03
+544.0000E-03,-8.1024E-03,-16.9642E-03
+544.5000E-03,-8.0019E-03,-19.0747E-03
+545.0000E-03,-8.6049E-03,-21.5873E-03
+545.5000E-03,-8.5044E-03,-23.8989E-03
+546.0000E-03,-8.5044E-03,-26.5119E-03
+546.5000E-03,-8.6049E-03,-29.3260E-03
+547.0000E-03,-8.8059E-03,-31.7381E-03
+547.5000E-03,-8.9064E-03,-34.1501E-03
+548.0000E-03,-9.2079E-03,-36.6627E-03
+548.5000E-03,-9.3084E-03,-39.3763E-03
+549.0000E-03,-9.5094E-03,-41.3863E-03
+549.5000E-03,-9.6099E-03,-44.2004E-03
+550.0000E-03,-9.4089E-03,-46.8134E-03
+550.5000E-03,-9.4089E-03,-48.7230E-03
+551.0000E-03,-9.5094E-03,-51.2356E-03
+551.5000E-03,-10.1124E-03,-53.9491E-03
+552.0000E-03,-10.0119E-03,-51.9391E-03
+552.5000E-03,-9.2079E-03,-49.3260E-03
+553.0000E-03,-9.3084E-03,-47.5170E-03
+553.5000E-03,-9.5094E-03,-44.3009E-03
+554.0000E-03,-9.0069E-03,-41.7883E-03
+554.5000E-03,-8.6049E-03,-39.2758E-03
+555.0000E-03,-8.6049E-03,-36.9642E-03
+555.5000E-03,-8.6049E-03,-34.2506E-03
+556.0000E-03,-8.5044E-03,-32.0396E-03
+556.5000E-03,-8.1024E-03,-29.5270E-03
+557.0000E-03,-8.0019E-03,-26.8134E-03
+557.5000E-03,-8.2029E-03,-24.6024E-03
+558.0000E-03,-7.9014E-03,-22.1903E-03
+558.5000E-03,-7.5999E-03,-19.2758E-03
+559.0000E-03,-8.0019E-03,-17.1652E-03
+559.5000E-03,-8.1024E-03,-14.4516E-03
+560.0000E-03,-7.9014E-03,-12.6426E-03
+560.5000E-03,-7.8009E-03,-9.5270E-03
+561.0000E-03,-7.7004E-03,-7.1149E-03
+561.5000E-03,-7.2984E-03,-4.3009E-03
+562.0000E-03,-7.3989E-03,-2.1903E-03
+562.5000E-03,-7.5999E-03,+523.2E-06
+563.0000E-03,-7.5999E-03,+2.9353E-03
+563.5000E-03,-7.1979E-03,+5.3474E-03
+564.0000E-03,-7.5999E-03,+7.6589E-03
+564.5000E-03,-7.2984E-03,+10.2720E-03
+565.0000E-03,-7.2984E-03,+12.7845E-03
+565.5000E-03,-6.9969E-03,+15.4981E-03
+566.0000E-03,-7.3989E-03,+18.1112E-03
+566.5000E-03,-7.2984E-03,+20.3222E-03
+567.0000E-03,-6.8964E-03,+23.2368E-03
+567.5000E-03,-6.6954E-03,+25.5484E-03
+568.0000E-03,-6.8964E-03,+27.6589E-03
+568.5000E-03,-6.8964E-03,+30.1715E-03
+569.0000E-03,-6.8964E-03,+32.9856E-03
+569.5000E-03,-6.4943E-03,+35.5986E-03
+570.0000E-03,-6.7959E-03,+38.1112E-03
+570.5000E-03,-6.5948E-03,+40.0207E-03
+571.0000E-03,-6.4943E-03,+42.9353E-03
+571.5000E-03,-5.9918E-03,+44.8448E-03
+572.0000E-03,-5.8913E-03,+43.7393E-03
+572.5000E-03,-6.4943E-03,+40.7242E-03
+573.0000E-03,-5.6903E-03,+38.4127E-03
+573.5000E-03,-6.1928E-03,+35.3976E-03
+574.0000E-03,-5.9918E-03,+33.2871E-03
+574.5000E-03,-6.3938E-03,+30.7745E-03
+575.0000E-03,-6.4943E-03,+27.9604E-03
+575.5000E-03,-6.2933E-03,+25.8499E-03
+576.0000E-03,-5.9918E-03,+23.3373E-03
+576.5000E-03,-6.6954E-03,+20.7242E-03
+577.0000E-03,-6.5948E-03,+18.1112E-03
+577.5000E-03,-6.3938E-03,+15.5986E-03
+578.0000E-03,-6.4943E-03,+12.8850E-03
+578.5000E-03,-6.8964E-03,+10.4730E-03
+579.0000E-03,-6.8964E-03,+7.9604E-03
+579.5000E-03,-6.7959E-03,+5.6489E-03
+580.0000E-03,-6.9969E-03,+3.0358E-03
+580.5000E-03,-7.0974E-03,+623.7E-06
+581.0000E-03,-7.1979E-03,-1.8888E-03
+581.5000E-03,-7.5999E-03,-3.9994E-03
+582.0000E-03,-7.3989E-03,-6.8134E-03
+582.5000E-03,-7.7004E-03,-9.5270E-03
+583.0000E-03,-8.2029E-03,-11.6376E-03
+583.5000E-03,-7.9014E-03,-14.1501E-03
+584.0000E-03,-8.2029E-03,-16.9642E-03
+584.5000E-03,-8.0019E-03,-19.2758E-03
+585.0000E-03,-8.7054E-03,-21.5873E-03
+585.5000E-03,-8.5044E-03,-23.9994E-03
+586.0000E-03,-8.4039E-03,-26.8134E-03
+586.5000E-03,-8.4039E-03,-29.0245E-03
+587.0000E-03,-8.8059E-03,-32.1401E-03
+587.5000E-03,-9.0069E-03,-34.2506E-03
+588.0000E-03,-8.6049E-03,-36.6627E-03
+588.5000E-03,-9.1074E-03,-38.9742E-03
+589.0000E-03,-9.5094E-03,-41.6878E-03
+589.5000E-03,-9.1074E-03,-44.0999E-03
+590.0000E-03,-9.3084E-03,-47.2155E-03
+590.5000E-03,-9.3084E-03,-49.1250E-03
+591.0000E-03,-9.2079E-03,-51.7381E-03
+591.5000E-03,-9.8109E-03,-53.9491E-03
+592.0000E-03,-9.4089E-03,-52.3411E-03
+592.5000E-03,-8.8059E-03,-49.5270E-03
+593.0000E-03,-9.2079E-03,-47.0144E-03
+593.5000E-03,-8.8059E-03,-44.6024E-03
+594.0000E-03,-8.5044E-03,-41.9893E-03
+594.5000E-03,-8.4039E-03,-39.7783E-03
+595.0000E-03,-8.4039E-03,-37.6677E-03
+595.5000E-03,-8.6049E-03,-35.0546E-03
+596.0000E-03,-8.1024E-03,-32.2406E-03
+596.5000E-03,-8.3034E-03,-29.5270E-03
+597.0000E-03,-8.0019E-03,-27.1149E-03
+597.5000E-03,-8.0019E-03,-24.8034E-03
+598.0000E-03,-7.9014E-03,-22.4918E-03
+598.5000E-03,-7.9014E-03,-19.7783E-03
+599.0000E-03,-8.0019E-03,-17.3662E-03
+599.5000E-03,-8.1024E-03,-15.3562E-03
+600.0000E-03,-7.3989E-03,-12.1401E-03
+600.5000E-03,-7.4994E-03,-10.2305E-03
+601.0000E-03,-7.5999E-03,-7.9190E-03
+601.5000E-03,-7.0974E-03,-5.2054E-03
+602.0000E-03,-7.5999E-03,-2.6928E-03
+602.5000E-03,-7.3989E-03,-280.8E-06
+603.0000E-03,-7.3989E-03,+2.5333E-03
+603.5000E-03,-7.5999E-03,+5.1464E-03
+604.0000E-03,-7.5999E-03,+7.0559E-03
+604.5000E-03,-7.2984E-03,+10.1715E-03
+605.0000E-03,-7.2984E-03,+12.5835E-03
+605.5000E-03,-7.1979E-03,+15.2971E-03
+606.0000E-03,-6.9969E-03,+17.5082E-03
+606.5000E-03,-6.6954E-03,+20.4227E-03
+607.0000E-03,-6.6954E-03,+22.8348E-03
+607.5000E-03,-6.7959E-03,+25.0459E-03
+608.0000E-03,-6.6954E-03,+27.5584E-03
+608.5000E-03,-6.8964E-03,+30.2720E-03
+609.0000E-03,-6.6954E-03,+32.7845E-03
+609.5000E-03,-6.2933E-03,+35.3976E-03
+610.0000E-03,-6.6954E-03,+37.6087E-03
+610.5000E-03,-6.4943E-03,+39.9202E-03
+611.0000E-03,-6.2933E-03,+43.1363E-03
+611.5000E-03,-5.9918E-03,+44.6438E-03
+612.0000E-03,-6.1928E-03,+43.5383E-03
+612.5000E-03,-6.1928E-03,+40.9253E-03
+613.0000E-03,-6.2933E-03,+38.2117E-03
+613.5000E-03,-5.9918E-03,+36.0006E-03
+614.0000E-03,-6.0923E-03,+33.2871E-03
+614.5000E-03,-6.0923E-03,+30.9755E-03
+615.0000E-03,-6.3938E-03,+28.6639E-03
+615.5000E-03,-6.2933E-03,+25.6489E-03
+616.0000E-03,-6.5948E-03,+23.2368E-03
+616.5000E-03,-6.7959E-03,+20.8247E-03
+617.0000E-03,-6.7959E-03,+18.6137E-03
+617.5000E-03,-6.6954E-03,+15.7996E-03
+618.0000E-03,-6.8964E-03,+13.2871E-03
+618.5000E-03,-6.7959E-03,+10.7745E-03
+619.0000E-03,-7.2984E-03,+8.1614E-03
+619.5000E-03,-7.0974E-03,+5.5484E-03
+620.0000E-03,-7.1979E-03,+3.0358E-03
+620.5000E-03,-7.4994E-03,+523.2E-06
+621.0000E-03,-8.0019E-03,-1.8888E-03
+621.5000E-03,-7.5999E-03,-4.2004E-03
+622.0000E-03,-7.2984E-03,-6.5119E-03
+622.5000E-03,-8.0019E-03,-9.1250E-03
+623.0000E-03,-8.5044E-03,-11.5371E-03
+623.5000E-03,-8.3034E-03,-14.1501E-03
+624.0000E-03,-8.0019E-03,-16.5622E-03
+624.5000E-03,-8.3034E-03,-19.5773E-03
+625.0000E-03,-8.9064E-03,-21.4868E-03
+625.5000E-03,-8.5044E-03,-24.5019E-03
+626.0000E-03,-8.7054E-03,-26.7129E-03
+626.5000E-03,-9.2079E-03,-29.0245E-03
+627.0000E-03,-9.1074E-03,-31.5371E-03
+627.5000E-03,-9.0069E-03,-33.8486E-03
+628.0000E-03,-9.4089E-03,-36.7632E-03
+628.5000E-03,-9.3084E-03,-39.1753E-03
+629.0000E-03,-9.6099E-03,-41.1853E-03
+629.5000E-03,-9.5094E-03,-43.6979E-03
+630.0000E-03,-9.6099E-03,-46.6124E-03
+630.5000E-03,-9.7104E-03,-48.8235E-03
+631.0000E-03,-10.4139E-03,-52.0396E-03
+631.5000E-03,-10.1124E-03,-53.7481E-03
+632.0000E-03,-9.6099E-03,-52.3411E-03
+632.5000E-03,-9.4089E-03,-49.5270E-03
+633.0000E-03,-9.6099E-03,-47.0144E-03
+633.5000E-03,-9.0069E-03,-44.7029E-03
+634.0000E-03,-8.8059E-03,-42.1903E-03
+634.5000E-03,-8.6049E-03,-39.8788E-03
+635.0000E-03,-9.0069E-03,-37.0647E-03
+635.5000E-03,-9.1074E-03,-34.4516E-03
+636.0000E-03,-8.5044E-03,-32.3411E-03
+636.5000E-03,-8.2029E-03,-30.0295E-03
+637.0000E-03,-8.2029E-03,-27.3160E-03
+637.5000E-03,-8.2029E-03,-24.7029E-03
+638.0000E-03,-8.1024E-03,-21.8888E-03
+638.5000E-03,-7.8009E-03,-20.2808E-03
+639.0000E-03,-7.8009E-03,-17.1652E-03
+639.5000E-03,-8.1024E-03,-14.6526E-03
+640.0000E-03,-7.8009E-03,-12.0396E-03
+640.5000E-03,-7.2984E-03,-9.8285E-03
+641.0000E-03,-7.5999E-03,-7.0144E-03
+641.5000E-03,-7.5999E-03,-4.8034E-03
+642.0000E-03,-7.2984E-03,-2.4918E-03
+642.5000E-03,-7.5999E-03,+121.2E-06
+643.0000E-03,-7.7004E-03,+2.6338E-03
+643.5000E-03,-7.8009E-03,+4.9454E-03
+644.0000E-03,-7.7004E-03,+7.7594E-03
+644.5000E-03,-7.3989E-03,+10.0710E-03
+645.0000E-03,-7.3989E-03,+12.7845E-03
+645.5000E-03,-7.2984E-03,+15.0961E-03
+646.0000E-03,-7.2984E-03,+17.7092E-03
+646.5000E-03,-7.0974E-03,+20.1212E-03
+647.0000E-03,-6.9969E-03,+22.5333E-03
+647.5000E-03,-7.0974E-03,+25.3474E-03
+648.0000E-03,-7.0974E-03,+27.6589E-03
+648.5000E-03,-6.6954E-03,+30.5735E-03
+649.0000E-03,-6.4943E-03,+32.5835E-03
+649.5000E-03,-6.5948E-03,+35.3976E-03
+650.0000E-03,-6.5948E-03,+37.6087E-03
+650.5000E-03,-6.4943E-03,+39.9202E-03
+651.0000E-03,-6.0923E-03,+42.7343E-03
+651.5000E-03,-6.0923E-03,+45.0459E-03
+652.0000E-03,-6.2933E-03,+43.2368E-03
+652.5000E-03,-6.4943E-03,+40.7242E-03
+653.0000E-03,-6.2933E-03,+38.1112E-03
+653.5000E-03,-6.1928E-03,+35.7996E-03
+654.0000E-03,-6.2933E-03,+32.9856E-03
+654.5000E-03,-6.5948E-03,+30.7745E-03
+655.0000E-03,-6.4943E-03,+28.2619E-03
+655.5000E-03,-6.0923E-03,+25.2469E-03
+656.0000E-03,-6.6954E-03,+23.2368E-03
+656.5000E-03,-6.7959E-03,+20.6237E-03
+657.0000E-03,-6.5948E-03,+17.9102E-03
+657.5000E-03,-6.2933E-03,+15.0961E-03
+658.0000E-03,-6.9969E-03,+13.0861E-03
+658.5000E-03,-6.8964E-03,+10.3725E-03
+659.0000E-03,-6.9969E-03,+8.0609E-03
+659.5000E-03,-7.1979E-03,+5.0459E-03
+660.0000E-03,-7.2984E-03,+3.1363E-03
+660.5000E-03,-7.7004E-03,+422.7E-06
+661.0000E-03,-7.5999E-03,-1.6878E-03
+661.5000E-03,-7.4994E-03,-4.2004E-03
+662.0000E-03,-7.5999E-03,-7.1149E-03
+662.5000E-03,-7.8009E-03,-9.8285E-03
+663.0000E-03,-8.2029E-03,-11.9391E-03
+663.5000E-03,-8.4039E-03,-14.0496E-03
+664.0000E-03,-7.7004E-03,-16.7632E-03
+664.5000E-03,-8.4039E-03,-19.3763E-03
+665.0000E-03,-8.4039E-03,-21.5873E-03
+665.5000E-03,-8.6049E-03,-24.2004E-03
+666.0000E-03,-8.4039E-03,-26.7129E-03
+666.5000E-03,-8.6049E-03,-28.9240E-03
+667.0000E-03,-9.0069E-03,-31.7381E-03
+667.5000E-03,-9.0069E-03,-34.2506E-03
+668.0000E-03,-9.2079E-03,-36.6627E-03
+668.5000E-03,-8.9064E-03,-39.1753E-03
+669.0000E-03,-9.1074E-03,-41.8888E-03
+669.5000E-03,-9.4089E-03,-44.3009E-03
+670.0000E-03,-8.8059E-03,-47.2155E-03
+670.5000E-03,-9.2079E-03,-49.3260E-03
+671.0000E-03,-9.3084E-03,-51.8386E-03
+671.5000E-03,-9.6099E-03,-53.8486E-03
+672.0000E-03,-9.3084E-03,-52.5421E-03
+672.5000E-03,-9.3084E-03,-50.1300E-03
+673.0000E-03,-9.2079E-03,-47.3160E-03
+673.5000E-03,-8.9064E-03,-44.6024E-03
+674.0000E-03,-8.5044E-03,-42.3913E-03
+674.5000E-03,-8.0019E-03,-39.8788E-03
+675.0000E-03,-8.6049E-03,-37.3662E-03
+675.5000E-03,-8.5044E-03,-34.4516E-03
+676.0000E-03,-8.2029E-03,-32.3411E-03
+676.5000E-03,-8.0019E-03,-29.4265E-03
+677.0000E-03,-8.2029E-03,-27.5170E-03
+677.5000E-03,-8.1024E-03,-25.2054E-03
+678.0000E-03,-7.8009E-03,-22.2908E-03
+678.5000E-03,-8.1024E-03,-19.7783E-03
+679.0000E-03,-8.1024E-03,-16.7632E-03
+679.5000E-03,-7.9014E-03,-15.1552E-03
+680.0000E-03,-8.2029E-03,-12.6426E-03
+680.5000E-03,-7.8009E-03,-9.9290E-03
+681.0000E-03,-7.8009E-03,-7.4165E-03
+681.5000E-03,-7.7004E-03,-4.9039E-03
+682.0000E-03,-8.0019E-03,-2.5923E-03
+682.5000E-03,-7.0974E-03,+20.7E-06
+683.0000E-03,-7.3989E-03,+2.4328E-03
+683.5000E-03,-7.7004E-03,+4.8448E-03
+684.0000E-03,-7.7004E-03,+7.8599E-03
+684.5000E-03,-7.4994E-03,+9.6690E-03
+685.0000E-03,-7.3989E-03,+12.4830E-03
+685.5000E-03,-7.5999E-03,+14.9956E-03
+686.0000E-03,-7.3989E-03,+17.4077E-03
+686.5000E-03,-7.4994E-03,+20.0207E-03
+687.0000E-03,-7.1979E-03,+22.5333E-03
+687.5000E-03,-7.2984E-03,+24.7443E-03
+688.0000E-03,-7.0974E-03,+27.8599E-03
+688.5000E-03,-6.7959E-03,+30.2720E-03
+689.0000E-03,-6.5948E-03,+32.5835E-03
+689.5000E-03,-6.7959E-03,+34.9956E-03
+690.0000E-03,-6.6954E-03,+37.5082E-03
+690.5000E-03,-6.3938E-03,+40.4227E-03
+691.0000E-03,-6.4943E-03,+42.7343E-03
+691.5000E-03,-6.0923E-03,+45.0459E-03
+692.0000E-03,-6.4943E-03,+43.1363E-03
+692.5000E-03,-6.7959E-03,+40.7242E-03
+693.0000E-03,-5.9918E-03,+38.0107E-03
+693.5000E-03,-5.8913E-03,+35.7996E-03
+694.0000E-03,-6.3938E-03,+33.0861E-03
+694.5000E-03,-6.5948E-03,+30.5735E-03
+695.0000E-03,-6.4943E-03,+27.8599E-03
+695.5000E-03,-6.3938E-03,+25.7494E-03
+696.0000E-03,-6.8964E-03,+23.1363E-03
+696.5000E-03,-6.8964E-03,+20.3222E-03
+697.0000E-03,-6.3938E-03,+18.0107E-03
+697.5000E-03,-6.3938E-03,+15.9001E-03
+698.0000E-03,-7.1979E-03,+12.7845E-03
+698.5000E-03,-7.1979E-03,+10.6740E-03
+699.0000E-03,-7.2984E-03,+8.3624E-03
+699.5000E-03,-7.4994E-03,+5.2469E-03
+700.0000E-03,-7.2984E-03,+2.8348E-03
+700.5000E-03,-7.9014E-03,+724.2E-06
+701.0000E-03,-7.2984E-03,-1.8888E-03
+701.5000E-03,-7.3989E-03,-4.2004E-03
+702.0000E-03,-7.7004E-03,-6.6124E-03
+702.5000E-03,-8.3034E-03,-9.5270E-03
+703.0000E-03,-8.5044E-03,-11.8386E-03
+703.5000E-03,-8.2029E-03,-14.3511E-03
+704.0000E-03,-8.3034E-03,-16.4617E-03
+704.5000E-03,-8.7054E-03,-19.5773E-03
+705.0000E-03,-8.4039E-03,-21.6878E-03
+705.5000E-03,-8.6049E-03,-24.4014E-03
+706.0000E-03,-8.9064E-03,-26.2104E-03
+706.5000E-03,-8.9064E-03,-29.0245E-03
+707.0000E-03,-9.3084E-03,-31.8386E-03
+707.5000E-03,-9.0069E-03,-34.5521E-03
+708.0000E-03,-8.9064E-03,-36.4617E-03
+708.5000E-03,-9.3084E-03,-38.9742E-03
+709.0000E-03,-9.7104E-03,-41.4868E-03
+709.5000E-03,-9.4089E-03,-43.8989E-03
+710.0000E-03,-9.3084E-03,-46.7129E-03
+710.5000E-03,-9.8109E-03,-49.4265E-03
+711.0000E-03,-10.1124E-03,-51.6376E-03
+711.5000E-03,-9.4089E-03,-53.6476E-03
+712.0000E-03,-9.8109E-03,-52.2406E-03
+712.5000E-03,-9.5094E-03,-49.6275E-03
+713.0000E-03,-9.1074E-03,-47.2155E-03
+713.5000E-03,-9.2079E-03,-44.4014E-03
+714.0000E-03,-8.8059E-03,-42.1903E-03
+714.5000E-03,-8.6049E-03,-39.3763E-03
+715.0000E-03,-9.0069E-03,-37.2657E-03
+715.5000E-03,-8.8059E-03,-34.9541E-03
+716.0000E-03,-8.2029E-03,-32.3411E-03
+716.5000E-03,-8.4039E-03,-29.2255E-03
+717.0000E-03,-8.2029E-03,-27.4165E-03
+717.5000E-03,-8.2029E-03,-24.3009E-03
+718.0000E-03,-7.8009E-03,-22.6928E-03
+718.5000E-03,-7.8009E-03,-19.7783E-03
+719.0000E-03,-7.8009E-03,-17.0647E-03
+719.5000E-03,-7.9014E-03,-14.9541E-03
+720.0000E-03,-7.7004E-03,-12.2406E-03
+720.5000E-03,-7.9014E-03,-9.6275E-03
+721.0000E-03,-7.5999E-03,-7.3160E-03
+721.5000E-03,-7.9014E-03,-4.8034E-03
+722.0000E-03,-7.7004E-03,-2.0898E-03
+722.5000E-03,-7.0974E-03,+322.2E-06
+723.0000E-03,-7.5999E-03,+2.2318E-03
+723.5000E-03,-7.5999E-03,+4.9454E-03
+724.0000E-03,-7.5999E-03,+7.6589E-03
+724.5000E-03,-7.4994E-03,+10.0710E-03
+725.0000E-03,-7.2984E-03,+12.1815E-03
+725.5000E-03,-7.1979E-03,+15.0961E-03
+726.0000E-03,-6.9969E-03,+17.6087E-03
+726.5000E-03,-6.7959E-03,+20.0207E-03
+727.0000E-03,-6.9969E-03,+22.6338E-03
+727.5000E-03,-7.1979E-03,+25.2469E-03
+728.0000E-03,-6.8964E-03,+27.5584E-03
+728.5000E-03,-6.6954E-03,+30.3725E-03
+729.0000E-03,-6.4943E-03,+32.7845E-03
+729.5000E-03,-6.3938E-03,+35.3976E-03
+730.0000E-03,-6.6954E-03,+37.5082E-03
+730.5000E-03,-6.3938E-03,+39.9202E-03
+731.0000E-03,-6.2933E-03,+42.6338E-03
+731.5000E-03,-6.0923E-03,+44.8448E-03
+732.0000E-03,-6.5948E-03,+43.6388E-03
+732.5000E-03,-6.1928E-03,+40.8247E-03
+733.0000E-03,-5.8913E-03,+38.0107E-03
+733.5000E-03,-6.1928E-03,+35.1966E-03
+734.0000E-03,-6.4943E-03,+32.8850E-03
+734.5000E-03,-6.2933E-03,+30.5735E-03
+735.0000E-03,-6.3938E-03,+27.8599E-03
+735.5000E-03,-6.1928E-03,+25.4479E-03
+736.0000E-03,-6.9969E-03,+22.5333E-03
+736.5000E-03,-6.5948E-03,+20.7242E-03
+737.0000E-03,-6.9969E-03,+17.8097E-03
+737.5000E-03,-6.5948E-03,+15.5986E-03
+738.0000E-03,-6.9969E-03,+12.8850E-03
+738.5000E-03,-6.8964E-03,+10.7745E-03
+739.0000E-03,-6.9969E-03,+8.0609E-03
+739.5000E-03,-7.3989E-03,+5.3474E-03
+740.0000E-03,-7.4994E-03,+2.5333E-03
+740.5000E-03,-7.2984E-03,+523.2E-06
+741.0000E-03,-7.5999E-03,-1.9893E-03
+741.5000E-03,-7.4994E-03,-4.8034E-03
+742.0000E-03,-7.8009E-03,-7.0144E-03
+742.5000E-03,-8.0019E-03,-9.8285E-03
+743.0000E-03,-8.0019E-03,-11.9391E-03
+743.5000E-03,-8.0019E-03,-14.5521E-03
+744.0000E-03,-8.3034E-03,-16.6627E-03
+744.5000E-03,-8.2029E-03,-19.3763E-03
+745.0000E-03,-8.8059E-03,-22.1903E-03
+745.5000E-03,-8.5044E-03,-24.6024E-03
+746.0000E-03,-8.4039E-03,-26.7129E-03
+746.5000E-03,-9.0069E-03,-29.4265E-03
+747.0000E-03,-8.9064E-03,-31.8386E-03
+747.5000E-03,-9.0069E-03,-34.4516E-03
+748.0000E-03,-8.9064E-03,-36.7632E-03
+748.5000E-03,-9.2079E-03,-39.6778E-03
+749.0000E-03,-9.4089E-03,-41.4868E-03
+749.5000E-03,-9.3084E-03,-44.0999E-03
+750.0000E-03,-9.5094E-03,-46.6124E-03
+750.5000E-03,-9.3084E-03,-49.3260E-03
+751.0000E-03,-10.2129E-03,-51.9391E-03
+751.5000E-03,-9.6099E-03,-53.7481E-03
+752.0000E-03,-9.6099E-03,-52.0396E-03
+752.5000E-03,-9.6099E-03,-49.6275E-03
+753.0000E-03,-9.3084E-03,-47.0144E-03
+753.5000E-03,-8.9064E-03,-44.8034E-03
+754.0000E-03,-8.9064E-03,-42.2908E-03
+754.5000E-03,-8.7054E-03,-39.9793E-03
+755.0000E-03,-8.7054E-03,-37.4667E-03
+755.5000E-03,-8.6049E-03,-35.0546E-03
+756.0000E-03,-8.3034E-03,-32.3411E-03
+756.5000E-03,-8.3034E-03,-29.2255E-03
+757.0000E-03,-8.1024E-03,-27.1149E-03
+757.5000E-03,-8.1024E-03,-24.5019E-03
+758.0000E-03,-8.2029E-03,-21.8888E-03
+758.5000E-03,-7.8009E-03,-19.5773E-03
+759.0000E-03,-7.8009E-03,-16.8637E-03
+759.5000E-03,-7.8009E-03,-14.3511E-03
+760.0000E-03,-7.4994E-03,-11.9391E-03
+760.5000E-03,-7.7004E-03,-9.9290E-03
+761.0000E-03,-7.4994E-03,-7.2155E-03
+761.5000E-03,-7.4994E-03,-4.6024E-03
+762.0000E-03,-7.1979E-03,-1.8888E-03
+762.5000E-03,-7.2984E-03,+724.2E-06
+763.0000E-03,-7.5999E-03,+3.0358E-03
+763.5000E-03,-7.3989E-03,+5.2469E-03
+764.0000E-03,-7.2984E-03,+7.6589E-03
+764.5000E-03,-6.9969E-03,+10.2720E-03
+765.0000E-03,-7.1979E-03,+12.5835E-03
+765.5000E-03,-7.5999E-03,+15.0961E-03
+766.0000E-03,-7.0974E-03,+17.4077E-03
+766.5000E-03,-7.1979E-03,+20.0207E-03
+767.0000E-03,-6.6954E-03,+23.0358E-03
+767.5000E-03,-6.6954E-03,+25.1464E-03
+768.0000E-03,-6.7959E-03,+27.9604E-03
+768.5000E-03,-6.4943E-03,+30.4730E-03
+769.0000E-03,-6.2933E-03,+32.9856E-03
+769.5000E-03,-6.9969E-03,+35.1966E-03
+770.0000E-03,-6.1928E-03,+38.2117E-03
+770.5000E-03,-5.9918E-03,+40.2217E-03
+771.0000E-03,-5.9918E-03,+42.8348E-03
+771.5000E-03,-6.0923E-03,+44.9454E-03
+772.0000E-03,-6.4943E-03,+43.2368E-03
+772.5000E-03,-5.8913E-03,+40.8247E-03
+773.0000E-03,-5.9918E-03,+38.4127E-03
+773.5000E-03,-5.9918E-03,+35.7996E-03
+774.0000E-03,-6.1928E-03,+33.2871E-03
+774.5000E-03,-6.2933E-03,+30.8750E-03
+775.0000E-03,-5.9918E-03,+28.3624E-03
+775.5000E-03,-6.1928E-03,+25.9504E-03
+776.0000E-03,-6.5948E-03,+23.5383E-03
+776.5000E-03,-6.7959E-03,+20.6237E-03
+777.0000E-03,-6.5948E-03,+18.5132E-03
+777.5000E-03,-6.4943E-03,+16.2016E-03
+778.0000E-03,-6.9969E-03,+13.3876E-03
+778.5000E-03,-6.7959E-03,+10.7745E-03
+779.0000E-03,-6.6954E-03,+7.8599E-03
+779.5000E-03,-7.2984E-03,+5.6489E-03
+780.0000E-03,-7.4994E-03,+2.9353E-03
+780.5000E-03,-7.0974E-03,+322.2E-06
+781.0000E-03,-7.3989E-03,-2.1903E-03
+781.5000E-03,-7.2984E-03,-4.4014E-03
+782.0000E-03,-7.5999E-03,-6.6124E-03
+782.5000E-03,-8.0019E-03,-9.5270E-03
+783.0000E-03,-7.9014E-03,-11.8386E-03
+783.5000E-03,-7.8009E-03,-14.0496E-03
+784.0000E-03,-8.2029E-03,-16.6627E-03
+784.5000E-03,-8.3034E-03,-19.2758E-03
+785.0000E-03,-8.3034E-03,-21.4868E-03
+785.5000E-03,-8.6049E-03,-23.9994E-03
+786.0000E-03,-9.0069E-03,-26.5119E-03
+786.5000E-03,-8.7054E-03,-29.6275E-03
+787.0000E-03,-9.1074E-03,-31.7381E-03
+787.5000E-03,-8.9064E-03,-34.2506E-03
+788.0000E-03,-9.0069E-03,-36.6627E-03
+788.5000E-03,-9.2079E-03,-39.3763E-03
+789.0000E-03,-9.1074E-03,-41.3863E-03
+789.5000E-03,-9.2079E-03,-44.2004E-03
+790.0000E-03,-9.0069E-03,-46.5119E-03
+790.5000E-03,-9.6099E-03,-49.2255E-03
+791.0000E-03,-9.5094E-03,-51.7381E-03
+791.5000E-03,-9.6099E-03,-54.1501E-03
+792.0000E-03,-9.4089E-03,-52.0396E-03
+792.5000E-03,-9.6099E-03,-49.5270E-03
+793.0000E-03,-9.2079E-03,-46.8134E-03
+793.5000E-03,-9.2079E-03,-44.5019E-03
+794.0000E-03,-8.6049E-03,-42.1903E-03
+794.5000E-03,-9.0069E-03,-39.7783E-03
+795.0000E-03,-8.4039E-03,-37.0647E-03
+795.5000E-03,-8.3034E-03,-34.7531E-03
+796.0000E-03,-8.2029E-03,-32.1401E-03
+796.5000E-03,-8.4039E-03,-29.8285E-03
+797.0000E-03,-8.1024E-03,-27.0144E-03
+797.5000E-03,-7.9014E-03,-24.7029E-03
+798.0000E-03,-7.5999E-03,-21.7883E-03
+798.5000E-03,-7.7004E-03,-19.4768E-03
+799.0000E-03,-7.7004E-03,-16.9642E-03
+799.5000E-03,-7.7004E-03,-14.6526E-03
+800.0000E-03,-7.5999E-03,-11.9391E-03
+800.5000E-03,-7.5999E-03,-9.7280E-03
+801.0000E-03,-7.4994E-03,-7.4165E-03
+801.5000E-03,-7.5999E-03,-4.0999E-03
+802.0000E-03,-7.2984E-03,-2.1903E-03
+802.5000E-03,-7.3989E-03,+20.7E-06
+803.0000E-03,-7.8009E-03,+2.5333E-03
+803.5000E-03,-7.3989E-03,+5.0459E-03
+804.0000E-03,-7.2984E-03,+7.8599E-03
+804.5000E-03,-6.9969E-03,+10.0710E-03
+805.0000E-03,-6.9969E-03,+12.8850E-03
+805.5000E-03,-6.9969E-03,+15.1966E-03
+806.0000E-03,-6.6954E-03,+17.6087E-03
+806.5000E-03,-6.8964E-03,+20.5232E-03
+807.0000E-03,-6.9969E-03,+22.9353E-03
+807.5000E-03,-6.6954E-03,+25.3474E-03
+808.0000E-03,-6.5948E-03,+28.1614E-03
+808.5000E-03,-6.3938E-03,+30.1715E-03
+809.0000E-03,-6.3938E-03,+32.8850E-03
+809.5000E-03,-6.7959E-03,+34.9956E-03
+810.0000E-03,-6.1928E-03,+37.6087E-03
+810.5000E-03,-5.6903E-03,+40.1212E-03
+811.0000E-03,-6.2933E-03,+42.8348E-03
+811.5000E-03,-6.0923E-03,+45.1464E-03
+812.0000E-03,-6.2933E-03,+43.6388E-03
+812.5000E-03,-5.8913E-03,+40.6237E-03
+813.0000E-03,-6.0923E-03,+38.6137E-03
+813.5000E-03,-6.0923E-03,+36.0006E-03
+814.0000E-03,-6.2933E-03,+33.3876E-03
+814.5000E-03,-5.9918E-03,+30.9755E-03
+815.0000E-03,-5.8913E-03,+28.5634E-03
+815.5000E-03,-6.2933E-03,+26.1514E-03
+816.0000E-03,-6.0923E-03,+23.5383E-03
+816.5000E-03,-6.2933E-03,+20.8247E-03
+817.0000E-03,-5.6903E-03,+18.7142E-03
+817.5000E-03,-6.2933E-03,+15.7996E-03
+818.0000E-03,-6.3938E-03,+13.3876E-03
+818.5000E-03,-6.7959E-03,+10.5735E-03
+819.0000E-03,-6.5948E-03,+8.1614E-03
+819.5000E-03,-7.2984E-03,+5.4479E-03
+820.0000E-03,-7.1979E-03,+3.0358E-03
+820.5000E-03,-7.0974E-03,+523.2E-06
+821.0000E-03,-6.9969E-03,-1.5873E-03
+821.5000E-03,-7.1979E-03,-4.0999E-03
+822.0000E-03,-7.8009E-03,-6.6124E-03
+822.5000E-03,-7.9014E-03,-8.9240E-03
+823.0000E-03,-8.2029E-03,-11.7381E-03
+823.5000E-03,-7.4994E-03,-13.8486E-03
+824.0000E-03,-7.9014E-03,-17.1652E-03
+824.5000E-03,-8.2029E-03,-19.0747E-03
+825.0000E-03,-8.3034E-03,-21.8888E-03
+825.5000E-03,-8.7054E-03,-24.3009E-03
+826.0000E-03,-8.9064E-03,-26.5119E-03
+826.5000E-03,-8.6049E-03,-29.2255E-03
+827.0000E-03,-8.8059E-03,-31.8386E-03
+827.5000E-03,-8.8059E-03,-34.3511E-03
+828.0000E-03,-9.1074E-03,-36.3612E-03
+828.5000E-03,-9.3084E-03,-38.9742E-03
+829.0000E-03,-9.3084E-03,-41.7883E-03
+829.5000E-03,-9.5094E-03,-44.0999E-03
+830.0000E-03,-9.5094E-03,-46.3109E-03
+830.5000E-03,-9.6099E-03,-49.0245E-03
+831.0000E-03,-9.9114E-03,-51.0345E-03
+831.5000E-03,-9.9114E-03,-53.7481E-03
+832.0000E-03,-9.5094E-03,-51.7381E-03
+832.5000E-03,-9.5094E-03,-49.4265E-03
+833.0000E-03,-9.3084E-03,-47.2155E-03
+833.5000E-03,-9.3084E-03,-44.2004E-03
+834.0000E-03,-8.7054E-03,-41.9893E-03
+834.5000E-03,-8.7054E-03,-39.7783E-03
+835.0000E-03,-8.3034E-03,-37.1652E-03
+835.5000E-03,-8.4039E-03,-34.6526E-03
+836.0000E-03,-8.3034E-03,-31.5371E-03
+836.5000E-03,-8.1024E-03,-29.4265E-03
+837.0000E-03,-8.1024E-03,-26.8134E-03
+837.5000E-03,-7.8009E-03,-24.8034E-03
+838.0000E-03,-7.9014E-03,-21.8888E-03
+838.5000E-03,-7.8009E-03,-19.8788E-03
+839.0000E-03,-7.8009E-03,-17.1652E-03
+839.5000E-03,-7.3989E-03,-13.6476E-03
+840.0000E-03,-7.2984E-03,-11.9391E-03
+840.5000E-03,-7.4994E-03,-9.5270E-03
+841.0000E-03,-7.7004E-03,-7.5170E-03
+841.5000E-03,-7.4994E-03,-4.2004E-03
+842.0000E-03,-6.9969E-03,-2.2908E-03
+842.5000E-03,-6.8964E-03,+322.2E-06
+843.0000E-03,-7.3989E-03,+2.6338E-03
+843.5000E-03,-7.2984E-03,+5.1464E-03
+844.0000E-03,-6.7959E-03,+7.9604E-03
+844.5000E-03,-7.0974E-03,+10.7745E-03
+845.0000E-03,-7.0974E-03,+12.9856E-03
+845.5000E-03,-6.5948E-03,+15.4981E-03
+846.0000E-03,-6.8964E-03,+18.1112E-03
+846.5000E-03,-6.7959E-03,+20.9253E-03
+847.0000E-03,-6.9969E-03,+23.1363E-03
+847.5000E-03,-6.8964E-03,+25.4479E-03
+848.0000E-03,-6.3938E-03,+28.0609E-03
+848.5000E-03,-5.9918E-03,+30.3725E-03
+849.0000E-03,-6.4943E-03,+33.0861E-03
+849.5000E-03,-6.6954E-03,+35.2971E-03
+850.0000E-03,-6.2933E-03,+37.8097E-03
+850.5000E-03,-5.7908E-03,+40.4227E-03
+851.0000E-03,-5.9918E-03,+42.8348E-03
+851.5000E-03,-5.9918E-03,+44.9454E-03
+852.0000E-03,-5.8913E-03,+43.5383E-03
+852.5000E-03,-6.0923E-03,+41.0258E-03
+853.0000E-03,-5.9918E-03,+38.5132E-03
+853.5000E-03,-6.1928E-03,+35.7996E-03
+854.0000E-03,-5.9918E-03,+33.4881E-03
+854.5000E-03,-6.1928E-03,+30.5735E-03
+855.0000E-03,-5.8913E-03,+28.5634E-03
+855.5000E-03,-6.2933E-03,+25.6489E-03
+856.0000E-03,-6.3938E-03,+23.1363E-03
+856.5000E-03,-6.0923E-03,+21.2268E-03
+857.0000E-03,-6.3938E-03,+18.1112E-03
+857.5000E-03,-6.6954E-03,+16.0006E-03
+858.0000E-03,-6.9969E-03,+13.2871E-03
+858.5000E-03,-6.6954E-03,+10.5735E-03
+859.0000E-03,-6.7959E-03,+7.9604E-03
+859.5000E-03,-7.1979E-03,+5.9504E-03
+860.0000E-03,-7.5999E-03,+3.7393E-03
+860.5000E-03,-7.0974E-03,+1.0258E-03
+861.0000E-03,-7.2984E-03,-1.5873E-03
+861.5000E-03,-7.7004E-03,-3.9994E-03
+862.0000E-03,-7.2984E-03,-6.5119E-03
+862.5000E-03,-7.7004E-03,-9.0245E-03
+863.0000E-03,-7.5999E-03,-11.3361E-03
+863.5000E-03,-7.7004E-03,-13.7481E-03
+864.0000E-03,-8.6049E-03,-16.4617E-03
+864.5000E-03,-8.4039E-03,-18.7732E-03
+865.0000E-03,-8.4039E-03,-21.3863E-03
+865.5000E-03,-8.1024E-03,-23.7984E-03
+866.0000E-03,-9.1074E-03,-26.7129E-03
+866.5000E-03,-8.8059E-03,-28.7230E-03
+867.0000E-03,-8.6049E-03,-31.6376E-03
+867.5000E-03,-9.0069E-03,-34.3511E-03
+868.0000E-03,-9.4089E-03,-36.7632E-03
+868.5000E-03,-9.0069E-03,-38.7732E-03
+869.0000E-03,-9.4089E-03,-41.5873E-03
+869.5000E-03,-9.4089E-03,-43.9994E-03
+870.0000E-03,-9.5094E-03,-46.6124E-03
+870.5000E-03,-9.7104E-03,-48.9240E-03
+871.0000E-03,-9.7104E-03,-51.3361E-03
+871.5000E-03,-9.6099E-03,-53.5471E-03
+872.0000E-03,-9.6099E-03,-51.9391E-03
+872.5000E-03,-9.5094E-03,-49.5270E-03
+873.0000E-03,-9.3084E-03,-46.5119E-03
+873.5000E-03,-8.9064E-03,-44.2004E-03
+874.0000E-03,-8.8059E-03,-41.5873E-03
+874.5000E-03,-9.3084E-03,-39.1753E-03
+875.0000E-03,-8.8059E-03,-36.9642E-03
+875.5000E-03,-8.1024E-03,-34.5521E-03
+876.0000E-03,-8.4039E-03,-31.7381E-03
+876.5000E-03,-8.2029E-03,-29.7280E-03
+877.0000E-03,-8.1024E-03,-26.7129E-03
+877.5000E-03,-8.2029E-03,-24.5019E-03
+878.0000E-03,-8.1024E-03,-21.7883E-03
+878.5000E-03,-8.1024E-03,-19.7783E-03
+879.0000E-03,-7.7004E-03,-16.7632E-03
+879.5000E-03,-7.5999E-03,-14.1501E-03
+880.0000E-03,-7.7004E-03,-11.9391E-03
+880.5000E-03,-7.8009E-03,-9.3260E-03
+881.0000E-03,-7.7004E-03,-6.9139E-03
+881.5000E-03,-7.7004E-03,-3.8989E-03
+882.0000E-03,-7.1979E-03,-1.9893E-03
+882.5000E-03,-7.2984E-03,+422.7E-06
+883.0000E-03,-7.4994E-03,+2.8348E-03
+883.5000E-03,-7.1979E-03,+5.5484E-03
+884.0000E-03,-7.4994E-03,+8.0609E-03
+884.5000E-03,-7.1979E-03,+10.4730E-03
+885.0000E-03,-7.4994E-03,+12.7845E-03
+885.5000E-03,-7.2984E-03,+15.4981E-03
+886.0000E-03,-6.9969E-03,+17.8097E-03
+886.5000E-03,-7.0974E-03,+20.2217E-03
+887.0000E-03,-7.2984E-03,+22.9353E-03
+887.5000E-03,-7.0974E-03,+25.3474E-03
+888.0000E-03,-6.4943E-03,+27.8599E-03
+888.5000E-03,-6.2933E-03,+30.5735E-03
+889.0000E-03,-6.4943E-03,+32.8850E-03
+889.5000E-03,-6.5948E-03,+35.6991E-03
+890.0000E-03,-6.1928E-03,+37.9102E-03
+890.5000E-03,-5.9918E-03,+40.3222E-03
+891.0000E-03,-5.9918E-03,+42.9353E-03
+891.5000E-03,-5.7908E-03,+45.2469E-03
+892.0000E-03,-6.0923E-03,+43.5383E-03
+892.5000E-03,-5.9918E-03,+41.1263E-03
+893.0000E-03,-5.6903E-03,+38.2117E-03
+893.5000E-03,-6.0923E-03,+36.3021E-03
+894.0000E-03,-6.0923E-03,+33.7896E-03
+894.5000E-03,-5.7908E-03,+31.1765E-03
+895.0000E-03,-6.2933E-03,+28.4629E-03
+895.5000E-03,-6.4943E-03,+25.9504E-03
+896.0000E-03,-6.2933E-03,+23.4378E-03
+896.5000E-03,-6.3938E-03,+20.5232E-03
+897.0000E-03,-6.2933E-03,+18.7142E-03
+897.5000E-03,-6.5948E-03,+16.0006E-03
+898.0000E-03,-6.7959E-03,+13.5886E-03
+898.5000E-03,-6.5948E-03,+10.9755E-03
+899.0000E-03,-6.6954E-03,+8.6639E-03
+899.5000E-03,-6.7959E-03,+5.3474E-03
+900.0000E-03,-7.2984E-03,+3.0358E-03
+900.5000E-03,-6.9969E-03,+824.7E-06
+901.0000E-03,-7.1979E-03,-1.3863E-03
+901.5000E-03,-7.3989E-03,-4.4014E-03
+902.0000E-03,-7.4994E-03,-6.8134E-03
+902.5000E-03,-7.8009E-03,-9.2255E-03
+903.0000E-03,-7.9014E-03,-11.6376E-03
+903.5000E-03,-8.2029E-03,-13.7481E-03
+904.0000E-03,-8.3034E-03,-16.7632E-03
+904.5000E-03,-8.2029E-03,-18.9742E-03
+905.0000E-03,-8.1024E-03,-21.6878E-03
+905.5000E-03,-8.4039E-03,-23.7984E-03
+906.0000E-03,-8.7054E-03,-26.3109E-03
+906.5000E-03,-8.7054E-03,-29.1250E-03
+907.0000E-03,-8.5044E-03,-31.5371E-03
+907.5000E-03,-8.9064E-03,-33.7481E-03
+908.0000E-03,-9.5094E-03,-36.4617E-03
+908.5000E-03,-9.1074E-03,-38.9742E-03
+909.0000E-03,-9.5094E-03,-41.5873E-03
+909.5000E-03,-9.4089E-03,-43.6979E-03
+910.0000E-03,-9.5094E-03,-46.3109E-03
+910.5000E-03,-9.4089E-03,-48.7230E-03
+911.0000E-03,-9.7104E-03,-51.7381E-03
+911.5000E-03,-9.8109E-03,-53.4466E-03
+912.0000E-03,-10.2129E-03,-52.5421E-03
+912.5000E-03,-9.7104E-03,-49.2255E-03
+913.0000E-03,-9.7104E-03,-47.0144E-03
+913.5000E-03,-9.0069E-03,-44.4014E-03
+914.0000E-03,-9.2079E-03,-42.2908E-03
+914.5000E-03,-8.9064E-03,-39.5773E-03
+915.0000E-03,-8.7054E-03,-37.2657E-03
+915.5000E-03,-8.4039E-03,-34.6526E-03
+916.0000E-03,-8.0019E-03,-31.8386E-03
+916.5000E-03,-8.0019E-03,-30.0295E-03
+917.0000E-03,-8.1024E-03,-27.1149E-03
+917.5000E-03,-7.9014E-03,-25.0044E-03
+918.0000E-03,-8.0019E-03,-22.2908E-03
+918.5000E-03,-7.8009E-03,-19.6778E-03
+919.0000E-03,-7.9014E-03,-17.3662E-03
+919.5000E-03,-7.8009E-03,-14.9541E-03
+920.0000E-03,-7.9014E-03,-12.4416E-03
+920.5000E-03,-7.3989E-03,-9.9290E-03
+921.0000E-03,-7.4994E-03,-7.0144E-03
+921.5000E-03,-7.4994E-03,-5.2054E-03
+922.0000E-03,-7.3989E-03,-2.3913E-03
+922.5000E-03,-7.7004E-03,-180.3E-06
+923.0000E-03,-7.7004E-03,+2.1313E-03
+923.5000E-03,-7.2984E-03,+4.8448E-03
+924.0000E-03,-7.4994E-03,+7.5584E-03
+924.5000E-03,-7.7004E-03,+9.5685E-03
+925.0000E-03,-7.2984E-03,+12.2820E-03
+925.5000E-03,-6.9969E-03,+14.5936E-03
+926.0000E-03,-6.8964E-03,+17.4077E-03
+926.5000E-03,-7.2984E-03,+19.9202E-03
+927.0000E-03,-7.1979E-03,+22.6338E-03
+927.5000E-03,-6.8964E-03,+25.0459E-03
+928.0000E-03,-6.6954E-03,+27.5584E-03
+928.5000E-03,-6.5948E-03,+30.3725E-03
+929.0000E-03,-6.2933E-03,+32.3825E-03
+929.5000E-03,-6.5948E-03,+34.6941E-03
+930.0000E-03,-6.1928E-03,+37.5082E-03
+930.5000E-03,-6.0923E-03,+40.3222E-03
+931.0000E-03,-6.0923E-03,+42.9353E-03
+931.5000E-03,-6.4943E-03,+44.5433E-03
+932.0000E-03,-5.9918E-03,+42.6338E-03
+932.5000E-03,-5.5898E-03,+40.7242E-03
+933.0000E-03,-6.2933E-03,+38.0107E-03
+933.5000E-03,-5.9918E-03,+35.6991E-03
+934.0000E-03,-5.7908E-03,+33.1866E-03
+934.5000E-03,-6.1928E-03,+30.4730E-03
+935.0000E-03,-6.3938E-03,+27.9604E-03
+935.5000E-03,-6.4943E-03,+25.5484E-03
+936.0000E-03,-6.2933E-03,+23.1363E-03
+936.5000E-03,-6.5948E-03,+20.5232E-03
+937.0000E-03,-6.6954E-03,+17.9102E-03
+937.5000E-03,-7.1979E-03,+15.2971E-03
+938.0000E-03,-6.7959E-03,+13.3876E-03
+938.5000E-03,-6.4943E-03,+10.0710E-03
+939.0000E-03,-6.7959E-03,+7.9604E-03
+939.5000E-03,-7.0974E-03,+5.0459E-03
+940.0000E-03,-7.0974E-03,+2.9353E-03
+940.5000E-03,-7.0974E-03,+422.7E-06
+941.0000E-03,-7.1979E-03,-1.9893E-03
+941.5000E-03,-7.1979E-03,-4.5019E-03
+942.0000E-03,-7.5999E-03,-6.9139E-03
+942.5000E-03,-8.4039E-03,-9.7280E-03
+943.0000E-03,-7.8009E-03,-11.8386E-03
+943.5000E-03,-8.1024E-03,-14.4516E-03
+944.0000E-03,-8.1024E-03,-17.0647E-03
+944.5000E-03,-8.3034E-03,-19.8788E-03
+945.0000E-03,-8.6049E-03,-21.8888E-03
+945.5000E-03,-8.4039E-03,-24.3009E-03
+946.0000E-03,-9.0069E-03,-26.7129E-03
+946.5000E-03,-8.6049E-03,-29.2255E-03
+947.0000E-03,-9.2079E-03,-31.4366E-03
+947.5000E-03,-8.9064E-03,-33.7481E-03
+948.0000E-03,-9.2079E-03,-36.9642E-03
+948.5000E-03,-9.2079E-03,-39.0747E-03
+949.0000E-03,-9.4089E-03,-41.5873E-03
+949.5000E-03,-9.4089E-03,-43.6979E-03
+950.0000E-03,-9.6099E-03,-46.5119E-03
+950.5000E-03,-9.7104E-03,-48.9240E-03
+951.0000E-03,-9.6099E-03,-51.7381E-03
+951.5000E-03,-10.1124E-03,-54.0496E-03
+952.0000E-03,-9.7104E-03,-51.8386E-03
+952.5000E-03,-9.7104E-03,-49.5270E-03
+953.0000E-03,-9.5094E-03,-47.1149E-03
+953.5000E-03,-9.3084E-03,-44.7029E-03
+954.0000E-03,-9.2079E-03,-42.3913E-03
+954.5000E-03,-8.8059E-03,-39.6778E-03
+955.0000E-03,-8.8059E-03,-36.6627E-03
+955.5000E-03,-8.6049E-03,-34.3511E-03
+956.0000E-03,-8.5044E-03,-32.1401E-03
+956.5000E-03,-8.6049E-03,-30.0295E-03
+957.0000E-03,-8.6049E-03,-26.8134E-03
+957.5000E-03,-8.2029E-03,-24.6024E-03
+958.0000E-03,-8.0019E-03,-21.8888E-03
+958.5000E-03,-8.2029E-03,-19.4768E-03
+959.0000E-03,-8.0019E-03,-17.1652E-03
+959.5000E-03,-7.8009E-03,-14.5521E-03
+960.0000E-03,-7.8009E-03,-12.2406E-03
+960.5000E-03,-7.7004E-03,-9.7280E-03
+961.0000E-03,-7.8009E-03,-6.9139E-03
+961.5000E-03,-7.5999E-03,-4.7029E-03
+962.0000E-03,-7.3989E-03,-2.3913E-03
+962.5000E-03,-7.4994E-03,-180.3E-06
+963.0000E-03,-7.5999E-03,+2.4328E-03
+963.5000E-03,-7.2984E-03,+4.6438E-03
+964.0000E-03,-7.1979E-03,+7.9604E-03
+964.5000E-03,-7.3989E-03,+9.8700E-03
+965.0000E-03,-6.8964E-03,+12.9856E-03
+965.5000E-03,-6.9969E-03,+15.3976E-03
+966.0000E-03,-6.8964E-03,+17.7092E-03
+966.5000E-03,-7.0974E-03,+20.0207E-03
+967.0000E-03,-6.7959E-03,+22.8348E-03
+967.5000E-03,-6.7959E-03,+25.1464E-03
+968.0000E-03,-6.6954E-03,+27.5584E-03
+968.5000E-03,-6.5948E-03,+30.0710E-03
+969.0000E-03,-6.5948E-03,+32.8850E-03
+969.5000E-03,-6.7959E-03,+35.1966E-03
+970.0000E-03,-5.9918E-03,+38.0107E-03
+970.5000E-03,-6.6954E-03,+40.5232E-03
+971.0000E-03,-6.1928E-03,+43.1363E-03
+971.5000E-03,-6.1928E-03,+45.4479E-03
+972.0000E-03,-5.9918E-03,+43.5383E-03
+972.5000E-03,-6.1928E-03,+41.0258E-03
+973.0000E-03,-5.8913E-03,+38.7142E-03
+973.5000E-03,-6.0923E-03,+36.0006E-03
+974.0000E-03,-5.7908E-03,+32.9856E-03
+974.5000E-03,-6.3938E-03,+30.7745E-03
+975.0000E-03,-6.3938E-03,+28.7644E-03
+975.5000E-03,-6.4943E-03,+25.9504E-03
+976.0000E-03,-6.1928E-03,+23.4378E-03
+976.5000E-03,-6.4943E-03,+20.9253E-03
+977.0000E-03,-6.6954E-03,+18.6137E-03
+977.5000E-03,-6.6954E-03,+16.0006E-03
+978.0000E-03,-6.7959E-03,+13.1866E-03
+978.5000E-03,-6.5948E-03,+10.7745E-03
+979.0000E-03,-6.9969E-03,+8.4629E-03
+979.5000E-03,-6.8964E-03,+5.6489E-03
+980.0000E-03,-6.8964E-03,+3.7393E-03
+980.5000E-03,-6.8964E-03,+824.7E-06
+981.0000E-03,-7.3989E-03,-1.5873E-03
+981.5000E-03,-7.5999E-03,-4.0999E-03
+982.0000E-03,-7.8009E-03,-6.4114E-03
+982.5000E-03,-7.7004E-03,-9.2255E-03
+983.0000E-03,-8.2029E-03,-11.4366E-03
+983.5000E-03,-7.9014E-03,-14.0496E-03
+984.0000E-03,-8.0019E-03,-16.6627E-03
+984.5000E-03,-8.1024E-03,-18.9742E-03
+985.0000E-03,-8.2029E-03,-21.3863E-03
+985.5000E-03,-8.8059E-03,-23.8989E-03
+986.0000E-03,-8.5044E-03,-26.0094E-03
+986.5000E-03,-9.1074E-03,-28.5220E-03
+987.0000E-03,-8.6049E-03,-31.5371E-03
+987.5000E-03,-8.9064E-03,-34.0496E-03
+988.0000E-03,-9.2079E-03,-35.8587E-03
+988.5000E-03,-9.3084E-03,-38.5722E-03
+989.0000E-03,-9.2079E-03,-41.0848E-03
+989.5000E-03,-9.3084E-03,-43.9994E-03
+990.0000E-03,-9.1074E-03,-46.3109E-03
+990.5000E-03,-9.7104E-03,-49.1250E-03
+991.0000E-03,-9.7104E-03,-51.5371E-03
+991.5000E-03,-9.6099E-03,-53.4466E-03
+992.0000E-03,-9.9114E-03,-52.0396E-03
+992.5000E-03,-9.7104E-03,-48.9240E-03
+993.0000E-03,-9.2079E-03,-46.9139E-03
+993.5000E-03,-9.4089E-03,-44.7029E-03
+994.0000E-03,-8.9064E-03,-41.8888E-03
+994.5000E-03,-9.1074E-03,-39.2758E-03
+995.0000E-03,-8.6049E-03,-37.2657E-03
+995.5000E-03,-8.4039E-03,-34.0496E-03
+996.0000E-03,-8.5044E-03,-31.8386E-03
+996.5000E-03,-8.6049E-03,-29.2255E-03
+997.0000E-03,-8.2029E-03,-26.8134E-03
+997.5000E-03,-7.8009E-03,-24.4014E-03
+998.0000E-03,-8.1024E-03,-21.8888E-03
+998.5000E-03,-7.8009E-03,-19.4768E-03
+999.0000E-03,-8.0019E-03,-16.8637E-03
+999.5000E-03,-7.8009E-03,-14.1501E-03
+1.0000000E+00,-7.7004E-03,-11.7381E-03
+1.0005000E+00,-7.5999E-03,-9.5270E-03
+1.0010000E+00,-7.5999E-03,-6.8134E-03
+1.0015000E+00,-7.4994E-03,-4.6024E-03
+1.0020000E+00,-7.5999E-03,-1.9893E-03
+1.0025000E+00,-7.4994E-03,+221.7E-06
+1.0030000E+00,-7.5999E-03,+3.0358E-03
+1.0035000E+00,-6.9969E-03,+5.6489E-03
+1.0040000E+00,-7.1979E-03,+7.9604E-03
+1.0045000E+00,-7.3989E-03,+10.4730E-03
+1.0050000E+00,-7.4994E-03,+13.2871E-03
+1.0055000E+00,-7.2984E-03,+15.1966E-03
+1.0060000E+00,-7.1979E-03,+18.0107E-03
+1.0065000E+00,-7.0974E-03,+20.5232E-03
+1.0070000E+00,-7.0974E-03,+23.1363E-03
+1.0075000E+00,-6.7959E-03,+25.8499E-03
+1.0080000E+00,-6.8964E-03,+28.3624E-03
+1.0085000E+00,-6.8964E-03,+30.5735E-03
+1.0090000E+00,-6.7959E-03,+33.1866E-03
+1.0095000E+00,-6.2933E-03,+35.7996E-03
+1.0100000E+00,-6.6954E-03,+38.1112E-03
+1.0105000E+00,-6.5948E-03,+40.5232E-03
+1.0110000E+00,-6.0923E-03,+43.4378E-03
+1.0115000E+00,-5.7908E-03,+45.0459E-03
+1.0120000E+00,-6.2933E-03,+43.4378E-03
+1.0125000E+00,-5.9918E-03,+40.9253E-03
+1.0130000E+00,-6.1928E-03,+38.4127E-03
+1.0135000E+00,-6.0923E-03,+35.9001E-03
+1.0140000E+00,-6.3938E-03,+33.5886E-03
+1.0145000E+00,-6.2933E-03,+30.7745E-03
+1.0150000E+00,-6.4943E-03,+28.1614E-03
+1.0155000E+00,-6.3938E-03,+25.7494E-03
+1.0160000E+00,-6.3938E-03,+23.4378E-03
+1.0165000E+00,-6.3938E-03,+21.1263E-03
+1.0170000E+00,-6.9969E-03,+18.5132E-03
+1.0175000E+00,-6.1928E-03,+16.0006E-03
+1.0180000E+00,-6.9969E-03,+13.2871E-03
+1.0185000E+00,-6.5948E-03,+10.4730E-03
+1.0190000E+00,-7.1979E-03,+8.3624E-03
+1.0195000E+00,-7.4994E-03,+5.7494E-03
+1.0200000E+00,-6.9969E-03,+3.1363E-03
+1.0205000E+00,-7.2984E-03,+925.3E-06
+1.0210000E+00,-7.3989E-03,-2.1903E-03
+1.0215000E+00,-7.8009E-03,-3.8989E-03
+1.0220000E+00,-7.1979E-03,-6.4114E-03
+1.0225000E+00,-7.5999E-03,-9.1250E-03
+1.0230000E+00,-7.8009E-03,-11.6376E-03
+1.0235000E+00,-8.1024E-03,-14.1501E-03
+1.0240000E+00,-8.0019E-03,-16.6627E-03
+1.0245000E+00,-8.1024E-03,-18.6727E-03
+1.0250000E+00,-8.4039E-03,-21.4868E-03
+1.0255000E+00,-8.5044E-03,-24.3009E-03
+1.0260000E+00,-8.7054E-03,-26.3109E-03
+1.0265000E+00,-8.5044E-03,-29.1250E-03
+1.0270000E+00,-8.7054E-03,-31.6376E-03
+1.0275000E+00,-9.2079E-03,-34.3511E-03
+1.0280000E+00,-9.1074E-03,-36.4617E-03
+1.0285000E+00,-8.9064E-03,-38.9742E-03
+1.0290000E+00,-9.1074E-03,-41.5873E-03
+1.0295000E+00,-9.5094E-03,-43.8989E-03
+1.0300000E+00,-9.5094E-03,-46.7129E-03
+1.0305000E+00,-9.7104E-03,-49.2255E-03
+1.0310000E+00,-9.4089E-03,-51.7381E-03
+1.0315000E+00,-9.4089E-03,-53.4466E-03
+1.0320000E+00,-10.1124E-03,-51.6376E-03
+1.0325000E+00,-9.2079E-03,-49.5270E-03
+1.0330000E+00,-9.4089E-03,-46.9139E-03
+1.0335000E+00,-9.1074E-03,-44.5019E-03
+1.0340000E+00,-9.5094E-03,-42.0898E-03
+1.0345000E+00,-9.0069E-03,-39.3763E-03
+1.0350000E+00,-8.6049E-03,-37.1652E-03
+1.0355000E+00,-8.8059E-03,-34.6526E-03
+1.0360000E+00,-8.3034E-03,-32.1401E-03
+1.0365000E+00,-8.6049E-03,-29.4265E-03
+1.0370000E+00,-7.9014E-03,-26.8134E-03
+1.0375000E+00,-8.1024E-03,-24.4014E-03
+1.0380000E+00,-8.2029E-03,-22.0898E-03
+1.0385000E+00,-7.9014E-03,-19.5773E-03
+1.0390000E+00,-7.8009E-03,-16.8637E-03
+1.0395000E+00,-7.5999E-03,-14.4516E-03
+1.0400000E+00,-7.5999E-03,-12.0396E-03
+1.0405000E+00,-8.0019E-03,-9.6275E-03
+1.0410000E+00,-7.8009E-03,-7.1149E-03
+1.0415000E+00,-7.1979E-03,-4.4014E-03
+1.0420000E+00,-7.3989E-03,-2.1903E-03
+1.0425000E+00,-7.3989E-03,+523.2E-06
+1.0430000E+00,-7.2984E-03,+2.9353E-03
+1.0435000E+00,-7.1979E-03,+4.9454E-03
+1.0440000E+00,-7.3989E-03,+8.0609E-03
+1.0445000E+00,-7.4994E-03,+10.0710E-03
+1.0450000E+00,-7.1979E-03,+12.3825E-03
+1.0455000E+00,-6.9969E-03,+15.1966E-03
+1.0460000E+00,-6.8964E-03,+17.5082E-03
+1.0465000E+00,-6.5948E-03,+20.0207E-03
+1.0470000E+00,-6.5948E-03,+22.5333E-03
+1.0475000E+00,-6.8964E-03,+25.3474E-03
+1.0480000E+00,-6.5948E-03,+28.0609E-03
+1.0485000E+00,-6.7959E-03,+30.4730E-03
+1.0490000E+00,-6.5948E-03,+33.0861E-03
+1.0495000E+00,-6.5948E-03,+35.1966E-03
+1.0500000E+00,-5.9918E-03,+38.1112E-03
+1.0505000E+00,-6.4943E-03,+40.4227E-03
+1.0510000E+00,-6.1928E-03,+43.0358E-03
+1.0515000E+00,-6.0923E-03,+44.7443E-03
+1.0520000E+00,-5.7908E-03,+43.3373E-03
+1.0525000E+00,-6.4943E-03,+40.7242E-03
+1.0530000E+00,-6.1928E-03,+38.4127E-03
+1.0535000E+00,-5.9918E-03,+36.2016E-03
+1.0540000E+00,-5.9918E-03,+33.2871E-03
+1.0545000E+00,-6.0923E-03,+30.8750E-03
+1.0550000E+00,-6.1928E-03,+28.3624E-03
+1.0555000E+00,-6.3938E-03,+25.7494E-03
+1.0560000E+00,-6.2933E-03,+23.0358E-03
+1.0565000E+00,-6.1928E-03,+21.0258E-03
+1.0570000E+00,-6.4943E-03,+18.4127E-03
+1.0575000E+00,-6.5948E-03,+15.5986E-03
+1.0580000E+00,-6.6954E-03,+13.0861E-03
+1.0585000E+00,-6.3938E-03,+10.5735E-03
+1.0590000E+00,-6.9969E-03,+7.8599E-03
+1.0595000E+00,-6.9969E-03,+5.2469E-03
+1.0600000E+00,-6.9969E-03,+3.0358E-03
+1.0605000E+00,-7.2984E-03,+523.2E-06
+1.0610000E+00,-7.3989E-03,-1.8888E-03
+1.0615000E+00,-7.2984E-03,-4.7029E-03
+1.0620000E+00,-7.3989E-03,-6.9139E-03
+1.0625000E+00,-7.3989E-03,-9.3260E-03
+1.0630000E+00,-8.0019E-03,-12.0396E-03
+1.0635000E+00,-8.1024E-03,-14.1501E-03
+1.0640000E+00,-8.3034E-03,-16.3612E-03
+1.0645000E+00,-8.2029E-03,-19.0747E-03
+1.0650000E+00,-8.4039E-03,-21.9893E-03
+1.0655000E+00,-8.6049E-03,-23.9994E-03
+1.0660000E+00,-8.7054E-03,-27.0144E-03
+1.0665000E+00,-8.6049E-03,-29.3260E-03
+1.0670000E+00,-9.0069E-03,-31.8386E-03
+1.0675000E+00,-9.2079E-03,-34.4516E-03
+1.0680000E+00,-9.0069E-03,-36.8637E-03
+1.0685000E+00,-9.2079E-03,-39.3763E-03
+1.0690000E+00,-9.4089E-03,-41.4868E-03
+1.0695000E+00,-9.4089E-03,-44.4014E-03
+1.0700000E+00,-9.4089E-03,-46.7129E-03
+1.0705000E+00,-9.6099E-03,-49.3260E-03
+1.0710000E+00,-9.4089E-03,-51.4366E-03
+1.0715000E+00,-10.3134E-03,-53.9491E-03
+1.0720000E+00,-9.7104E-03,-51.8386E-03
+1.0725000E+00,-9.2079E-03,-49.8285E-03
+1.0730000E+00,-9.1074E-03,-46.7129E-03
+1.0735000E+00,-9.3084E-03,-45.0044E-03
+1.0740000E+00,-8.9064E-03,-41.6878E-03
+1.0745000E+00,-9.0069E-03,-39.6778E-03
+1.0750000E+00,-8.4039E-03,-37.2657E-03
+1.0755000E+00,-8.5044E-03,-34.7531E-03
+1.0760000E+00,-8.7054E-03,-32.3411E-03
+1.0765000E+00,-8.4039E-03,-29.7280E-03
+1.0770000E+00,-7.9014E-03,-27.0144E-03
+1.0775000E+00,-8.3034E-03,-24.6024E-03
+1.0780000E+00,-8.0019E-03,-21.9893E-03
+1.0785000E+00,-7.9014E-03,-19.8788E-03
+1.0790000E+00,-7.7004E-03,-17.3662E-03
+1.0795000E+00,-7.9014E-03,-14.5521E-03
+1.0800000E+00,-8.1024E-03,-12.3411E-03
+1.0805000E+00,-7.8009E-03,-9.4265E-03
+1.0810000E+00,-7.1979E-03,-7.2155E-03
+1.0815000E+00,-7.2984E-03,-4.6024E-03
+1.0820000E+00,-7.3989E-03,-2.3913E-03
+1.0825000E+00,-7.2984E-03,+121.2E-06
+1.0830000E+00,-7.1979E-03,+2.3323E-03
+1.0835000E+00,-7.2984E-03,+5.0459E-03
+1.0840000E+00,-7.2984E-03,+7.6589E-03
+1.0845000E+00,-7.0974E-03,+10.4730E-03
+1.0850000E+00,-6.9969E-03,+12.2820E-03
+1.0855000E+00,-7.1979E-03,+15.0961E-03
+1.0860000E+00,-7.3989E-03,+17.4077E-03
+1.0865000E+00,-7.0974E-03,+20.0207E-03
+1.0870000E+00,-6.3938E-03,+22.8348E-03
+1.0875000E+00,-6.6954E-03,+25.2469E-03
+1.0880000E+00,-6.7959E-03,+27.9604E-03
+1.0885000E+00,-6.6954E-03,+30.2720E-03
+1.0890000E+00,-6.4943E-03,+32.7845E-03
+1.0895000E+00,-5.9918E-03,+35.3976E-03
+1.0900000E+00,-6.2933E-03,+38.1112E-03
+1.0905000E+00,-6.2933E-03,+40.4227E-03
+1.0910000E+00,-6.5948E-03,+43.1363E-03
+1.0915000E+00,-6.3938E-03,+44.8448E-03
+1.0920000E+00,-5.9918E-03,+43.6388E-03
+1.0925000E+00,-6.0923E-03,+40.8247E-03
+1.0930000E+00,-5.9918E-03,+38.0107E-03
+1.0935000E+00,-6.2933E-03,+35.6991E-03
+1.0940000E+00,-5.8913E-03,+33.3876E-03
+1.0945000E+00,-6.3938E-03,+30.7745E-03
+1.0950000E+00,-6.1928E-03,+28.3624E-03
+1.0955000E+00,-6.4943E-03,+25.7494E-03
+1.0960000E+00,-6.5948E-03,+23.0358E-03
+1.0965000E+00,-6.5948E-03,+20.5232E-03
+1.0970000E+00,-6.5948E-03,+18.2117E-03
+1.0975000E+00,-6.7959E-03,+15.5986E-03
+1.0980000E+00,-6.7959E-03,+13.3876E-03
+1.0985000E+00,-7.0974E-03,+10.8750E-03
+1.0990000E+00,-6.9969E-03,+7.9604E-03
+1.0995000E+00,-6.6954E-03,+5.4479E-03
+1.1000000E+00,-6.9969E-03,+3.1363E-03
+1.1005000E+00,-7.3989E-03,+623.7E-06
+1.1010000E+00,-7.4994E-03,-1.6878E-03
+1.1015000E+00,-7.7004E-03,-4.4014E-03
+1.1020000E+00,-7.5999E-03,-7.1149E-03
+1.1025000E+00,-7.7004E-03,-9.2255E-03
+1.1030000E+00,-7.9014E-03,-11.9391E-03
+1.1035000E+00,-7.9014E-03,-14.4516E-03
+1.1040000E+00,-8.1024E-03,-17.0647E-03
+1.1045000E+00,-8.4039E-03,-19.2758E-03
+1.1050000E+00,-8.5044E-03,-21.6878E-03
+1.1055000E+00,-8.5044E-03,-24.0999E-03
+1.1060000E+00,-8.2029E-03,-26.7129E-03
+1.1065000E+00,-8.4039E-03,-29.2255E-03
+1.1070000E+00,-8.8059E-03,-31.9391E-03
+1.1075000E+00,-9.3084E-03,-34.1501E-03
+1.1080000E+00,-8.7054E-03,-36.5622E-03
+1.1085000E+00,-9.0069E-03,-39.3763E-03
+1.1090000E+00,-9.3084E-03,-41.9893E-03
+1.1095000E+00,-9.4089E-03,-43.9994E-03
+1.1100000E+00,-9.0069E-03,-46.7129E-03
+1.1105000E+00,-9.1074E-03,-48.8235E-03
+1.1110000E+00,-9.5094E-03,-51.7381E-03
+1.1115000E+00,-9.8109E-03,-53.6476E-03
+1.1120000E+00,-9.7104E-03,-52.0396E-03
+1.1125000E+00,-9.5094E-03,-49.6275E-03
+1.1130000E+00,-9.1074E-03,-47.4165E-03
+1.1135000E+00,-9.1074E-03,-44.5019E-03
+1.1140000E+00,-8.9064E-03,-42.1903E-03
+1.1145000E+00,-8.7054E-03,-39.4768E-03
+1.1150000E+00,-8.0019E-03,-36.8637E-03
+1.1155000E+00,-8.4039E-03,-34.6526E-03
+1.1160000E+00,-8.2029E-03,-32.2406E-03
+1.1165000E+00,-8.0019E-03,-29.8285E-03
+1.1170000E+00,-7.5999E-03,-27.0144E-03
+1.1175000E+00,-7.8009E-03,-24.9039E-03
+1.1180000E+00,-8.1024E-03,-22.2908E-03
+1.1185000E+00,-7.9014E-03,-19.5773E-03
+1.1190000E+00,-7.5999E-03,-17.3662E-03
+1.1195000E+00,-7.9014E-03,-14.5521E-03
+1.1200000E+00,-7.9014E-03,-11.9391E-03
+1.1205000E+00,-7.5999E-03,-9.5270E-03
+1.1210000E+00,-7.0974E-03,-7.1149E-03
+1.1215000E+00,-7.0974E-03,-4.7029E-03
+1.1220000E+00,-7.5999E-03,-2.6928E-03
+1.1225000E+00,-7.4994E-03,+523.2E-06
+1.1230000E+00,-7.1979E-03,+2.3323E-03
+1.1235000E+00,-7.5999E-03,+4.7443E-03
+1.1240000E+00,-7.4994E-03,+7.7594E-03
+1.1245000E+00,-7.2984E-03,+10.0710E-03
+1.1250000E+00,-6.7959E-03,+12.1815E-03
+1.1255000E+00,-7.0974E-03,+15.5986E-03
+1.1260000E+00,-7.3989E-03,+17.9102E-03
+1.1265000E+00,-6.8964E-03,+20.1212E-03
+1.1270000E+00,-6.6954E-03,+22.8348E-03
+1.1275000E+00,-6.6954E-03,+25.4479E-03
+1.1280000E+00,-6.5948E-03,+27.8599E-03
+1.1285000E+00,-6.3938E-03,+30.3725E-03
+1.1290000E+00,-5.9918E-03,+32.3825E-03
+1.1295000E+00,-5.8913E-03,+35.5986E-03
+1.1300000E+00,-6.4943E-03,+38.0107E-03
+1.1305000E+00,-6.1928E-03,+40.5232E-03
+1.1310000E+00,-5.6903E-03,+42.9353E-03
+1.1315000E+00,-5.7908E-03,+44.9454E-03
+1.1320000E+00,-5.8913E-03,+43.3373E-03
+1.1325000E+00,-5.9918E-03,+41.1263E-03
+1.1330000E+00,-5.7908E-03,+38.1112E-03
+1.1335000E+00,-5.8913E-03,+35.9001E-03
+1.1340000E+00,-5.9918E-03,+33.3876E-03
+1.1345000E+00,-6.3938E-03,+30.4730E-03
+1.1350000E+00,-6.2933E-03,+28.0609E-03
+1.1355000E+00,-6.5948E-03,+25.4479E-03
+1.1360000E+00,-6.2933E-03,+23.4378E-03
+1.1365000E+00,-6.8964E-03,+20.2217E-03
+1.1370000E+00,-6.3938E-03,+18.6137E-03
+1.1375000E+00,-6.3938E-03,+15.7996E-03
+1.1380000E+00,-6.4943E-03,+13.1866E-03
+1.1385000E+00,-6.6954E-03,+10.4730E-03
+1.1390000E+00,-6.6954E-03,+8.2619E-03
+1.1395000E+00,-7.0974E-03,+5.4479E-03
+1.1400000E+00,-6.9969E-03,+3.1363E-03
+1.1405000E+00,-7.4994E-03,+824.7E-06
+1.1410000E+00,-7.2984E-03,-1.7883E-03
+1.1415000E+00,-7.2984E-03,-4.3009E-03
+1.1420000E+00,-7.3989E-03,-6.6124E-03
+1.1425000E+00,-7.7004E-03,-9.3260E-03
+1.1430000E+00,-8.3034E-03,-11.6376E-03
+1.1435000E+00,-7.7004E-03,-13.9491E-03
+1.1440000E+00,-7.9014E-03,-16.5622E-03
+1.1445000E+00,-8.1024E-03,-18.8737E-03
+1.1450000E+00,-8.2029E-03,-21.8888E-03
+1.1455000E+00,-8.4039E-03,-24.3009E-03
+1.1460000E+00,-8.7054E-03,-26.7129E-03
+1.1465000E+00,-8.4039E-03,-28.8235E-03
+1.1470000E+00,-8.9064E-03,-31.5371E-03
+1.1475000E+00,-8.9064E-03,-34.0496E-03
+1.1480000E+00,-9.0069E-03,-37.0647E-03
+1.1485000E+00,-8.6049E-03,-39.2758E-03
+1.1490000E+00,-9.4089E-03,-42.0898E-03
+1.1495000E+00,-9.1074E-03,-44.2004E-03
+1.1500000E+00,-9.6099E-03,-46.2104E-03
+1.1505000E+00,-9.5094E-03,-48.4215E-03
+1.1510000E+00,-10.1124E-03,-51.6376E-03
+1.1515000E+00,-9.8109E-03,-53.5471E-03
+1.1520000E+00,-10.0119E-03,-52.6426E-03
+1.1525000E+00,-9.7104E-03,-49.5270E-03
+1.1530000E+00,-9.2079E-03,-46.6124E-03
+1.1535000E+00,-9.2079E-03,-44.4014E-03
+1.1540000E+00,-8.9064E-03,-41.8888E-03
+1.1545000E+00,-8.5044E-03,-39.4768E-03
+1.1550000E+00,-8.5044E-03,-37.4667E-03
+1.1555000E+00,-8.6049E-03,-34.6526E-03
+1.1560000E+00,-8.3034E-03,-31.9391E-03
+1.1565000E+00,-8.0019E-03,-29.7280E-03
+1.1570000E+00,-8.4039E-03,-26.6124E-03
+1.1575000E+00,-8.1024E-03,-24.2004E-03
+1.1580000E+00,-8.1024E-03,-22.2908E-03
+1.1585000E+00,-7.4994E-03,-19.6778E-03
+1.1590000E+00,-7.7004E-03,-17.0647E-03
+1.1595000E+00,-7.7004E-03,-15.1552E-03
+1.1600000E+00,-7.8009E-03,-11.9391E-03
+1.1605000E+00,-7.8009E-03,-9.3260E-03
+1.1610000E+00,-6.8964E-03,-7.1149E-03
+1.1615000E+00,-7.3989E-03,-4.8034E-03
+1.1620000E+00,-7.2984E-03,-1.8888E-03
+1.1625000E+00,-7.1979E-03,+724.2E-06
+1.1630000E+00,-7.4994E-03,+3.0358E-03
+1.1635000E+00,-7.3989E-03,+5.4479E-03
+1.1640000E+00,-7.9014E-03,+7.6589E-03
+1.1645000E+00,-7.3989E-03,+10.5735E-03
+1.1650000E+00,-7.1979E-03,+13.2871E-03
+1.1655000E+00,-6.8964E-03,+15.5986E-03
+1.1660000E+00,-6.9969E-03,+17.7092E-03
+1.1665000E+00,-6.7959E-03,+20.5232E-03
+1.1670000E+00,-6.9969E-03,+22.3323E-03
+1.1675000E+00,-6.8964E-03,+25.2469E-03
+1.1680000E+00,-7.1979E-03,+27.6589E-03
+1.1685000E+00,-6.6954E-03,+30.1715E-03
+1.1690000E+00,-6.4943E-03,+32.6840E-03
+1.1695000E+00,-6.4943E-03,+35.3976E-03
+1.1700000E+00,-6.1928E-03,+37.9102E-03
+1.1705000E+00,-6.6954E-03,+40.2217E-03
+1.1710000E+00,-6.4943E-03,+42.6338E-03
+1.1715000E+00,-6.5948E-03,+44.5433E-03
+1.1720000E+00,-6.0923E-03,+43.3373E-03
+1.1725000E+00,-6.3938E-03,+41.1263E-03
+1.1730000E+00,-5.7908E-03,+38.4127E-03
+1.1735000E+00,-6.2933E-03,+36.0006E-03
+1.1740000E+00,-6.3938E-03,+33.2871E-03
+1.1745000E+00,-6.4943E-03,+30.4730E-03
+1.1750000E+00,-6.6954E-03,+28.2619E-03
+1.1755000E+00,-6.2933E-03,+25.7494E-03
+1.1760000E+00,-6.4943E-03,+23.5383E-03
+1.1765000E+00,-6.6954E-03,+20.8247E-03
+1.1770000E+00,-6.3938E-03,+18.4127E-03
+1.1775000E+00,-6.9969E-03,+15.4981E-03
+1.1780000E+00,-6.9969E-03,+12.7845E-03
+1.1785000E+00,-7.3989E-03,+10.4730E-03
+1.1790000E+00,-6.9969E-03,+8.4629E-03
+1.1795000E+00,-7.1979E-03,+5.8499E-03
+1.1800000E+00,-7.2984E-03,+3.3373E-03
+1.1805000E+00,-7.9014E-03,+1.0258E-03
+1.1810000E+00,-7.8009E-03,-1.8888E-03
+1.1815000E+00,-7.5999E-03,-4.0999E-03
+1.1820000E+00,-7.7004E-03,-6.6124E-03
+1.1825000E+00,-8.4039E-03,-9.4265E-03
+1.1830000E+00,-8.5044E-03,-11.7381E-03
+1.1835000E+00,-8.5044E-03,-14.3511E-03
+1.1840000E+00,-8.3034E-03,-16.4617E-03
+1.1845000E+00,-8.9064E-03,-19.3763E-03
+1.1850000E+00,-9.0069E-03,-22.1903E-03
+1.1855000E+00,-9.0069E-03,-24.3009E-03
+1.1860000E+00,-8.8059E-03,-26.8134E-03
+1.1865000E+00,-9.2079E-03,-29.3260E-03
+1.1870000E+00,-9.3084E-03,-31.7381E-03
+1.1875000E+00,-9.4089E-03,-34.1501E-03
+1.1880000E+00,-9.5094E-03,-36.9642E-03
+1.1885000E+00,-9.4089E-03,-39.1753E-03
+1.1890000E+00,-9.8109E-03,-41.7883E-03
+1.1895000E+00,-9.7104E-03,-44.2004E-03
+1.1900000E+00,-9.4089E-03,-46.4114E-03
+1.1905000E+00,-9.6099E-03,-49.0245E-03
+1.1910000E+00,-10.4139E-03,-51.6376E-03
+1.1915000E+00,-10.1124E-03,-53.5471E-03
+1.1920000E+00,-10.0119E-03,-52.3411E-03
+1.1925000E+00,-9.5094E-03,-49.3260E-03
+1.1930000E+00,-9.8109E-03,-47.1149E-03
+1.1935000E+00,-9.4089E-03,-44.7029E-03
+1.1940000E+00,-9.1074E-03,-42.0898E-03
+1.1945000E+00,-8.7054E-03,-39.3763E-03
+1.1950000E+00,-9.1074E-03,-37.3662E-03
+1.1955000E+00,-8.7054E-03,-34.4516E-03
+1.1960000E+00,-8.6049E-03,-31.8386E-03
+1.1965000E+00,-8.5044E-03,-29.8285E-03
+1.1970000E+00,-8.3034E-03,-27.0144E-03
+1.1975000E+00,-8.4039E-03,-24.8034E-03
+1.1980000E+00,-8.0019E-03,-22.4918E-03
+1.1985000E+00,-8.1024E-03,-19.6778E-03
+1.1990000E+00,-8.0019E-03,-16.9642E-03
+1.1995000E+00,-8.1024E-03,-14.8536E-03
+1.2000000E+00,-8.3034E-03,-12.5421E-03
+1.2005000E+00,-8.1024E-03,-10.2305E-03
+1.2010000E+00,-7.8009E-03,-7.5170E-03
+1.2015000E+00,-8.1024E-03,-4.6024E-03
+1.2020000E+00,-7.9014E-03,-2.0898E-03
+1.2025000E+00,-7.5999E-03,-79.8E-06
+1.2030000E+00,-7.7004E-03,+2.4328E-03
+1.2035000E+00,-7.9014E-03,+4.9454E-03
+1.2040000E+00,-8.0019E-03,+7.5584E-03
+1.2045000E+00,-7.4994E-03,+10.4730E-03
+1.2050000E+00,-7.2984E-03,+12.7845E-03
+1.2055000E+00,-7.3989E-03,+15.0961E-03
+1.2060000E+00,-7.3989E-03,+18.0107E-03
+1.2065000E+00,-7.1979E-03,+20.2217E-03
+1.2070000E+00,-7.2984E-03,+22.8348E-03
+1.2075000E+00,-6.9969E-03,+25.3474E-03
+1.2080000E+00,-6.8964E-03,+27.8599E-03
+1.2085000E+00,-7.0974E-03,+30.1715E-03
+1.2090000E+00,-6.7959E-03,+32.8850E-03
+1.2095000E+00,-6.6954E-03,+34.9956E-03
+1.2100000E+00,-6.8964E-03,+37.7092E-03
+1.2105000E+00,-6.2933E-03,+40.3222E-03
+1.2110000E+00,-6.3938E-03,+42.4328E-03
+1.2115000E+00,-6.5948E-03,+44.8448E-03
+1.2120000E+00,-6.0923E-03,+43.5383E-03
+1.2125000E+00,-6.4943E-03,+41.1263E-03
+1.2130000E+00,-6.1928E-03,+38.0107E-03
+1.2135000E+00,-6.0923E-03,+36.0006E-03
+1.2140000E+00,-6.4943E-03,+32.8850E-03
+1.2145000E+00,-6.5948E-03,+30.6740E-03
+1.2150000E+00,-6.1928E-03,+28.0609E-03
+1.2155000E+00,-6.4943E-03,+25.6489E-03
+1.2160000E+00,-6.5948E-03,+23.1363E-03
+1.2165000E+00,-6.9969E-03,+20.3222E-03
+1.2170000E+00,-6.6954E-03,+18.2117E-03
+1.2175000E+00,-6.5948E-03,+15.3976E-03
+1.2180000E+00,-6.8964E-03,+12.8850E-03
+1.2185000E+00,-7.2984E-03,+10.4730E-03
+1.2190000E+00,-7.0974E-03,+8.0609E-03
+1.2195000E+00,-7.0974E-03,+5.4479E-03
+1.2200000E+00,-7.3989E-03,+2.9353E-03
+1.2205000E+00,-7.5999E-03,+322.2E-06
+1.2210000E+00,-7.3989E-03,-1.7883E-03
+1.2215000E+00,-7.7004E-03,-4.5019E-03
+1.2220000E+00,-7.3989E-03,-6.6124E-03
+1.2225000E+00,-7.8009E-03,-9.7280E-03
+1.2230000E+00,-7.9014E-03,-11.5371E-03
+1.2235000E+00,-8.1024E-03,-14.1501E-03
+1.2240000E+00,-8.3034E-03,-16.5622E-03
+1.2245000E+00,-8.5044E-03,-19.4768E-03
+1.2250000E+00,-8.5044E-03,-22.0898E-03
+1.2255000E+00,-8.9064E-03,-24.5019E-03
+1.2260000E+00,-8.3034E-03,-26.8134E-03
+1.2265000E+00,-8.8059E-03,-29.2255E-03
+1.2270000E+00,-8.9064E-03,-31.8386E-03
+1.2275000E+00,-8.7054E-03,-34.2506E-03
+1.2280000E+00,-8.7054E-03,-36.7632E-03
+1.2285000E+00,-9.0069E-03,-39.5773E-03
+1.2290000E+00,-9.2079E-03,-41.4868E-03
+1.2295000E+00,-9.2079E-03,-44.0999E-03
+1.2300000E+00,-9.2079E-03,-46.6124E-03
+1.2305000E+00,-9.6099E-03,-48.9240E-03
+1.2310000E+00,-9.8109E-03,-51.6376E-03
+1.2315000E+00,-10.2129E-03,-53.8486E-03
+1.2320000E+00,-9.6099E-03,-52.2406E-03
+1.2325000E+00,-9.1074E-03,-50.0295E-03
+1.2330000E+00,-9.2079E-03,-47.1149E-03
+1.2335000E+00,-8.8059E-03,-44.6024E-03
+1.2340000E+00,-8.2029E-03,-42.1903E-03
+1.2345000E+00,-8.4039E-03,-39.3763E-03
+1.2350000E+00,-8.9064E-03,-36.9642E-03
+1.2355000E+00,-8.7054E-03,-34.8536E-03
+1.2360000E+00,-8.0019E-03,-32.9441E-03
+1.2365000E+00,-8.2029E-03,-29.9290E-03
+1.2370000E+00,-8.3034E-03,-27.8185E-03
+1.2375000E+00,-8.1024E-03,-24.9039E-03
+1.2380000E+00,-7.9014E-03,-21.8888E-03
+1.2385000E+00,-7.8009E-03,-19.6778E-03
+1.2390000E+00,-7.7004E-03,-17.2657E-03
+1.2395000E+00,-7.9014E-03,-14.9541E-03
+1.2400000E+00,-7.5999E-03,-12.3411E-03
+1.2405000E+00,-7.5999E-03,-10.1300E-03
+1.2410000E+00,-7.3989E-03,-7.2155E-03
+1.2415000E+00,-7.7004E-03,-4.9039E-03
+1.2420000E+00,-7.7004E-03,-2.3913E-03
+1.2425000E+00,-7.7004E-03,-381.3E-06
+1.2430000E+00,-7.3989E-03,+2.3323E-03
+1.2435000E+00,-7.3989E-03,+4.9454E-03
+1.2440000E+00,-7.5999E-03,+7.3574E-03
+1.2445000E+00,-7.2984E-03,+9.9705E-03
+1.2450000E+00,-7.1979E-03,+12.8850E-03
+1.2455000E+00,-7.1979E-03,+15.2971E-03
+1.2460000E+00,-7.0974E-03,+17.8097E-03
+1.2465000E+00,-6.7959E-03,+20.1212E-03
+1.2470000E+00,-6.7959E-03,+22.7343E-03
+1.2475000E+00,-7.0974E-03,+25.3474E-03
+1.2480000E+00,-6.7959E-03,+27.8599E-03
+1.2485000E+00,-6.2933E-03,+30.1715E-03
+1.2490000E+00,-6.1928E-03,+32.6840E-03
+1.2495000E+00,-6.3938E-03,+34.9956E-03
+1.2500000E+00,-6.6954E-03,+37.6087E-03
+1.2505000E+00,-6.0923E-03,+40.3222E-03
+1.2510000E+00,-6.3938E-03,+42.8348E-03
+1.2515000E+00,-6.2933E-03,+44.7443E-03
+1.2520000E+00,-6.4943E-03,+43.1363E-03
+1.2525000E+00,-6.2933E-03,+40.6237E-03
+1.2530000E+00,-6.1928E-03,+37.8097E-03
+1.2535000E+00,-6.0923E-03,+35.4981E-03
+1.2540000E+00,-6.4943E-03,+32.8850E-03
+1.2545000E+00,-6.1928E-03,+30.5735E-03
+1.2550000E+00,-6.4943E-03,+28.1614E-03
+1.2555000E+00,-6.3938E-03,+25.3474E-03
+1.2560000E+00,-6.4943E-03,+22.9353E-03
+1.2565000E+00,-6.4943E-03,+20.6237E-03
+1.2570000E+00,-6.2933E-03,+18.0107E-03
+1.2575000E+00,-6.4943E-03,+15.5986E-03
+1.2580000E+00,-6.9969E-03,+12.8850E-03
+1.2585000E+00,-6.9969E-03,+10.3725E-03
+1.2590000E+00,-6.8964E-03,+7.8599E-03
+1.2595000E+00,-7.0974E-03,+5.0459E-03
+1.2600000E+00,-7.4994E-03,+2.8348E-03
+1.2605000E+00,-7.4994E-03,+523.2E-06
+1.2610000E+00,-7.4994E-03,-1.7883E-03
+1.2615000E+00,-7.7004E-03,-4.2004E-03
+1.2620000E+00,-7.1979E-03,-6.9139E-03
+1.2625000E+00,-8.0019E-03,-9.3260E-03
+1.2630000E+00,-8.4039E-03,-11.4366E-03
+1.2635000E+00,-8.0019E-03,-13.8486E-03
+1.2640000E+00,-8.2029E-03,-17.1652E-03
+1.2645000E+00,-8.4039E-03,-19.3763E-03
+1.2650000E+00,-8.5044E-03,-21.5873E-03
+1.2655000E+00,-8.4039E-03,-24.3009E-03
+1.2660000E+00,-8.5044E-03,-26.3109E-03
+1.2665000E+00,-9.0069E-03,-29.2255E-03
+1.2670000E+00,-8.9064E-03,-31.5371E-03
+1.2675000E+00,-9.0069E-03,-33.9491E-03
+1.2680000E+00,-9.0069E-03,-36.6627E-03
+1.2685000E+00,-9.3084E-03,-39.1753E-03
+1.2690000E+00,-9.5094E-03,-41.8888E-03
+1.2695000E+00,-9.6099E-03,-44.6024E-03
+1.2700000E+00,-9.4089E-03,-47.0144E-03
+1.2705000E+00,-9.7104E-03,-49.1250E-03
+1.2710000E+00,-9.8109E-03,-51.8386E-03
+1.2715000E+00,-9.8109E-03,-53.3461E-03
+1.2720000E+00,-9.5094E-03,-52.1401E-03
+1.2725000E+00,-9.6099E-03,-49.1250E-03
+1.2730000E+00,-9.4089E-03,-46.8134E-03
+1.2735000E+00,-9.1074E-03,-44.5019E-03
+1.2740000E+00,-9.1074E-03,-42.0898E-03
+1.2745000E+00,-9.1074E-03,-39.5773E-03
+1.2750000E+00,-8.8059E-03,-36.5622E-03
+1.2755000E+00,-8.8059E-03,-34.2506E-03
+1.2760000E+00,-8.0019E-03,-32.0396E-03
+1.2765000E+00,-8.3034E-03,-29.4265E-03
+1.2770000E+00,-8.1024E-03,-26.9139E-03
+1.2775000E+00,-7.8009E-03,-24.4014E-03
+1.2780000E+00,-7.7004E-03,-22.1903E-03
+1.2785000E+00,-7.5999E-03,-19.6778E-03
+1.2790000E+00,-7.5999E-03,-17.4667E-03
+1.2795000E+00,-8.1024E-03,-14.2506E-03
+1.2800000E+00,-7.8009E-03,-12.0396E-03
+1.2805000E+00,-7.5999E-03,-9.6275E-03
+1.2810000E+00,-7.2984E-03,-7.1149E-03
+1.2815000E+00,-7.7004E-03,-4.5019E-03
+1.2820000E+00,-6.9969E-03,-2.0898E-03
+1.2825000E+00,-7.0974E-03,+221.7E-06
+1.2830000E+00,-7.3989E-03,+2.4328E-03
+1.2835000E+00,-7.3989E-03,+5.4479E-03
+1.2840000E+00,-7.4994E-03,+7.5584E-03
+1.2845000E+00,-7.2984E-03,+9.9705E-03
+1.2850000E+00,-7.5999E-03,+12.2820E-03
+1.2855000E+00,-7.2984E-03,+14.9956E-03
+1.2860000E+00,-7.2984E-03,+17.6087E-03
+1.2865000E+00,-6.5948E-03,+19.9202E-03
+1.2870000E+00,-6.7959E-03,+22.9353E-03
+1.2875000E+00,-7.1979E-03,+25.2469E-03
+1.2880000E+00,-6.4943E-03,+27.7594E-03
+1.2885000E+00,-6.8964E-03,+30.0710E-03
+1.2890000E+00,-6.1928E-03,+32.8850E-03
+1.2895000E+00,-6.3938E-03,+35.4981E-03
+1.2900000E+00,-6.3938E-03,+37.7092E-03
+1.2905000E+00,-6.0923E-03,+40.4227E-03
+1.2910000E+00,-5.7908E-03,+43.2368E-03
+1.2915000E+00,-6.0923E-03,+44.9454E-03
+1.2920000E+00,-5.7908E-03,+43.4378E-03
+1.2925000E+00,-6.2933E-03,+40.7242E-03
+1.2930000E+00,-5.4893E-03,+38.6137E-03
+1.2935000E+00,-5.8913E-03,+35.5986E-03
+1.2940000E+00,-6.0923E-03,+32.8850E-03
+1.2945000E+00,-6.0923E-03,+30.8750E-03
+1.2950000E+00,-5.8913E-03,+28.2619E-03
+1.2955000E+00,-6.2933E-03,+25.6489E-03
+1.2960000E+00,-6.6954E-03,+22.9353E-03
+1.2965000E+00,-6.0923E-03,+20.5232E-03
+1.2970000E+00,-6.3938E-03,+18.2117E-03
+1.2975000E+00,-6.3938E-03,+15.6991E-03
+1.2980000E+00,-6.6954E-03,+13.3876E-03
+1.2985000E+00,-6.8964E-03,+11.0760E-03
+1.2990000E+00,-6.7959E-03,+8.0609E-03
+1.2995000E+00,-6.8964E-03,+5.8499E-03
+1.3000000E+00,-7.2984E-03,+2.7343E-03
+1.3005000E+00,-7.0974E-03,+1.0258E-03
+1.3010000E+00,-6.9969E-03,-1.2858E-03
+1.3015000E+00,-7.0974E-03,-4.0999E-03
+1.3020000E+00,-7.5999E-03,-7.0144E-03
+1.3025000E+00,-7.7004E-03,-9.5270E-03
+1.3030000E+00,-8.1024E-03,-11.6376E-03
+1.3035000E+00,-7.9014E-03,-14.3511E-03
+1.3040000E+00,-8.0019E-03,-16.8637E-03
+1.3045000E+00,-8.3034E-03,-19.4768E-03
+1.3050000E+00,-8.5044E-03,-21.7883E-03
+1.3055000E+00,-8.2029E-03,-23.8989E-03
+1.3060000E+00,-8.7054E-03,-26.6124E-03
+1.3065000E+00,-8.7054E-03,-29.2255E-03
+1.3070000E+00,-8.3034E-03,-31.6376E-03
+1.3075000E+00,-8.9064E-03,-34.4516E-03
+1.3080000E+00,-8.8059E-03,-36.6627E-03
+1.3085000E+00,-9.0069E-03,-39.3763E-03
+1.3090000E+00,-9.4089E-03,-41.4868E-03
+1.3095000E+00,-9.0069E-03,-44.3009E-03
+1.3100000E+00,-9.1074E-03,-46.8134E-03
+1.3105000E+00,-9.7104E-03,-49.1250E-03
+1.3110000E+00,-9.5094E-03,-51.3361E-03
+1.3115000E+00,-9.7104E-03,-54.2506E-03
+1.3120000E+00,-9.4089E-03,-52.3411E-03
+1.3125000E+00,-9.6099E-03,-49.8285E-03
+1.3130000E+00,-9.3084E-03,-47.2155E-03
+1.3135000E+00,-9.1074E-03,-45.0044E-03
+1.3140000E+00,-9.1074E-03,-41.9893E-03
+1.3145000E+00,-8.8059E-03,-39.5773E-03
+1.3150000E+00,-9.0069E-03,-37.2657E-03
+1.3155000E+00,-8.5044E-03,-34.8536E-03
+1.3160000E+00,-7.7004E-03,-32.6426E-03
+1.3165000E+00,-8.0019E-03,-29.6275E-03
+1.3170000E+00,-8.1024E-03,-27.2155E-03
+1.3175000E+00,-7.9014E-03,-24.6024E-03
+1.3180000E+00,-7.7004E-03,-22.0898E-03
+1.3185000E+00,-7.8009E-03,-19.7783E-03
+1.3190000E+00,-7.8009E-03,-16.6627E-03
+1.3195000E+00,-7.9014E-03,-14.6526E-03
+1.3200000E+00,-7.4994E-03,-12.0396E-03
+1.3205000E+00,-7.3989E-03,-9.6275E-03
+1.3210000E+00,-7.4994E-03,-7.3160E-03
+1.3215000E+00,-7.5999E-03,-4.6024E-03
+1.3220000E+00,-7.2984E-03,-2.2908E-03
+1.3225000E+00,-7.2984E-03,+221.7E-06
+1.3230000E+00,-7.5999E-03,+2.6338E-03
+1.3235000E+00,-7.5999E-03,+5.4479E-03
+1.3240000E+00,-6.9969E-03,+7.5584E-03
+1.3245000E+00,-6.9969E-03,+10.2720E-03
+1.3250000E+00,-7.2984E-03,+12.5835E-03
+1.3255000E+00,-7.2984E-03,+15.2971E-03
+1.3260000E+00,-6.7959E-03,+17.8097E-03
+1.3265000E+00,-6.7959E-03,+20.5232E-03
+1.3270000E+00,-7.1979E-03,+22.7343E-03
+1.3275000E+00,-6.7959E-03,+25.0459E-03
+1.3280000E+00,-6.5948E-03,+27.9604E-03
+1.3285000E+00,-6.2933E-03,+30.2720E-03
+1.3290000E+00,-6.2933E-03,+32.5835E-03
+1.3295000E+00,-6.7959E-03,+34.8951E-03
+1.3300000E+00,-6.2933E-03,+37.7092E-03
+1.3305000E+00,-6.1928E-03,+40.0207E-03
+1.3310000E+00,-5.8913E-03,+42.9353E-03
+1.3315000E+00,-6.1928E-03,+44.6438E-03
+1.3320000E+00,-5.9918E-03,+43.5383E-03
+1.3325000E+00,-5.9918E-03,+40.7242E-03
+1.3330000E+00,-5.8913E-03,+38.3122E-03
+1.3335000E+00,-5.8913E-03,+35.3976E-03
+1.3340000E+00,-6.1928E-03,+33.2871E-03
+1.3345000E+00,-6.2933E-03,+30.5735E-03
+1.3350000E+00,-6.2933E-03,+28.1614E-03
+1.3355000E+00,-6.4943E-03,+25.7494E-03
+1.3360000E+00,-6.3938E-03,+23.1363E-03
+1.3365000E+00,-6.4943E-03,+20.6237E-03
+1.3370000E+00,-6.2933E-03,+18.5132E-03
+1.3375000E+00,-6.7959E-03,+15.7996E-03
+1.3380000E+00,-6.8964E-03,+12.6840E-03
+1.3385000E+00,-6.9969E-03,+10.7745E-03
+1.3390000E+00,-6.5948E-03,+8.1614E-03
+1.3395000E+00,-6.7959E-03,+5.8499E-03
+1.3400000E+00,-7.1979E-03,+2.8348E-03
+1.3405000E+00,-7.7004E-03,+824.7E-06
+1.3410000E+00,-7.3989E-03,-1.9893E-03
+1.3415000E+00,-7.3989E-03,-4.3009E-03
+1.3420000E+00,-8.0019E-03,-6.6124E-03
+1.3425000E+00,-7.9014E-03,-8.9240E-03
+1.3430000E+00,-7.9014E-03,-11.9391E-03
+1.3435000E+00,-8.4039E-03,-14.0496E-03
+1.3440000E+00,-8.1024E-03,-16.8637E-03
+1.3445000E+00,-8.4039E-03,-19.5773E-03
+1.3450000E+00,-8.4039E-03,-21.4868E-03
+1.3455000E+00,-8.5044E-03,-24.0999E-03
+1.3460000E+00,-9.0069E-03,-26.5119E-03
+1.3465000E+00,-9.1074E-03,-29.1250E-03
+1.3470000E+00,-9.3084E-03,-31.8386E-03
+1.3475000E+00,-8.8059E-03,-34.2506E-03
+1.3480000E+00,-9.3084E-03,-36.7632E-03
+1.3485000E+00,-9.7104E-03,-39.4768E-03
+1.3490000E+00,-9.5094E-03,-41.5873E-03
+1.3495000E+00,-9.4089E-03,-44.3009E-03
+1.3500000E+00,-9.5094E-03,-46.9139E-03
+1.3505000E+00,-9.7104E-03,-49.0245E-03
+1.3510000E+00,-9.8109E-03,-51.9391E-03
+1.3515000E+00,-10.1124E-03,-53.7481E-03
+1.3520000E+00,-10.2129E-03,-52.5421E-03
+1.3525000E+00,-9.7104E-03,-49.8285E-03
+1.3530000E+00,-9.3084E-03,-46.9139E-03
+1.3535000E+00,-8.9064E-03,-45.0044E-03
+1.3540000E+00,-8.8059E-03,-41.9893E-03
+1.3545000E+00,-9.0069E-03,-39.6778E-03
+1.3550000E+00,-8.6049E-03,-37.0647E-03
+1.3555000E+00,-8.5044E-03,-34.5521E-03
+1.3560000E+00,-8.4039E-03,-32.1401E-03
+1.3565000E+00,-8.4039E-03,-29.7280E-03
+1.3570000E+00,-8.4039E-03,-27.3160E-03
+1.3575000E+00,-7.9014E-03,-24.7029E-03
+1.3580000E+00,-8.0019E-03,-22.1903E-03
+1.3585000E+00,-7.8009E-03,-19.9793E-03
+1.3590000E+00,-8.0019E-03,-17.4667E-03
+1.3595000E+00,-8.0019E-03,-14.7531E-03
+1.3600000E+00,-7.4994E-03,-12.5421E-03
+1.3605000E+00,-7.4994E-03,-9.7280E-03
+1.3610000E+00,-7.9014E-03,-7.3160E-03
+1.3615000E+00,-7.9014E-03,-4.7029E-03
+1.3620000E+00,-7.5999E-03,-2.2908E-03
+1.3625000E+00,-7.3989E-03,+523.2E-06
+1.3630000E+00,-7.7004E-03,+2.5333E-03
+1.3635000E+00,-7.2984E-03,+4.8448E-03
+1.3640000E+00,-7.2984E-03,+7.6589E-03
+1.3645000E+00,-7.1979E-03,+9.9705E-03
+1.3650000E+00,-7.3989E-03,+12.1815E-03
+1.3655000E+00,-6.9969E-03,+14.9956E-03
+1.3660000E+00,-7.0974E-03,+17.0057E-03
+1.3665000E+00,-6.8964E-03,+20.0207E-03
+1.3670000E+00,-7.4994E-03,+22.7343E-03
+1.3675000E+00,-6.8964E-03,+25.3474E-03
+1.3680000E+00,-6.8964E-03,+27.2569E-03
+1.3685000E+00,-6.9969E-03,+30.3725E-03
+1.3690000E+00,-6.8964E-03,+32.3825E-03
+1.3695000E+00,-6.4943E-03,+35.1966E-03
+1.3700000E+00,-6.6954E-03,+37.5082E-03
+1.3705000E+00,-6.1928E-03,+39.8197E-03
+1.3710000E+00,-5.7908E-03,+42.7343E-03
+1.3715000E+00,-6.1928E-03,+44.6438E-03
+1.3720000E+00,-6.2933E-03,+43.4378E-03
+1.3725000E+00,-5.7908E-03,+40.5232E-03
+1.3730000E+00,-6.0923E-03,+38.1112E-03
+1.3735000E+00,-6.4943E-03,+35.3976E-03
+1.3740000E+00,-5.7908E-03,+32.6840E-03
+1.3745000E+00,-6.1928E-03,+30.5735E-03
+1.3750000E+00,-6.1928E-03,+28.2619E-03
+1.3755000E+00,-6.3938E-03,+25.6489E-03
+1.3760000E+00,-6.4943E-03,+23.7393E-03
+1.3765000E+00,-6.4943E-03,+20.7242E-03
+1.3770000E+00,-6.8964E-03,+18.1112E-03
+1.3775000E+00,-6.3938E-03,+15.7996E-03
+1.3780000E+00,-6.7959E-03,+13.0861E-03
+1.3785000E+00,-6.7959E-03,+10.5735E-03
+1.3790000E+00,-7.1979E-03,+8.2619E-03
+1.3795000E+00,-7.1979E-03,+5.4479E-03
+1.3800000E+00,-7.2984E-03,+2.6338E-03
+1.3805000E+00,-7.3989E-03,+322.2E-06
+1.3810000E+00,-6.8964E-03,-1.5873E-03
+1.3815000E+00,-6.9969E-03,-4.3009E-03
+1.3820000E+00,-7.3989E-03,-6.9139E-03
+1.3825000E+00,-7.4994E-03,-9.6275E-03
+1.3830000E+00,-7.5999E-03,-12.0396E-03
+1.3835000E+00,-7.5999E-03,-14.3511E-03
+1.3840000E+00,-8.2029E-03,-16.6627E-03
+1.3845000E+00,-8.3034E-03,-19.2758E-03
+1.3850000E+00,-8.1024E-03,-21.8888E-03
+1.3855000E+00,-8.6049E-03,-24.2004E-03
+1.3860000E+00,-8.8059E-03,-27.2155E-03
+1.3865000E+00,-8.7054E-03,-29.3260E-03
+1.3870000E+00,-9.0069E-03,-31.9391E-03
+1.3875000E+00,-8.9064E-03,-34.0496E-03
+1.3880000E+00,-8.8059E-03,-36.5622E-03
+1.3885000E+00,-9.1074E-03,-39.3763E-03
+1.3890000E+00,-9.4089E-03,-41.4868E-03
+1.3895000E+00,-9.3084E-03,-43.8989E-03
+1.3900000E+00,-9.5094E-03,-46.2104E-03
+1.3905000E+00,-9.4089E-03,-49.3260E-03
+1.3910000E+00,-9.4089E-03,-51.8386E-03
+1.3915000E+00,-9.5094E-03,-53.4466E-03
+1.3920000E+00,-9.4089E-03,-52.1401E-03
+1.3925000E+00,-9.6099E-03,-49.5270E-03
+1.3930000E+00,-9.2079E-03,-47.1149E-03
+1.3935000E+00,-9.1074E-03,-44.5019E-03
+1.3940000E+00,-8.6049E-03,-42.1903E-03
+1.3945000E+00,-8.9064E-03,-39.6778E-03
+1.3950000E+00,-8.5044E-03,-37.4667E-03
+1.3955000E+00,-8.5044E-03,-34.6526E-03
+1.3960000E+00,-8.3034E-03,-32.0396E-03
+1.3965000E+00,-8.1024E-03,-29.8285E-03
+1.3970000E+00,-8.5044E-03,-27.3160E-03
+1.3975000E+00,-7.8009E-03,-24.8034E-03
+1.3980000E+00,-7.5999E-03,-22.0898E-03
+1.3985000E+00,-7.9014E-03,-19.6778E-03
+1.3990000E+00,-7.5999E-03,-17.4667E-03
+1.3995000E+00,-7.8009E-03,-15.1552E-03
+1.4000000E+00,-7.5999E-03,-12.2406E-03
+1.4005000E+00,-7.7004E-03,-10.1300E-03
+1.4010000E+00,-7.4994E-03,-7.3160E-03
+1.4015000E+00,-7.7004E-03,-5.1049E-03
+1.4020000E+00,-7.7004E-03,-2.3913E-03
+1.4025000E+00,-6.9969E-03,+121.2E-06
+1.4030000E+00,-7.0974E-03,+2.7343E-03
+1.4035000E+00,-7.4994E-03,+4.9454E-03
+1.4040000E+00,-6.9969E-03,+7.5584E-03
+1.4045000E+00,-6.8964E-03,+10.2720E-03
+1.4050000E+00,-7.2984E-03,+12.4830E-03
+1.4055000E+00,-6.9969E-03,+15.1966E-03
+1.4060000E+00,-7.1979E-03,+17.6087E-03
+1.4065000E+00,-6.8964E-03,+19.8197E-03
+1.4070000E+00,-6.7959E-03,+22.4328E-03
+1.4075000E+00,-6.6954E-03,+25.0459E-03
+1.4080000E+00,-6.6954E-03,+27.7594E-03
+1.4085000E+00,-6.2933E-03,+30.2720E-03
+1.4090000E+00,-6.4943E-03,+32.4830E-03
+1.4095000E+00,-6.5948E-03,+34.5936E-03
+1.4100000E+00,-6.4943E-03,+37.7092E-03
+1.4105000E+00,-6.1928E-03,+40.1212E-03
+1.4110000E+00,-6.0923E-03,+42.2318E-03
+1.4115000E+00,-6.0923E-03,+44.6438E-03
+1.4120000E+00,-5.7908E-03,+43.2368E-03
+1.4125000E+00,-5.9918E-03,+40.5232E-03
+1.4130000E+00,-6.0923E-03,+37.8097E-03
+1.4135000E+00,-5.5898E-03,+35.3976E-03
+1.4140000E+00,-6.1928E-03,+33.2871E-03
+1.4145000E+00,-6.1928E-03,+30.6740E-03
+1.4150000E+00,-6.1928E-03,+28.0609E-03
+1.4155000E+00,-6.1928E-03,+25.7494E-03
+1.4160000E+00,-6.7959E-03,+23.1363E-03
+1.4165000E+00,-5.9918E-03,+20.4227E-03
+1.4170000E+00,-6.4943E-03,+18.0107E-03
+1.4175000E+00,-6.6954E-03,+15.2971E-03
+1.4180000E+00,-6.6954E-03,+12.9856E-03
+1.4185000E+00,-6.8964E-03,+10.6740E-03
+1.4190000E+00,-6.5948E-03,+7.7594E-03
+1.4195000E+00,-7.0974E-03,+5.0459E-03
+1.4200000E+00,-6.9969E-03,+2.7343E-03
+1.4205000E+00,-6.7959E-03,+824.7E-06
+1.4210000E+00,-7.3989E-03,-1.6878E-03
+1.4215000E+00,-7.5999E-03,-4.6024E-03
+1.4220000E+00,-7.4994E-03,-6.9139E-03
+1.4225000E+00,-7.7004E-03,-9.5270E-03
+1.4230000E+00,-7.8009E-03,-12.0396E-03
+1.4235000E+00,-7.5999E-03,-14.5521E-03
+1.4240000E+00,-8.4039E-03,-16.8637E-03
+1.4245000E+00,-8.1024E-03,-19.1753E-03
+1.4250000E+00,-8.1024E-03,-21.6878E-03
+1.4255000E+00,-8.5044E-03,-23.9994E-03
+1.4260000E+00,-8.8059E-03,-26.8134E-03
+1.4265000E+00,-8.5044E-03,-29.6275E-03
+1.4270000E+00,-8.3034E-03,-32.1401E-03
+1.4275000E+00,-8.4039E-03,-34.0496E-03
+1.4280000E+00,-8.9064E-03,-37.0647E-03
+1.4285000E+00,-9.2079E-03,-39.0747E-03
+1.4290000E+00,-9.0069E-03,-41.6878E-03
+1.4295000E+00,-8.7054E-03,-43.7984E-03
+1.4300000E+00,-9.3084E-03,-46.5119E-03
+1.4305000E+00,-9.7104E-03,-49.4265E-03
+1.4310000E+00,-9.4089E-03,-51.5371E-03
+1.4315000E+00,-9.0069E-03,-53.6476E-03
+1.4320000E+00,-9.8109E-03,-52.1401E-03
+1.4325000E+00,-9.3084E-03,-49.5270E-03
+1.4330000E+00,-8.8059E-03,-47.4165E-03
+1.4335000E+00,-8.7054E-03,-44.9039E-03
+1.4340000E+00,-8.7054E-03,-41.9893E-03
+1.4345000E+00,-8.9064E-03,-40.0798E-03
+1.4350000E+00,-8.4039E-03,-37.2657E-03
+1.4355000E+00,-8.0019E-03,-34.6526E-03
+1.4360000E+00,-8.1024E-03,-32.3411E-03
+1.4365000E+00,-8.2029E-03,-29.7280E-03
+1.4370000E+00,-8.0019E-03,-27.1149E-03
+1.4375000E+00,-7.8009E-03,-24.9039E-03
+1.4380000E+00,-8.0019E-03,-22.3913E-03
+1.4385000E+00,-7.9014E-03,-19.1753E-03
+1.4390000E+00,-8.2029E-03,-17.5672E-03
+1.4395000E+00,-7.7004E-03,-14.5521E-03
+1.4400000E+00,-7.5999E-03,-12.0396E-03
+1.4405000E+00,-7.4994E-03,-9.9290E-03
+1.4410000E+00,-7.7004E-03,-7.3160E-03
+1.4415000E+00,-7.4994E-03,-4.4014E-03
+1.4420000E+00,-7.0974E-03,-2.5923E-03
+1.4425000E+00,-7.2984E-03,+322.2E-06
+1.4430000E+00,-7.2984E-03,+2.8348E-03
+1.4435000E+00,-7.1979E-03,+5.1464E-03
+1.4440000E+00,-6.7959E-03,+8.0609E-03
+1.4445000E+00,-7.4994E-03,+9.8700E-03
+1.4450000E+00,-7.2984E-03,+12.5835E-03
+1.4455000E+00,-6.9969E-03,+15.3976E-03
+1.4460000E+00,-6.9969E-03,+18.3122E-03
+1.4465000E+00,-7.0974E-03,+20.2217E-03
+1.4470000E+00,-7.0974E-03,+22.4328E-03
+1.4475000E+00,-6.9969E-03,+25.5484E-03
+1.4480000E+00,-6.5948E-03,+27.9604E-03
+1.4485000E+00,-6.2933E-03,+30.5735E-03
+1.4490000E+00,-6.4943E-03,+32.7845E-03
+1.4495000E+00,-6.3938E-03,+35.3976E-03
+1.4500000E+00,-6.2933E-03,+38.0107E-03
+1.4505000E+00,-5.7908E-03,+40.5232E-03
+1.4510000E+00,-6.6954E-03,+42.7343E-03
+1.4515000E+00,-6.3938E-03,+45.0459E-03
+1.4520000E+00,-6.2933E-03,+43.4378E-03
+1.4525000E+00,-5.9918E-03,+40.9253E-03
+1.4530000E+00,-6.1928E-03,+38.3122E-03
+1.4535000E+00,-6.2933E-03,+35.9001E-03
+1.4540000E+00,-6.2933E-03,+33.1866E-03
+1.4545000E+00,-6.1928E-03,+30.4730E-03
+1.4550000E+00,-6.1928E-03,+28.3624E-03
+1.4555000E+00,-6.5948E-03,+25.5484E-03
+1.4560000E+00,-6.1928E-03,+23.4378E-03
+1.4565000E+00,-6.3938E-03,+20.7242E-03
+1.4570000E+00,-6.5948E-03,+18.1112E-03
+1.4575000E+00,-6.8964E-03,+15.1966E-03
+1.4580000E+00,-6.5948E-03,+13.4881E-03
+1.4585000E+00,-6.4943E-03,+10.4730E-03
+1.4590000E+00,-6.8964E-03,+7.7594E-03
+1.4595000E+00,-7.3989E-03,+5.3474E-03
+1.4600000E+00,-7.2984E-03,+3.1363E-03
+1.4605000E+00,-7.4994E-03,+523.2E-06
+1.4610000E+00,-7.1979E-03,-1.6878E-03
+1.4615000E+00,-7.5999E-03,-4.5019E-03
+1.4620000E+00,-7.8009E-03,-7.0144E-03
+1.4625000E+00,-7.2984E-03,-9.3260E-03
+1.4630000E+00,-7.8009E-03,-11.9391E-03
+1.4635000E+00,-8.3034E-03,-14.6526E-03
+1.4640000E+00,-8.3034E-03,-16.6627E-03
+1.4645000E+00,-8.2029E-03,-18.9742E-03
+1.4650000E+00,-8.3034E-03,-21.7883E-03
+1.4655000E+00,-8.6049E-03,-24.3009E-03
+1.4660000E+00,-9.1074E-03,-26.6124E-03
+1.4665000E+00,-9.0069E-03,-29.5270E-03
+1.4670000E+00,-8.8059E-03,-31.9391E-03
+1.4675000E+00,-8.7054E-03,-34.5521E-03
+1.4680000E+00,-9.2079E-03,-36.8637E-03
+1.4685000E+00,-9.5094E-03,-39.0747E-03
+1.4690000E+00,-9.4089E-03,-41.6878E-03
+1.4695000E+00,-9.6099E-03,-43.9994E-03
+1.4700000E+00,-9.6099E-03,-46.9139E-03
+1.4705000E+00,-9.5094E-03,-48.8235E-03
+1.4710000E+00,-9.8109E-03,-51.3361E-03
+1.4715000E+00,-9.9114E-03,-53.7481E-03
+1.4720000E+00,-10.0119E-03,-52.3411E-03
+1.4725000E+00,-9.8109E-03,-49.8285E-03
+1.4730000E+00,-9.3084E-03,-46.9139E-03
+1.4735000E+00,-8.9064E-03,-44.3009E-03
+1.4740000E+00,-9.1074E-03,-41.7883E-03
+1.4745000E+00,-8.8059E-03,-39.4768E-03
+1.4750000E+00,-8.8059E-03,-37.6677E-03
+1.4755000E+00,-7.9014E-03,-35.0546E-03
+1.4760000E+00,-8.3034E-03,-32.1401E-03
+1.4765000E+00,-8.5044E-03,-29.5270E-03
+1.4770000E+00,-8.0019E-03,-27.4165E-03
+1.4775000E+00,-7.8009E-03,-24.9039E-03
+1.4780000E+00,-8.2029E-03,-21.8888E-03
+1.4785000E+00,-8.1024E-03,-19.5773E-03
+1.4790000E+00,-7.9014E-03,-16.7632E-03
+1.4795000E+00,-7.8009E-03,-14.6526E-03
+1.4800000E+00,-7.9014E-03,-12.2406E-03
+1.4805000E+00,-7.4994E-03,-9.6275E-03
+1.4810000E+00,-7.7004E-03,-7.2155E-03
+1.4815000E+00,-7.4994E-03,-4.7029E-03
+1.4820000E+00,-7.2984E-03,-2.0898E-03
+1.4825000E+00,-7.9014E-03,+322.2E-06
+1.4830000E+00,-7.9014E-03,+2.9353E-03
+1.4835000E+00,-7.4994E-03,+5.2469E-03
+1.4840000E+00,-7.0974E-03,+7.9604E-03
+1.4845000E+00,-7.4994E-03,+10.0710E-03
+1.4850000E+00,-7.1979E-03,+12.5835E-03
+1.4855000E+00,-7.7004E-03,+15.0961E-03
+1.4860000E+00,-6.8964E-03,+17.7092E-03
+1.4865000E+00,-7.1979E-03,+20.1212E-03
+1.4870000E+00,-6.9969E-03,+22.5333E-03
+1.4875000E+00,-7.0974E-03,+25.1464E-03
+1.4880000E+00,-6.4943E-03,+27.6589E-03
+1.4885000E+00,-6.6954E-03,+30.5735E-03
+1.4890000E+00,-6.5948E-03,+32.7845E-03
+1.4895000E+00,-6.4943E-03,+35.1966E-03
+1.4900000E+00,-6.3938E-03,+37.8097E-03
+1.4905000E+00,-6.6954E-03,+40.5232E-03
+1.4910000E+00,-6.5948E-03,+43.0358E-03
+1.4915000E+00,-6.0923E-03,+45.0459E-03
+1.4920000E+00,-6.3938E-03,+43.2368E-03
+1.4925000E+00,-6.0923E-03,+40.7242E-03
+1.4930000E+00,-6.2933E-03,+38.5132E-03
+1.4935000E+00,-6.2933E-03,+35.6991E-03
+1.4940000E+00,-6.4943E-03,+33.2871E-03
+1.4945000E+00,-6.1928E-03,+30.6740E-03
+1.4950000E+00,-6.6954E-03,+27.9604E-03
+1.4955000E+00,-6.5948E-03,+25.4479E-03
+1.4960000E+00,-6.4943E-03,+23.0358E-03
+1.4965000E+00,-6.7959E-03,+20.2217E-03
+1.4970000E+00,-6.8964E-03,+18.3122E-03
+1.4975000E+00,-6.6954E-03,+15.7996E-03
+1.4980000E+00,-6.5948E-03,+13.0861E-03
+1.4985000E+00,-6.8964E-03,+10.4730E-03
+1.4990000E+00,-7.1979E-03,+8.2619E-03
+1.4995000E+00,-6.8964E-03,+5.4479E-03
+1.5000000E+00,-7.4994E-03,+3.1363E-03
+1.5005000E+00,-7.2984E-03,+925.3E-06
+1.5010000E+00,-7.4994E-03,-1.9893E-03
+1.5015000E+00,-7.9014E-03,-4.4014E-03
+1.5020000E+00,-7.9014E-03,-6.1099E-03
+1.5025000E+00,-7.5999E-03,-9.5270E-03
+1.5030000E+00,-7.9014E-03,-11.5371E-03
+1.5035000E+00,-8.2029E-03,-14.1501E-03
+1.5040000E+00,-8.5044E-03,-16.5622E-03
+1.5045000E+00,-8.2029E-03,-18.7732E-03
+1.5050000E+00,-8.0019E-03,-21.6878E-03
+1.5055000E+00,-8.4039E-03,-24.3009E-03
+1.5060000E+00,-8.6049E-03,-26.4114E-03
+1.5065000E+00,-8.9064E-03,-29.2255E-03
+1.5070000E+00,-8.7054E-03,-31.5371E-03
+1.5075000E+00,-9.3084E-03,-34.0496E-03
+1.5080000E+00,-9.5094E-03,-36.1602E-03
+1.5085000E+00,-9.6099E-03,-38.8737E-03
+1.5090000E+00,-9.1074E-03,-41.3863E-03
+1.5095000E+00,-9.2079E-03,-43.8989E-03
+1.5100000E+00,-9.4089E-03,-46.6124E-03
+1.5105000E+00,-9.6099E-03,-48.8235E-03
+1.5110000E+00,-9.5094E-03,-51.4366E-03
+1.5115000E+00,-9.9114E-03,-53.7481E-03
+1.5120000E+00,-9.8109E-03,-52.3411E-03
+1.5125000E+00,-9.5094E-03,-49.3260E-03
+1.5130000E+00,-9.3084E-03,-46.5119E-03
+1.5135000E+00,-8.9064E-03,-44.2004E-03
+1.5140000E+00,-8.9064E-03,-42.3913E-03
+1.5145000E+00,-8.9064E-03,-39.4768E-03
+1.5150000E+00,-8.5044E-03,-36.6627E-03
+1.5155000E+00,-8.4039E-03,-34.1501E-03
+1.5160000E+00,-8.5044E-03,-31.9391E-03
+1.5165000E+00,-8.7054E-03,-29.4265E-03
+1.5170000E+00,-8.0019E-03,-26.6124E-03
+1.5175000E+00,-8.1024E-03,-24.5019E-03
+1.5180000E+00,-8.2029E-03,-22.0898E-03
+1.5185000E+00,-8.3034E-03,-19.4768E-03
+1.5190000E+00,-8.0019E-03,-16.7632E-03
+1.5195000E+00,-7.8009E-03,-14.6526E-03
+1.5200000E+00,-7.9014E-03,-11.9391E-03
+1.5205000E+00,-7.8009E-03,-9.8285E-03
+1.5210000E+00,-8.0019E-03,-7.1149E-03
+1.5215000E+00,-7.3989E-03,-4.4014E-03
+1.5220000E+00,-7.3989E-03,-1.7883E-03
+1.5225000E+00,-7.8009E-03,+523.2E-06
+1.5230000E+00,-7.4994E-03,+2.9353E-03
+1.5235000E+00,-7.4994E-03,+5.0459E-03
+1.5240000E+00,-7.4994E-03,+7.5584E-03
+1.5245000E+00,-7.8009E-03,+10.6740E-03
+1.5250000E+00,-7.4994E-03,+12.5835E-03
+1.5255000E+00,-7.1979E-03,+15.1966E-03
+1.5260000E+00,-7.2984E-03,+18.0107E-03
+1.5265000E+00,-7.0974E-03,+20.3222E-03
+1.5270000E+00,-7.0974E-03,+22.7343E-03
+1.5275000E+00,-7.1979E-03,+25.1464E-03
+1.5280000E+00,-6.7959E-03,+27.7594E-03
+1.5285000E+00,-6.7959E-03,+30.5735E-03
+1.5290000E+00,-6.5948E-03,+33.0861E-03
+1.5295000E+00,-6.6954E-03,+35.5986E-03
+1.5300000E+00,-6.3938E-03,+37.7092E-03
+1.5305000E+00,-6.3938E-03,+40.4227E-03
+1.5310000E+00,-6.4943E-03,+42.7343E-03
+1.5315000E+00,-6.4943E-03,+45.4479E-03
+1.5320000E+00,-5.9918E-03,+43.2368E-03
+1.5325000E+00,-6.4943E-03,+41.2268E-03
+1.5330000E+00,-6.4943E-03,+38.2117E-03
+1.5335000E+00,-6.2933E-03,+36.0006E-03
+1.5340000E+00,-6.4943E-03,+33.0861E-03
+1.5345000E+00,-6.1928E-03,+30.4730E-03
+1.5350000E+00,-6.5948E-03,+28.0609E-03
+1.5355000E+00,-6.3938E-03,+25.6489E-03
+1.5360000E+00,-6.5948E-03,+23.0358E-03
+1.5365000E+00,-6.8964E-03,+20.4227E-03
+1.5370000E+00,-6.7959E-03,+18.4127E-03
+1.5375000E+00,-6.8964E-03,+16.0006E-03
+1.5380000E+00,-7.1979E-03,+12.8850E-03
+1.5385000E+00,-6.9969E-03,+10.1715E-03
+1.5390000E+00,-6.9969E-03,+7.7594E-03
+1.5395000E+00,-7.5999E-03,+5.4479E-03
+1.5400000E+00,-7.4994E-03,+3.1363E-03
+1.5405000E+00,-7.3989E-03,+724.2E-06
+1.5410000E+00,-7.7004E-03,-1.7883E-03
+1.5415000E+00,-7.9014E-03,-4.3009E-03
+1.5420000E+00,-7.8009E-03,-7.1149E-03
+1.5425000E+00,-7.5999E-03,-9.5270E-03
+1.5430000E+00,-8.0019E-03,-11.5371E-03
+1.5435000E+00,-8.3034E-03,-13.9491E-03
+1.5440000E+00,-8.6049E-03,-16.5622E-03
+1.5445000E+00,-8.5044E-03,-18.4717E-03
+1.5450000E+00,-8.6049E-03,-21.3863E-03
+1.5455000E+00,-8.8059E-03,-23.8989E-03
+1.5460000E+00,-9.0069E-03,-26.4114E-03
+1.5465000E+00,-8.8059E-03,-29.3260E-03
+1.5470000E+00,-9.1074E-03,-31.4366E-03
+1.5475000E+00,-9.3084E-03,-34.2506E-03
+1.5480000E+00,-9.3084E-03,-36.4617E-03
+1.5485000E+00,-9.2079E-03,-39.2758E-03
+1.5490000E+00,-9.5094E-03,-41.4868E-03
+1.5495000E+00,-9.6099E-03,-44.2004E-03
+1.5500000E+00,-9.4089E-03,-46.5119E-03
+1.5505000E+00,-9.8109E-03,-48.9240E-03
+1.5510000E+00,-9.8109E-03,-51.8386E-03
+1.5515000E+00,-10.1124E-03,-53.3461E-03
+1.5520000E+00,-10.0119E-03,-51.3361E-03
+1.5525000E+00,-9.7104E-03,-49.0245E-03
+1.5530000E+00,-9.4089E-03,-46.3109E-03
+1.5535000E+00,-9.3084E-03,-43.9994E-03
+1.5540000E+00,-8.8059E-03,-41.4868E-03
+1.5545000E+00,-8.8059E-03,-38.8737E-03
+1.5550000E+00,-9.0069E-03,-36.6627E-03
+1.5555000E+00,-8.7054E-03,-34.1501E-03
+1.5560000E+00,-8.7054E-03,-32.0396E-03
+1.5565000E+00,-8.4039E-03,-28.9240E-03
+1.5570000E+00,-8.2029E-03,-27.1149E-03
+1.5575000E+00,-8.2029E-03,-24.4014E-03
+1.5580000E+00,-8.2029E-03,-22.1903E-03
+1.5585000E+00,-8.2029E-03,-19.7783E-03
+1.5590000E+00,-8.0019E-03,-16.8637E-03
+1.5595000E+00,-7.5999E-03,-14.3511E-03
+1.5600000E+00,-8.1024E-03,-12.2406E-03
+1.5605000E+00,-8.1024E-03,-9.0245E-03
+1.5610000E+00,-7.9014E-03,-6.9139E-03
+1.5615000E+00,-8.0019E-03,-4.4014E-03
+1.5620000E+00,-7.5999E-03,-1.9893E-03
+1.5625000E+00,-7.7004E-03,+623.7E-06
+1.5630000E+00,-7.8009E-03,+2.2318E-03
+1.5635000E+00,-7.1979E-03,+4.9454E-03
+1.5640000E+00,-7.3989E-03,+7.8599E-03
+1.5645000E+00,-7.5999E-03,+9.7695E-03
+1.5650000E+00,-7.2984E-03,+12.2820E-03
+1.5655000E+00,-7.1979E-03,+15.0961E-03
+1.5660000E+00,-7.1979E-03,+17.9102E-03
+1.5665000E+00,-7.0974E-03,+20.2217E-03
+1.5670000E+00,-6.7959E-03,+23.1363E-03
+1.5675000E+00,-7.0974E-03,+24.8448E-03
+1.5680000E+00,-6.5948E-03,+27.9604E-03
+1.5685000E+00,-6.7959E-03,+30.3725E-03
+1.5690000E+00,-6.6954E-03,+32.6840E-03
+1.5695000E+00,-6.4943E-03,+35.5986E-03
+1.5700000E+00,-6.3938E-03,+38.4127E-03
+1.5705000E+00,-6.3938E-03,+40.4227E-03
+1.5710000E+00,-6.0923E-03,+43.2368E-03
+1.5715000E+00,-6.2933E-03,+45.0459E-03
+1.5720000E+00,-5.9918E-03,+43.5383E-03
+1.5725000E+00,-6.1928E-03,+40.8247E-03
+1.5730000E+00,-5.9918E-03,+38.1112E-03
+1.5735000E+00,-6.3938E-03,+36.3021E-03
+1.5740000E+00,-6.0923E-03,+33.3876E-03
+1.5745000E+00,-6.2933E-03,+30.6740E-03
+1.5750000E+00,-6.6954E-03,+28.7644E-03
+1.5755000E+00,-6.3938E-03,+25.5484E-03
+1.5760000E+00,-5.8913E-03,+23.3373E-03
+1.5765000E+00,-6.3938E-03,+20.7242E-03
+1.5770000E+00,-6.5948E-03,+18.4127E-03
+1.5775000E+00,-6.8964E-03,+15.7996E-03
+1.5780000E+00,-6.6954E-03,+13.4881E-03
+1.5785000E+00,-6.7959E-03,+11.0760E-03
+1.5790000E+00,-7.1979E-03,+7.8599E-03
+1.5795000E+00,-6.9969E-03,+6.0509E-03
+1.5800000E+00,-7.1979E-03,+2.8348E-03
+1.5805000E+00,-6.9969E-03,+824.7E-06
+1.5810000E+00,-7.2984E-03,-1.7883E-03
+1.5815000E+00,-7.5999E-03,-4.3009E-03
+1.5820000E+00,-7.2984E-03,-6.6124E-03
+1.5825000E+00,-7.8009E-03,-9.1250E-03
+1.5830000E+00,-8.1024E-03,-11.8386E-03
+1.5835000E+00,-8.2029E-03,-13.4466E-03
+1.5840000E+00,-8.3034E-03,-16.0597E-03
+1.5845000E+00,-8.2029E-03,-19.0747E-03
+1.5850000E+00,-8.5044E-03,-21.7883E-03
+1.5855000E+00,-8.7054E-03,-24.4014E-03
+1.5860000E+00,-8.6049E-03,-26.3109E-03
+1.5865000E+00,-8.7054E-03,-29.2255E-03
+1.5870000E+00,-8.9064E-03,-31.6376E-03
+1.5875000E+00,-8.8059E-03,-34.1501E-03
+1.5880000E+00,-8.9064E-03,-36.3612E-03
+1.5885000E+00,-8.6049E-03,-39.0747E-03
+1.5890000E+00,-9.2079E-03,-41.5873E-03
+1.5895000E+00,-9.7104E-03,-44.0999E-03
+1.5900000E+00,-9.3084E-03,-46.4114E-03
+1.5905000E+00,-9.2079E-03,-49.3260E-03
+1.5910000E+00,-9.3084E-03,-51.6376E-03
+1.5915000E+00,-9.6099E-03,-53.8486E-03
+1.5920000E+00,-9.2079E-03,-51.8386E-03
+1.5925000E+00,-9.4089E-03,-49.2255E-03
+1.5930000E+00,-9.0069E-03,-47.0144E-03
+1.5935000E+00,-8.9064E-03,-44.3009E-03
+1.5940000E+00,-8.9064E-03,-42.2908E-03
+1.5945000E+00,-8.3034E-03,-39.2758E-03
+1.5950000E+00,-7.8009E-03,-36.7632E-03
+1.5955000E+00,-8.2029E-03,-34.8536E-03
+1.5960000E+00,-8.3034E-03,-32.2406E-03
+1.5965000E+00,-8.2029E-03,-29.6275E-03
+1.5970000E+00,-7.7004E-03,-26.9139E-03
+1.5975000E+00,-8.0019E-03,-24.5019E-03
+1.5980000E+00,-7.8009E-03,-21.9893E-03
+1.5985000E+00,-7.4994E-03,-19.3763E-03
+1.5990000E+00,-7.3989E-03,-16.8637E-03
+1.5995000E+00,-7.7004E-03,-14.6526E-03
+1.6000000E+00,-7.7004E-03,-12.2406E-03
+1.6005000E+00,-7.7004E-03,-9.5270E-03
+1.6010000E+00,-7.2984E-03,-7.2155E-03
+1.6015000E+00,-7.2984E-03,-4.6024E-03
+1.6020000E+00,-8.0019E-03,-2.3913E-03
+1.6025000E+00,-7.7004E-03,+523.2E-06
+1.6030000E+00,-7.2984E-03,+2.6338E-03
+1.6035000E+00,-7.2984E-03,+5.0459E-03
+1.6040000E+00,-7.1979E-03,+7.3574E-03
+1.6045000E+00,-7.0974E-03,+10.4730E-03
+1.6050000E+00,-6.9969E-03,+12.7845E-03
+1.6055000E+00,-6.7959E-03,+15.5986E-03
+1.6060000E+00,-6.9969E-03,+18.0107E-03
+1.6065000E+00,-6.9969E-03,+20.2217E-03
+1.6070000E+00,-7.0974E-03,+22.9353E-03
+1.6075000E+00,-6.5948E-03,+25.4479E-03
+1.6080000E+00,-6.2933E-03,+27.9604E-03
+1.6085000E+00,-6.7959E-03,+30.3725E-03
+1.6090000E+00,-6.7959E-03,+33.0861E-03
+1.6095000E+00,-6.2933E-03,+35.4981E-03
+1.6100000E+00,-6.5948E-03,+38.0107E-03
+1.6105000E+00,-6.2933E-03,+40.3222E-03
+1.6110000E+00,-6.6954E-03,+43.0358E-03
+1.6115000E+00,-5.9918E-03,+45.2469E-03
+1.6120000E+00,-5.9918E-03,+43.4378E-03
+1.6125000E+00,-6.3938E-03,+40.9253E-03
+1.6130000E+00,-6.1928E-03,+38.3122E-03
+1.6135000E+00,-6.1928E-03,+35.9001E-03
+1.6140000E+00,-6.1928E-03,+33.1866E-03
+1.6145000E+00,-6.3938E-03,+30.8750E-03
+1.6150000E+00,-6.2933E-03,+28.6639E-03
+1.6155000E+00,-6.0923E-03,+26.2519E-03
+1.6160000E+00,-6.2933E-03,+23.5383E-03
+1.6165000E+00,-6.4943E-03,+21.0258E-03
+1.6170000E+00,-6.2933E-03,+18.3122E-03
+1.6175000E+00,-6.7959E-03,+15.2971E-03
+1.6180000E+00,-6.8964E-03,+12.9856E-03
+1.6185000E+00,-7.2984E-03,+10.6740E-03
+1.6190000E+00,-6.5948E-03,+8.1614E-03
+1.6195000E+00,-6.9969E-03,+5.2469E-03
+1.6200000E+00,-7.3989E-03,+3.0358E-03
+1.6205000E+00,-7.4994E-03,+724.2E-06
+1.6210000E+00,-7.4994E-03,-1.6878E-03
+1.6215000E+00,-6.8964E-03,-4.4014E-03
+1.6220000E+00,-7.4994E-03,-6.8134E-03
+1.6225000E+00,-7.4994E-03,-8.9240E-03
+1.6230000E+00,-8.2029E-03,-11.7381E-03
+1.6235000E+00,-8.0019E-03,-14.3511E-03
+1.6240000E+00,-8.1024E-03,-16.6627E-03
+1.6245000E+00,-8.0019E-03,-18.8737E-03
+1.6250000E+00,-8.8059E-03,-21.6878E-03
+1.6255000E+00,-8.6049E-03,-24.4014E-03
+1.6260000E+00,-8.3034E-03,-26.0094E-03
+1.6265000E+00,-8.6049E-03,-29.2255E-03
+1.6270000E+00,-8.9064E-03,-31.5371E-03
+1.6275000E+00,-9.0069E-03,-33.7481E-03
+1.6280000E+00,-9.2079E-03,-36.1602E-03
+1.6285000E+00,-9.1074E-03,-39.1753E-03
+1.6290000E+00,-9.5094E-03,-41.6878E-03
+1.6295000E+00,-9.5094E-03,-43.9994E-03
+1.6300000E+00,-9.5094E-03,-46.5119E-03
+1.6305000E+00,-9.7104E-03,-49.0245E-03
+1.6310000E+00,-9.5094E-03,-51.5371E-03
+1.6315000E+00,-9.8109E-03,-53.5471E-03
+1.6320000E+00,-9.7104E-03,-52.0396E-03
+1.6325000E+00,-9.6099E-03,-49.4265E-03
+1.6330000E+00,-9.0069E-03,-46.7129E-03
+1.6335000E+00,-9.0069E-03,-44.5019E-03
+1.6340000E+00,-9.0069E-03,-41.5873E-03
+1.6345000E+00,-8.7054E-03,-39.3763E-03
+1.6350000E+00,-8.6049E-03,-36.8637E-03
+1.6355000E+00,-9.2079E-03,-34.4516E-03
+1.6360000E+00,-8.7054E-03,-31.8386E-03
+1.6365000E+00,-7.8009E-03,-29.3260E-03
+1.6370000E+00,-8.4039E-03,-27.0144E-03
+1.6375000E+00,-8.4039E-03,-24.4014E-03
+1.6380000E+00,-8.5044E-03,-22.0898E-03
+1.6385000E+00,-8.0019E-03,-19.7783E-03
+1.6390000E+00,-8.0019E-03,-16.9642E-03
+1.6395000E+00,-7.8009E-03,-13.9491E-03
+1.6400000E+00,-7.8009E-03,-11.5371E-03
+1.6405000E+00,-7.4994E-03,-9.7280E-03
+1.6410000E+00,-7.2984E-03,-6.7129E-03
+1.6415000E+00,-7.1979E-03,-4.6024E-03
+1.6420000E+00,-7.4994E-03,-2.2908E-03
+1.6425000E+00,-7.5999E-03,+422.7E-06
+1.6430000E+00,-7.3989E-03,+2.5333E-03
+1.6435000E+00,-7.5999E-03,+5.6489E-03
+1.6440000E+00,-7.3989E-03,+7.4579E-03
+1.6445000E+00,-7.4994E-03,+10.3725E-03
+1.6450000E+00,-7.0974E-03,+12.5835E-03
+1.6455000E+00,-6.8964E-03,+15.5986E-03
+1.6460000E+00,-7.3989E-03,+17.9102E-03
+1.6465000E+00,-6.9969E-03,+20.8247E-03
+1.6470000E+00,-7.1979E-03,+22.7343E-03
+1.6475000E+00,-6.7959E-03,+25.3474E-03
+1.6480000E+00,-6.7959E-03,+27.6589E-03
+1.6485000E+00,-6.8964E-03,+30.4730E-03
+1.6490000E+00,-6.5948E-03,+32.8850E-03
+1.6495000E+00,-6.2933E-03,+35.5986E-03
+1.6500000E+00,-6.3938E-03,+38.0107E-03
+1.6505000E+00,-6.4943E-03,+40.1212E-03
+1.6510000E+00,-6.1928E-03,+43.2368E-03
+1.6515000E+00,-6.2933E-03,+44.7443E-03
+1.6520000E+00,-6.3938E-03,+43.2368E-03
+1.6525000E+00,-6.4943E-03,+40.5232E-03
+1.6530000E+00,-6.1928E-03,+38.6137E-03
+1.6535000E+00,-5.6903E-03,+36.0006E-03
+1.6540000E+00,-5.8913E-03,+33.1866E-03
+1.6545000E+00,-6.4943E-03,+30.7745E-03
+1.6550000E+00,-6.5948E-03,+28.3624E-03
+1.6555000E+00,-6.0923E-03,+25.3474E-03
+1.6560000E+00,-6.1928E-03,+23.3373E-03
+1.6565000E+00,-6.5948E-03,+20.7242E-03
+1.6570000E+00,-6.3938E-03,+18.2117E-03
+1.6575000E+00,-6.6954E-03,+15.7996E-03
+1.6580000E+00,-6.4943E-03,+13.2871E-03
+1.6585000E+00,-6.8964E-03,+10.7745E-03
+1.6590000E+00,-7.1979E-03,+8.1614E-03
+1.6595000E+00,-6.6954E-03,+5.5484E-03
+1.6600000E+00,-6.7959E-03,+3.1363E-03
+1.6605000E+00,-7.2984E-03,+523.2E-06
+1.6610000E+00,-7.4994E-03,-1.7883E-03
+1.6615000E+00,-7.2984E-03,-4.4014E-03
+1.6620000E+00,-7.4994E-03,-6.9139E-03
+1.6625000E+00,-7.8009E-03,-9.2255E-03
+1.6630000E+00,-7.9014E-03,-11.8386E-03
+1.6635000E+00,-7.9014E-03,-14.3511E-03
+1.6640000E+00,-7.9014E-03,-16.5622E-03
+1.6645000E+00,-8.2029E-03,-18.7732E-03
+1.6650000E+00,-8.6049E-03,-21.6878E-03
+1.6655000E+00,-8.5044E-03,-24.2004E-03
+1.6660000E+00,-8.6049E-03,-26.6124E-03
+1.6665000E+00,-8.9064E-03,-29.4265E-03
+1.6670000E+00,-9.3084E-03,-32.1401E-03
+1.6675000E+00,-9.1074E-03,-34.1501E-03
+1.6680000E+00,-8.7054E-03,-36.9642E-03
+1.6685000E+00,-8.7054E-03,-38.9742E-03
+1.6690000E+00,-9.1074E-03,-41.5873E-03
+1.6695000E+00,-9.5094E-03,-44.0999E-03
+1.6700000E+00,-9.5094E-03,-46.5119E-03
+1.6705000E+00,-9.2079E-03,-49.2255E-03
+1.6710000E+00,-9.7104E-03,-51.8386E-03
+1.6715000E+00,-10.1124E-03,-53.9491E-03
+1.6720000E+00,-9.3084E-03,-51.8386E-03
+1.6725000E+00,-9.3084E-03,-49.7280E-03
+1.6730000E+00,-9.1074E-03,-47.2155E-03
+1.6735000E+00,-9.0069E-03,-44.6024E-03
+1.6740000E+00,-8.9064E-03,-41.8888E-03
+1.6745000E+00,-8.7054E-03,-39.9793E-03
+1.6750000E+00,-8.4039E-03,-36.8637E-03
+1.6755000E+00,-8.7054E-03,-34.5521E-03
+1.6760000E+00,-8.7054E-03,-31.7381E-03
+1.6765000E+00,-8.1024E-03,-29.3260E-03
+1.6770000E+00,-8.0019E-03,-26.6124E-03
+1.6775000E+00,-8.3034E-03,-24.8034E-03
+1.6780000E+00,-7.9014E-03,-21.7883E-03
+1.6785000E+00,-7.5999E-03,-19.5773E-03
+1.6790000E+00,-7.7004E-03,-16.7632E-03
+1.6795000E+00,-7.7004E-03,-14.6526E-03
+1.6800000E+00,-7.8009E-03,-12.0396E-03
+1.6805000E+00,-7.3989E-03,-9.5270E-03
+1.6810000E+00,-7.1979E-03,-7.1149E-03
+1.6815000E+00,-7.7004E-03,-4.3009E-03
+1.6820000E+00,-7.8009E-03,-1.7883E-03
+1.6825000E+00,-7.7004E-03,+221.7E-06
+1.6830000E+00,-7.4994E-03,+2.2318E-03
+1.6835000E+00,-7.2984E-03,+4.6438E-03
+1.6840000E+00,-7.5999E-03,+7.5584E-03
+1.6845000E+00,-7.1979E-03,+9.9705E-03
+1.6850000E+00,-7.5999E-03,+12.8850E-03
+1.6855000E+00,-7.0974E-03,+15.3976E-03
+1.6860000E+00,-7.3989E-03,+17.6087E-03
+1.6865000E+00,-6.9969E-03,+19.9202E-03
+1.6870000E+00,-6.5948E-03,+22.6338E-03
+1.6875000E+00,-6.4943E-03,+25.5484E-03
+1.6880000E+00,-6.7959E-03,+27.5584E-03
+1.6885000E+00,-6.5948E-03,+29.8700E-03
+1.6890000E+00,-6.7959E-03,+32.6840E-03
+1.6895000E+00,-6.2933E-03,+35.4981E-03
+1.6900000E+00,-6.4943E-03,+38.1112E-03
+1.6905000E+00,-6.5948E-03,+40.6237E-03
+1.6910000E+00,-6.0923E-03,+42.7343E-03
+1.6915000E+00,-5.7908E-03,+44.6438E-03
+1.6920000E+00,-5.9918E-03,+43.3373E-03
+1.6925000E+00,-6.3938E-03,+40.4227E-03
+1.6930000E+00,-5.7908E-03,+38.4127E-03
+1.6935000E+00,-5.9918E-03,+35.2971E-03
+1.6940000E+00,-6.1928E-03,+33.2871E-03
+1.6945000E+00,-6.2933E-03,+30.7745E-03
+1.6950000E+00,-6.1928E-03,+27.8599E-03
+1.6955000E+00,-6.1928E-03,+25.4479E-03
+1.6960000E+00,-6.4943E-03,+23.0358E-03
+1.6965000E+00,-6.5948E-03,+20.7242E-03
+1.6970000E+00,-6.4943E-03,+17.9102E-03
+1.6975000E+00,-6.6954E-03,+15.4981E-03
+1.6980000E+00,-6.6954E-03,+13.4881E-03
+1.6985000E+00,-6.8964E-03,+10.5735E-03
+1.6990000E+00,-6.9969E-03,+7.8599E-03
+1.6995000E+00,-6.8964E-03,+5.5484E-03
+1.7000000E+00,-7.0974E-03,+3.0358E-03
+1.7005000E+00,-7.3989E-03,+523.2E-06
+1.7010000E+00,-7.3989E-03,-1.6878E-03
+1.7015000E+00,-7.5999E-03,-4.4014E-03
+1.7020000E+00,-7.3989E-03,-7.1149E-03
+1.7025000E+00,-7.8009E-03,-9.5270E-03
+1.7030000E+00,-7.9014E-03,-11.9391E-03
+1.7035000E+00,-7.8009E-03,-14.3511E-03
+1.7040000E+00,-8.0019E-03,-16.7632E-03
+1.7045000E+00,-8.2029E-03,-19.0747E-03
+1.7050000E+00,-8.4039E-03,-21.6878E-03
+1.7055000E+00,-8.2029E-03,-24.2004E-03
+1.7060000E+00,-8.3034E-03,-26.9139E-03
+1.7065000E+00,-8.9064E-03,-29.2255E-03
+1.7070000E+00,-9.1074E-03,-31.8386E-03
+1.7075000E+00,-8.8059E-03,-34.3511E-03
+1.7080000E+00,-9.1074E-03,-36.7632E-03
+1.7085000E+00,-8.8059E-03,-38.8737E-03
+1.7090000E+00,-9.3084E-03,-41.9893E-03
+1.7095000E+00,-9.5094E-03,-44.4014E-03
+1.7100000E+00,-9.3084E-03,-46.8134E-03
+1.7105000E+00,-9.2079E-03,-48.9240E-03
+1.7110000E+00,-9.7104E-03,-51.7381E-03
+1.7115000E+00,-9.7104E-03,-53.6476E-03
+1.7120000E+00,-9.4089E-03,-52.2406E-03
+1.7125000E+00,-9.2079E-03,-49.3260E-03
+1.7130000E+00,-9.2079E-03,-46.6124E-03
+1.7135000E+00,-8.9064E-03,-44.8034E-03
+1.7140000E+00,-8.6049E-03,-41.9893E-03
+1.7145000E+00,-8.4039E-03,-39.4768E-03
+1.7150000E+00,-8.6049E-03,-37.0647E-03
+1.7155000E+00,-8.6049E-03,-34.2506E-03
+1.7160000E+00,-8.1024E-03,-32.1401E-03
+1.7165000E+00,-7.9014E-03,-29.4265E-03
+1.7170000E+00,-8.2029E-03,-26.9139E-03
+1.7175000E+00,-7.9014E-03,-24.9039E-03
+1.7180000E+00,-8.1024E-03,-21.8888E-03
+1.7185000E+00,-7.8009E-03,-19.6778E-03
+1.7190000E+00,-7.8009E-03,-17.2657E-03
+1.7195000E+00,-7.5999E-03,-14.6526E-03
+1.7200000E+00,-7.5999E-03,-12.1401E-03
+1.7205000E+00,-7.3989E-03,-9.8285E-03
+1.7210000E+00,-7.1979E-03,-7.3160E-03
+1.7215000E+00,-7.7004E-03,-4.5019E-03
+1.7220000E+00,-7.5999E-03,-1.9893E-03
+1.7225000E+00,-7.2984E-03,+121.2E-06
+1.7230000E+00,-7.9014E-03,+2.5333E-03
+1.7235000E+00,-8.2029E-03,+5.1464E-03
+1.7240000E+00,-7.0974E-03,+7.8599E-03
+1.7245000E+00,-6.9969E-03,+9.8700E-03
+1.7250000E+00,-7.0974E-03,+12.3825E-03
+1.7255000E+00,-6.9969E-03,+15.3976E-03
+1.7260000E+00,-7.4994E-03,+17.3072E-03
+1.7265000E+00,-7.0974E-03,+19.8197E-03
+1.7270000E+00,-7.0974E-03,+22.7343E-03
+1.7275000E+00,-6.7959E-03,+25.5484E-03
+1.7280000E+00,-7.0974E-03,+27.9604E-03
+1.7285000E+00,-6.7959E-03,+30.6740E-03
+1.7290000E+00,-6.7959E-03,+32.4830E-03
+1.7295000E+00,-6.3938E-03,+35.2971E-03
+1.7300000E+00,-6.6954E-03,+37.8097E-03
+1.7305000E+00,-6.5948E-03,+40.7242E-03
+1.7310000E+00,-6.2933E-03,+42.8348E-03
+1.7315000E+00,-6.0923E-03,+45.0459E-03
+1.7320000E+00,-6.6954E-03,+43.1363E-03
+1.7325000E+00,-6.5948E-03,+40.8247E-03
+1.7330000E+00,-5.8913E-03,+38.0107E-03
+1.7335000E+00,-5.8913E-03,+36.1011E-03
+1.7340000E+00,-6.3938E-03,+33.1866E-03
+1.7345000E+00,-6.5948E-03,+30.5735E-03
+1.7350000E+00,-6.4943E-03,+28.0609E-03
+1.7355000E+00,-6.1928E-03,+25.5484E-03
+1.7360000E+00,-6.4943E-03,+23.2368E-03
+1.7365000E+00,-6.5948E-03,+20.6237E-03
+1.7370000E+00,-6.7959E-03,+18.4127E-03
+1.7375000E+00,-6.7959E-03,+15.6991E-03
+1.7380000E+00,-6.7959E-03,+13.2871E-03
+1.7385000E+00,-7.2984E-03,+10.5735E-03
+1.7390000E+00,-6.7959E-03,+8.2619E-03
+1.7395000E+00,-7.1979E-03,+5.6489E-03
+1.7400000E+00,-7.4994E-03,+3.1363E-03
+1.7405000E+00,-7.1979E-03,+824.7E-06
+1.7410000E+00,-7.4994E-03,-1.5873E-03
+1.7415000E+00,-7.4994E-03,-4.2004E-03
+1.7420000E+00,-7.9014E-03,-6.8134E-03
+1.7425000E+00,-8.3034E-03,-9.2255E-03
+1.7430000E+00,-7.7004E-03,-11.4366E-03
+1.7435000E+00,-8.1024E-03,-13.9491E-03
+1.7440000E+00,-8.1024E-03,-16.5622E-03
+1.7445000E+00,-8.5044E-03,-19.0747E-03
+1.7450000E+00,-8.4039E-03,-21.4868E-03
+1.7455000E+00,-8.4039E-03,-24.2004E-03
+1.7460000E+00,-8.5044E-03,-26.8134E-03
+1.7465000E+00,-8.4039E-03,-28.9240E-03
+1.7470000E+00,-8.7054E-03,-31.7381E-03
+1.7475000E+00,-8.7054E-03,-34.1501E-03
+1.7480000E+00,-9.0069E-03,-36.6627E-03
+1.7485000E+00,-9.2079E-03,-38.7732E-03
+1.7490000E+00,-9.4089E-03,-41.5873E-03
+1.7495000E+00,-9.4089E-03,-43.8989E-03
+1.7500000E+00,-9.4089E-03,-46.5119E-03
+1.7505000E+00,-9.3084E-03,-49.2255E-03
+1.7510000E+00,-10.0119E-03,-51.7381E-03
+1.7515000E+00,-9.7104E-03,-53.7481E-03
+1.7520000E+00,-9.7104E-03,-52.1401E-03
+1.7525000E+00,-9.2079E-03,-49.3260E-03
+1.7530000E+00,-9.6099E-03,-47.1149E-03
+1.7535000E+00,-9.2079E-03,-44.4014E-03
+1.7540000E+00,-8.5044E-03,-42.0898E-03
+1.7545000E+00,-8.6049E-03,-38.8737E-03
+1.7550000E+00,-8.5044E-03,-37.0647E-03
+1.7555000E+00,-8.3034E-03,-34.6526E-03
+1.7560000E+00,-8.3034E-03,-32.0396E-03
+1.7565000E+00,-7.9014E-03,-29.3260E-03
+1.7570000E+00,-8.1024E-03,-27.0144E-03
+1.7575000E+00,-8.0019E-03,-24.3009E-03
+1.7580000E+00,-8.0019E-03,-22.2908E-03
+1.7585000E+00,-7.9014E-03,-19.3763E-03
+1.7590000E+00,-7.8009E-03,-16.7632E-03
+1.7595000E+00,-8.1024E-03,-14.6526E-03
+1.7600000E+00,-7.9014E-03,-11.9391E-03
+1.7605000E+00,-7.5999E-03,-9.5270E-03
+1.7610000E+00,-7.8009E-03,-7.0144E-03
+1.7615000E+00,-7.8009E-03,-4.5019E-03
+1.7620000E+00,-7.4994E-03,-2.0898E-03
+1.7625000E+00,-7.4994E-03,+824.7E-06
+1.7630000E+00,-7.8009E-03,+3.0358E-03
+1.7635000E+00,-7.4994E-03,+5.3474E-03
+1.7640000E+00,-7.3989E-03,+7.6589E-03
+1.7645000E+00,-7.1979E-03,+10.2720E-03
+1.7650000E+00,-7.3989E-03,+12.8850E-03
+1.7655000E+00,-7.2984E-03,+15.0961E-03
+1.7660000E+00,-7.1979E-03,+17.8097E-03
+1.7665000E+00,-7.0974E-03,+20.5232E-03
+1.7670000E+00,-6.6954E-03,+23.3373E-03
+1.7675000E+00,-7.0974E-03,+25.3474E-03
+1.7680000E+00,-6.9969E-03,+28.0609E-03
+1.7685000E+00,-6.8964E-03,+30.5735E-03
+1.7690000E+00,-6.2933E-03,+33.0861E-03
+1.7695000E+00,-6.5948E-03,+35.6991E-03
+1.7700000E+00,-6.3938E-03,+37.9102E-03
+1.7705000E+00,-6.2933E-03,+40.7242E-03
+1.7710000E+00,-6.1928E-03,+42.9353E-03
+1.7715000E+00,-6.1928E-03,+44.7443E-03
+1.7720000E+00,-6.4943E-03,+43.4378E-03
+1.7725000E+00,-6.3938E-03,+41.0258E-03
+1.7730000E+00,-6.4943E-03,+38.4127E-03
+1.7735000E+00,-5.8913E-03,+36.0006E-03
+1.7740000E+00,-6.4943E-03,+33.0861E-03
+1.7745000E+00,-6.1928E-03,+30.8750E-03
+1.7750000E+00,-6.2933E-03,+28.2619E-03
+1.7755000E+00,-6.1928E-03,+25.6489E-03
+1.7760000E+00,-6.5948E-03,+23.2368E-03
+1.7765000E+00,-6.2933E-03,+21.1263E-03
+1.7770000E+00,-6.7959E-03,+18.3122E-03
+1.7775000E+00,-6.4943E-03,+15.7996E-03
+1.7780000E+00,-7.4994E-03,+13.2871E-03
+1.7785000E+00,-6.9969E-03,+10.9755E-03
+1.7790000E+00,-6.8964E-03,+8.3624E-03
+1.7795000E+00,-7.1979E-03,+5.8499E-03
+1.7800000E+00,-7.1979E-03,+3.1363E-03
+1.7805000E+00,-7.4994E-03,+925.3E-06
+1.7810000E+00,-7.4994E-03,-1.5873E-03
+1.7815000E+00,-7.7004E-03,-4.0999E-03
+1.7820000E+00,-7.5999E-03,-6.9139E-03
+1.7825000E+00,-8.0019E-03,-9.3260E-03
+1.7830000E+00,-7.9014E-03,-11.5371E-03
+1.7835000E+00,-8.0019E-03,-14.3511E-03
+1.7840000E+00,-8.4039E-03,-16.2607E-03
+1.7845000E+00,-8.8059E-03,-19.2758E-03
+1.7850000E+00,-8.6049E-03,-21.4868E-03
+1.7855000E+00,-8.5044E-03,-23.8989E-03
+1.7860000E+00,-8.8059E-03,-26.2104E-03
+1.7865000E+00,-8.7054E-03,-29.1250E-03
+1.7870000E+00,-8.9064E-03,-31.2356E-03
+1.7875000E+00,-9.1074E-03,-34.0496E-03
+1.7880000E+00,-9.0069E-03,-36.5622E-03
+1.7885000E+00,-9.3084E-03,-39.0747E-03
+1.7890000E+00,-9.3084E-03,-41.6878E-03
+1.7895000E+00,-9.2079E-03,-43.5974E-03
+1.7900000E+00,-9.2079E-03,-46.3109E-03
+1.7905000E+00,-9.5094E-03,-49.0245E-03
+1.7910000E+00,-9.7104E-03,-52.0396E-03
+1.7915000E+00,-9.9114E-03,-53.5471E-03
+1.7920000E+00,-9.8109E-03,-51.9391E-03
+1.7925000E+00,-9.4089E-03,-49.3260E-03
+1.7930000E+00,-9.4089E-03,-46.7129E-03
+1.7935000E+00,-9.3084E-03,-44.5019E-03
+1.7940000E+00,-8.9064E-03,-41.6878E-03
+1.7945000E+00,-8.3034E-03,-39.3763E-03
+1.7950000E+00,-8.9064E-03,-36.9642E-03
+1.7955000E+00,-8.3034E-03,-34.4516E-03
+1.7960000E+00,-8.4039E-03,-32.1401E-03
+1.7965000E+00,-8.2029E-03,-29.3260E-03
+1.7970000E+00,-7.9014E-03,-27.0144E-03
+1.7975000E+00,-8.2029E-03,-24.4014E-03
+1.7980000E+00,-8.2029E-03,-21.7883E-03
+1.7985000E+00,-7.5999E-03,-19.4768E-03
+1.7990000E+00,-8.0019E-03,-17.0647E-03
+1.7995000E+00,-7.9014E-03,-14.1501E-03
+1.8000000E+00,-7.5999E-03,-12.2406E-03
+1.8005000E+00,-7.7004E-03,-9.5270E-03
+1.8010000E+00,-7.7004E-03,-7.1149E-03
+1.8015000E+00,-7.7004E-03,-4.9039E-03
+1.8020000E+00,-7.1979E-03,-2.1903E-03
+1.8025000E+00,-7.3989E-03,+221.7E-06
+1.8030000E+00,-7.2984E-03,+2.6338E-03
+1.8035000E+00,-7.8009E-03,+5.3474E-03
+1.8040000E+00,-7.7004E-03,+7.8599E-03
+1.8045000E+00,-7.0974E-03,+10.5735E-03
+1.8050000E+00,-7.2984E-03,+12.6840E-03
+1.8055000E+00,-7.1979E-03,+15.1966E-03
+1.8060000E+00,-7.4994E-03,+18.0107E-03
+1.8065000E+00,-6.9969E-03,+20.6237E-03
+1.8070000E+00,-6.6954E-03,+23.2368E-03
+1.8075000E+00,-7.2984E-03,+25.6489E-03
+1.8080000E+00,-7.1979E-03,+28.2619E-03
+1.8085000E+00,-6.5948E-03,+30.3725E-03
+1.8090000E+00,-6.5948E-03,+33.1866E-03
+1.8095000E+00,-6.4943E-03,+35.0961E-03
+1.8100000E+00,-6.6954E-03,+37.6087E-03
+1.8105000E+00,-6.0923E-03,+40.5232E-03
+1.8110000E+00,-6.1928E-03,+42.8348E-03
+1.8115000E+00,-6.5948E-03,+45.2469E-03
+1.8120000E+00,-6.1928E-03,+43.8398E-03
+1.8125000E+00,-6.2933E-03,+41.2268E-03
+1.8130000E+00,-6.0923E-03,+38.2117E-03
+1.8135000E+00,-6.2933E-03,+35.6991E-03
+1.8140000E+00,-6.4943E-03,+33.1866E-03
+1.8145000E+00,-6.1928E-03,+30.8750E-03
+1.8150000E+00,-5.9918E-03,+28.2619E-03
+1.8155000E+00,-6.1928E-03,+25.6489E-03
+1.8160000E+00,-6.4943E-03,+23.3373E-03
+1.8165000E+00,-6.6954E-03,+20.6237E-03
+1.8170000E+00,-6.5948E-03,+18.1112E-03
+1.8175000E+00,-6.5948E-03,+15.6991E-03
+1.8180000E+00,-6.8964E-03,+13.3876E-03
+1.8185000E+00,-6.5948E-03,+10.6740E-03
+1.8190000E+00,-6.6954E-03,+7.7594E-03
+1.8195000E+00,-6.6954E-03,+5.7494E-03
+1.8200000E+00,-6.9969E-03,+3.3373E-03
+1.8205000E+00,-6.9969E-03,+724.2E-06
+1.8210000E+00,-6.9969E-03,-1.9893E-03
+1.8215000E+00,-7.1979E-03,-3.6979E-03
+1.8220000E+00,-7.3989E-03,-6.4114E-03
+1.8225000E+00,-7.8009E-03,-9.4265E-03
+1.8230000E+00,-8.0019E-03,-11.4366E-03
+1.8235000E+00,-7.8009E-03,-14.2506E-03
+1.8240000E+00,-8.1024E-03,-16.4617E-03
+1.8245000E+00,-8.1024E-03,-19.1753E-03
+1.8250000E+00,-8.3034E-03,-21.6878E-03
+1.8255000E+00,-8.4039E-03,-24.3009E-03
+1.8260000E+00,-8.4039E-03,-26.3109E-03
+1.8265000E+00,-8.8059E-03,-29.2255E-03
+1.8270000E+00,-8.8059E-03,-31.4366E-03
+1.8275000E+00,-8.8059E-03,-34.1501E-03
+1.8280000E+00,-8.9064E-03,-36.6627E-03
+1.8285000E+00,-9.3084E-03,-38.9742E-03
+1.8290000E+00,-9.1074E-03,-41.2858E-03
+1.8295000E+00,-8.9064E-03,-44.0999E-03
+1.8300000E+00,-9.1074E-03,-46.3109E-03
+1.8305000E+00,-10.1124E-03,-48.9240E-03
+1.8310000E+00,-9.6099E-03,-51.9391E-03
+1.8315000E+00,-9.1074E-03,-53.5471E-03
+1.8320000E+00,-9.4089E-03,-51.8386E-03
+1.8325000E+00,-9.2079E-03,-49.3260E-03
+1.8330000E+00,-9.3084E-03,-46.7129E-03
+1.8335000E+00,-8.7054E-03,-44.4014E-03
+1.8340000E+00,-8.8059E-03,-41.6878E-03
+1.8345000E+00,-8.6049E-03,-39.2758E-03
+1.8350000E+00,-8.7054E-03,-37.0647E-03
+1.8355000E+00,-8.3034E-03,-34.1501E-03
+1.8360000E+00,-7.9014E-03,-32.0396E-03
+1.8365000E+00,-8.1024E-03,-29.2255E-03
+1.8370000E+00,-8.1024E-03,-27.1149E-03
+1.8375000E+00,-7.9014E-03,-24.5019E-03
+1.8380000E+00,-7.8009E-03,-22.3913E-03
+1.8385000E+00,-7.9014E-03,-19.3763E-03
+1.8390000E+00,-7.5999E-03,-16.8637E-03
+1.8395000E+00,-7.9014E-03,-14.4516E-03
+1.8400000E+00,-7.5999E-03,-12.2406E-03
+1.8405000E+00,-7.7004E-03,-9.4265E-03
+1.8410000E+00,-7.7004E-03,-7.0144E-03
+1.8415000E+00,-7.2984E-03,-4.8034E-03
+1.8420000E+00,-7.2984E-03,-2.0898E-03
+1.8425000E+00,-7.3989E-03,+422.7E-06
+1.8430000E+00,-7.1979E-03,+2.7343E-03
+1.8435000E+00,-7.1979E-03,+5.3474E-03
+1.8440000E+00,-6.8964E-03,+7.4579E-03
+1.8445000E+00,-7.1979E-03,+10.2720E-03
+1.8450000E+00,-6.6954E-03,+12.6840E-03
+1.8455000E+00,-7.2984E-03,+15.3976E-03
+1.8460000E+00,-6.9969E-03,+17.6087E-03
+1.8465000E+00,-6.7959E-03,+20.0207E-03
+1.8470000E+00,-7.1979E-03,+23.2368E-03
+1.8475000E+00,-6.8964E-03,+25.4479E-03
+1.8480000E+00,-6.7959E-03,+27.7594E-03
+1.8485000E+00,-6.4943E-03,+29.8700E-03
+1.8490000E+00,-6.3938E-03,+33.0861E-03
+1.8495000E+00,-6.2933E-03,+35.5986E-03
+1.8500000E+00,-6.3938E-03,+37.7092E-03
+1.8505000E+00,-6.0923E-03,+40.3222E-03
+1.8510000E+00,-6.5948E-03,+42.6338E-03
+1.8515000E+00,-6.2933E-03,+44.8448E-03
+1.8520000E+00,-6.2933E-03,+43.2368E-03
+1.8525000E+00,-6.3938E-03,+40.6237E-03
+1.8530000E+00,-5.6903E-03,+38.3122E-03
+1.8535000E+00,-6.0923E-03,+35.4981E-03
+1.8540000E+00,-6.3938E-03,+33.3876E-03
+1.8545000E+00,-5.9918E-03,+30.7745E-03
+1.8550000E+00,-6.0923E-03,+27.9604E-03
+1.8555000E+00,-6.1928E-03,+25.5484E-03
+1.8560000E+00,-6.6954E-03,+23.0358E-03
+1.8565000E+00,-6.4943E-03,+20.5232E-03
+1.8570000E+00,-6.3938E-03,+17.7092E-03
+1.8575000E+00,-6.7959E-03,+15.3976E-03
+1.8580000E+00,-7.0974E-03,+12.8850E-03
+1.8585000E+00,-6.4943E-03,+10.7745E-03
+1.8590000E+00,-6.8964E-03,+7.9604E-03
+1.8595000E+00,-7.0974E-03,+5.1464E-03
+1.8600000E+00,-7.1979E-03,+3.0358E-03
+1.8605000E+00,-7.2984E-03,+623.7E-06
+1.8610000E+00,-7.1979E-03,-2.3913E-03
+1.8615000E+00,-7.2984E-03,-4.3009E-03
+1.8620000E+00,-7.7004E-03,-7.4165E-03
+1.8625000E+00,-7.8009E-03,-9.3260E-03
+1.8630000E+00,-7.7004E-03,-11.6376E-03
+1.8635000E+00,-8.1024E-03,-14.5521E-03
+1.8640000E+00,-8.1024E-03,-17.0647E-03
+1.8645000E+00,-8.3034E-03,-19.7783E-03
+1.8650000E+00,-8.1024E-03,-22.0898E-03
+1.8655000E+00,-8.4039E-03,-24.4014E-03
+1.8660000E+00,-8.5044E-03,-26.9139E-03
+1.8665000E+00,-9.1074E-03,-29.5270E-03
+1.8670000E+00,-8.9064E-03,-31.7381E-03
+1.8675000E+00,-8.9064E-03,-34.6526E-03
+1.8680000E+00,-9.0069E-03,-36.3612E-03
+1.8685000E+00,-9.4089E-03,-39.0747E-03
+1.8690000E+00,-9.0069E-03,-41.4868E-03
+1.8695000E+00,-9.1074E-03,-43.9994E-03
+1.8700000E+00,-8.7054E-03,-46.8134E-03
+1.8705000E+00,-9.4089E-03,-49.2255E-03
+1.8710000E+00,-9.3084E-03,-51.7381E-03
+1.8715000E+00,-9.6099E-03,-53.8486E-03
+1.8720000E+00,-9.5094E-03,-52.2406E-03
+1.8725000E+00,-9.3084E-03,-49.9290E-03
+1.8730000E+00,-9.2079E-03,-47.2155E-03
+1.8735000E+00,-8.4039E-03,-44.8034E-03
+1.8740000E+00,-8.4039E-03,-42.0898E-03
+1.8745000E+00,-8.4039E-03,-39.7783E-03
+1.8750000E+00,-8.4039E-03,-37.1652E-03
+1.8755000E+00,-8.3034E-03,-34.9541E-03
+1.8760000E+00,-8.1024E-03,-32.3411E-03
+1.8765000E+00,-8.0019E-03,-29.6275E-03
+1.8770000E+00,-8.0019E-03,-27.0144E-03
+1.8775000E+00,-7.8009E-03,-24.5019E-03
+1.8780000E+00,-7.9014E-03,-22.0898E-03
+1.8785000E+00,-7.5999E-03,-19.6778E-03
+1.8790000E+00,-7.5999E-03,-17.3662E-03
+1.8795000E+00,-7.7004E-03,-14.7531E-03
+1.8800000E+00,-7.3989E-03,-12.1401E-03
+1.8805000E+00,-7.2984E-03,-10.0295E-03
+1.8810000E+00,-7.4994E-03,-7.2155E-03
+1.8815000E+00,-7.4994E-03,-4.9039E-03
+1.8820000E+00,-7.4994E-03,-2.3913E-03
+1.8825000E+00,-7.1979E-03,+121.2E-06
+1.8830000E+00,-7.5999E-03,+2.3323E-03
+1.8835000E+00,-7.1979E-03,+4.7443E-03
+1.8840000E+00,-7.2984E-03,+7.2569E-03
+1.8845000E+00,-7.4994E-03,+9.9705E-03
+1.8850000E+00,-7.4994E-03,+12.8850E-03
+1.8855000E+00,-7.2984E-03,+15.2971E-03
+1.8860000E+00,-6.7959E-03,+17.9102E-03
+1.8865000E+00,-6.8964E-03,+20.4227E-03
+1.8870000E+00,-6.9969E-03,+23.0358E-03
+1.8875000E+00,-6.9969E-03,+25.1464E-03
+1.8880000E+00,-6.3938E-03,+27.9604E-03
+1.8885000E+00,-6.3938E-03,+30.4730E-03
+1.8890000E+00,-6.7959E-03,+32.5835E-03
+1.8895000E+00,-6.8964E-03,+35.0961E-03
+1.8900000E+00,-6.6954E-03,+37.8097E-03
+1.8905000E+00,-6.1928E-03,+40.1212E-03
+1.8910000E+00,-5.9918E-03,+42.9353E-03
+1.8915000E+00,-6.2933E-03,+44.6438E-03
+1.8920000E+00,-6.5948E-03,+43.5383E-03
+1.8925000E+00,-6.0923E-03,+41.1263E-03
+1.8930000E+00,-5.8913E-03,+38.2117E-03
+1.8935000E+00,-6.1928E-03,+35.7996E-03
+1.8940000E+00,-6.2933E-03,+32.8850E-03
+1.8945000E+00,-6.2933E-03,+30.9755E-03
+1.8950000E+00,-6.2933E-03,+28.2619E-03
+1.8955000E+00,-6.5948E-03,+25.6489E-03
+1.8960000E+00,-6.8964E-03,+23.0358E-03
+1.8965000E+00,-6.8964E-03,+20.6237E-03
+1.8970000E+00,-6.5948E-03,+17.9102E-03
+1.8975000E+00,-6.7959E-03,+15.5986E-03
+1.8980000E+00,-7.5999E-03,+12.9856E-03
+1.8985000E+00,-6.9969E-03,+10.3725E-03
+1.8990000E+00,-6.3938E-03,+8.2619E-03
+1.8995000E+00,-6.8964E-03,+5.2469E-03
+1.9000000E+00,-7.3989E-03,+3.1363E-03
+1.9005000E+00,-7.4994E-03,+1.2268E-03
+1.9010000E+00,-7.4994E-03,-1.8888E-03
+1.9015000E+00,-7.3989E-03,-4.6024E-03
+1.9020000E+00,-7.9014E-03,-7.0144E-03
+1.9025000E+00,-7.7004E-03,-9.2255E-03
+1.9030000E+00,-7.9014E-03,-11.7381E-03
+1.9035000E+00,-7.9014E-03,-14.1501E-03
+1.9040000E+00,-8.2029E-03,-16.9642E-03
+1.9045000E+00,-8.6049E-03,-19.1753E-03
+1.9050000E+00,-8.4039E-03,-21.6878E-03
+1.9055000E+00,-8.2029E-03,-24.2004E-03
+1.9060000E+00,-8.6049E-03,-26.5119E-03
+1.9065000E+00,-8.9064E-03,-29.1250E-03
+1.9070000E+00,-9.1074E-03,-31.6376E-03
+1.9075000E+00,-8.8059E-03,-34.1501E-03
+1.9080000E+00,-9.4089E-03,-36.5622E-03
+1.9085000E+00,-9.3084E-03,-39.3763E-03
+1.9090000E+00,-9.3084E-03,-41.7883E-03
+1.9095000E+00,-9.4089E-03,-44.4014E-03
+1.9100000E+00,-9.5094E-03,-47.0144E-03
+1.9105000E+00,-9.7104E-03,-49.5270E-03
+1.9110000E+00,-9.8109E-03,-51.7381E-03
+1.9115000E+00,-9.9114E-03,-53.5471E-03
+1.9120000E+00,-9.9114E-03,-52.5421E-03
+1.9125000E+00,-9.5094E-03,-49.7280E-03
+1.9130000E+00,-9.4089E-03,-46.9139E-03
+1.9135000E+00,-9.0069E-03,-44.5019E-03
+1.9140000E+00,-8.9064E-03,-42.2908E-03
+1.9145000E+00,-8.8059E-03,-39.4768E-03
+1.9150000E+00,-8.8059E-03,-37.2657E-03
+1.9155000E+00,-8.7054E-03,-34.6526E-03
+1.9160000E+00,-8.0019E-03,-32.3411E-03
+1.9165000E+00,-8.2029E-03,-30.0295E-03
+1.9170000E+00,-8.5044E-03,-27.1149E-03
+1.9175000E+00,-7.9014E-03,-24.7029E-03
+1.9180000E+00,-7.7004E-03,-22.5923E-03
+1.9185000E+00,-8.2029E-03,-19.7783E-03
+1.9190000E+00,-8.0019E-03,-17.5672E-03
+1.9195000E+00,-7.5999E-03,-14.8536E-03
+1.9200000E+00,-7.9014E-03,-12.3411E-03
+1.9205000E+00,-7.4994E-03,-9.9290E-03
+1.9210000E+00,-7.3989E-03,-7.4165E-03
+1.9215000E+00,-7.8009E-03,-4.9039E-03
+1.9220000E+00,-7.3989E-03,-2.6928E-03
+1.9225000E+00,-7.0974E-03,+121.2E-06
+1.9230000E+00,-7.5999E-03,+2.4328E-03
+1.9235000E+00,-7.4994E-03,+4.7443E-03
+1.9240000E+00,-7.5999E-03,+7.2569E-03
+1.9245000E+00,-7.1979E-03,+9.8700E-03
+1.9250000E+00,-6.8964E-03,+12.8850E-03
+1.9255000E+00,-7.3989E-03,+14.9956E-03
+1.9260000E+00,-6.9969E-03,+17.7092E-03
+1.9265000E+00,-6.3938E-03,+20.1212E-03
+1.9270000E+00,-6.9969E-03,+22.7343E-03
+1.9275000E+00,-6.9969E-03,+25.5484E-03
+1.9280000E+00,-6.5948E-03,+27.6589E-03
+1.9285000E+00,-6.5948E-03,+30.5735E-03
+1.9290000E+00,-6.7959E-03,+33.1866E-03
+1.9295000E+00,-6.6954E-03,+35.1966E-03
+1.9300000E+00,-5.9918E-03,+38.1112E-03
+1.9305000E+00,-5.9918E-03,+40.1212E-03
+1.9310000E+00,-5.7908E-03,+42.7343E-03
+1.9315000E+00,-6.4943E-03,+44.6438E-03
+1.9320000E+00,-6.4943E-03,+43.0358E-03
+1.9325000E+00,-5.6903E-03,+40.7242E-03
+1.9330000E+00,-5.4893E-03,+38.0107E-03
+1.9335000E+00,-6.4943E-03,+35.2971E-03
+1.9340000E+00,-6.1928E-03,+32.6840E-03
+1.9345000E+00,-5.9918E-03,+30.7745E-03
+1.9350000E+00,-5.8913E-03,+28.4629E-03
+1.9355000E+00,-6.2933E-03,+25.3474E-03
+1.9360000E+00,-6.4943E-03,+23.0358E-03
+1.9365000E+00,-6.0923E-03,+20.7242E-03
+1.9370000E+00,-6.1928E-03,+18.5132E-03
+1.9375000E+00,-6.6954E-03,+15.5986E-03
+1.9380000E+00,-6.8964E-03,+13.2871E-03
+1.9385000E+00,-6.9969E-03,+10.2720E-03
+1.9390000E+00,-6.6954E-03,+7.9604E-03
+1.9395000E+00,-7.0974E-03,+5.6489E-03
+1.9400000E+00,-6.8964E-03,+2.7343E-03
+1.9405000E+00,-7.1979E-03,+422.7E-06
+1.9410000E+00,-7.1979E-03,-1.8888E-03
+1.9415000E+00,-7.7004E-03,-4.5019E-03
+1.9420000E+00,-7.9014E-03,-7.0144E-03
+1.9425000E+00,-7.8009E-03,-9.3260E-03
+1.9430000E+00,-7.9014E-03,-12.0396E-03
+1.9435000E+00,-8.2029E-03,-14.5521E-03
+1.9440000E+00,-8.3034E-03,-16.5622E-03
+1.9445000E+00,-8.0019E-03,-19.1753E-03
+1.9450000E+00,-8.3034E-03,-21.7883E-03
+1.9455000E+00,-8.6049E-03,-24.4014E-03
+1.9460000E+00,-8.5044E-03,-26.9139E-03
+1.9465000E+00,-8.8059E-03,-29.5270E-03
+1.9470000E+00,-8.9064E-03,-32.0396E-03
+1.9475000E+00,-8.6049E-03,-33.9491E-03
+1.9480000E+00,-8.9064E-03,-36.9642E-03
+1.9485000E+00,-9.0069E-03,-39.1753E-03
+1.9490000E+00,-9.2079E-03,-42.1903E-03
+1.9495000E+00,-9.3084E-03,-44.3009E-03
+1.9500000E+00,-9.4089E-03,-47.0144E-03
+1.9505000E+00,-9.9114E-03,-49.7280E-03
+1.9510000E+00,-9.6099E-03,-51.9391E-03
+1.9515000E+00,-9.7104E-03,-54.1501E-03
+1.9520000E+00,-9.8109E-03,-52.0396E-03
+1.9525000E+00,-9.6099E-03,-49.9290E-03
+1.9530000E+00,-9.4089E-03,-47.3160E-03
+1.9535000E+00,-8.9064E-03,-44.7029E-03
+1.9540000E+00,-8.8059E-03,-41.9893E-03
+1.9545000E+00,-8.9064E-03,-39.8788E-03
+1.9550000E+00,-8.7054E-03,-37.2657E-03
+1.9555000E+00,-8.7054E-03,-34.6526E-03
+1.9560000E+00,-8.5044E-03,-32.3411E-03
+1.9565000E+00,-8.4039E-03,-29.9290E-03
+1.9570000E+00,-8.3034E-03,-27.1149E-03
+1.9575000E+00,-8.0019E-03,-25.1049E-03
+1.9580000E+00,-7.9014E-03,-22.3913E-03
+1.9585000E+00,-7.9014E-03,-20.0798E-03
+1.9590000E+00,-7.5999E-03,-16.8637E-03
+1.9595000E+00,-7.5999E-03,-14.5521E-03
+1.9600000E+00,-8.2029E-03,-12.3411E-03
+1.9605000E+00,-7.7004E-03,-9.8285E-03
+1.9610000E+00,-7.7004E-03,-7.5170E-03
+1.9615000E+00,-8.0019E-03,-5.2054E-03
+1.9620000E+00,-7.5999E-03,-2.8938E-03
+1.9625000E+00,-7.4994E-03,-79.8E-06
+1.9630000E+00,-7.8009E-03,+2.4328E-03
+1.9635000E+00,-7.4994E-03,+4.8448E-03
+1.9640000E+00,-7.4994E-03,+7.2569E-03
+1.9645000E+00,-7.4994E-03,+9.6690E-03
+1.9650000E+00,-7.7004E-03,+12.0810E-03
+1.9655000E+00,-7.7004E-03,+14.7946E-03
+1.9660000E+00,-7.1979E-03,+17.1062E-03
+1.9665000E+00,-7.0974E-03,+19.8197E-03
+1.9670000E+00,-7.4994E-03,+22.3323E-03
+1.9675000E+00,-7.4994E-03,+24.4428E-03
+1.9680000E+00,-6.9969E-03,+27.2569E-03
+1.9685000E+00,-6.4943E-03,+29.4680E-03
+1.9690000E+00,-6.8964E-03,+32.0810E-03
+1.9695000E+00,-6.8964E-03,+34.8951E-03
+1.9700000E+00,-6.6954E-03,+36.8046E-03
+1.9705000E+00,-5.9918E-03,+39.3172E-03
+1.9710000E+00,-6.4943E-03,+42.3323E-03
+1.9715000E+00,-6.6954E-03,+44.7443E-03
+1.9720000E+00,-6.2933E-03,+43.0358E-03
+1.9725000E+00,-6.2933E-03,+40.4227E-03
+1.9730000E+00,-6.0923E-03,+37.6087E-03
+1.9735000E+00,-6.6954E-03,+35.1966E-03
+1.9740000E+00,-6.2933E-03,+32.8850E-03
+1.9745000E+00,-6.3938E-03,+30.1715E-03
+1.9750000E+00,-6.1928E-03,+27.7594E-03
+1.9755000E+00,-6.4943E-03,+25.5484E-03
+1.9760000E+00,-6.8964E-03,+22.7343E-03
+1.9765000E+00,-6.6954E-03,+19.9202E-03
+1.9770000E+00,-6.8964E-03,+18.0107E-03
+1.9775000E+00,-7.0974E-03,+15.0961E-03
+1.9780000E+00,-7.1979E-03,+12.6840E-03
+1.9785000E+00,-7.1979E-03,+10.4730E-03
+1.9790000E+00,-7.0974E-03,+7.6589E-03
+1.9795000E+00,-7.3989E-03,+5.2469E-03
+1.9800000E+00,-7.2984E-03,+2.6338E-03
+1.9805000E+00,-7.7004E-03,+221.7E-06
+1.9810000E+00,-7.3989E-03,-2.0898E-03
+1.9815000E+00,-7.5999E-03,-5.1049E-03
+1.9820000E+00,-7.9014E-03,-7.1149E-03
+1.9825000E+00,-8.1024E-03,-9.6275E-03
+1.9830000E+00,-8.1024E-03,-12.0396E-03
+1.9835000E+00,-8.3034E-03,-14.2506E-03
+1.9840000E+00,-8.7054E-03,-16.9642E-03
+1.9845000E+00,-8.4039E-03,-19.5773E-03
+1.9850000E+00,-8.4039E-03,-21.6878E-03
+1.9855000E+00,-8.4039E-03,-24.4014E-03
+1.9860000E+00,-8.8059E-03,-26.9139E-03
+1.9865000E+00,-8.8059E-03,-29.3260E-03
+1.9870000E+00,-8.8059E-03,-32.0396E-03
+1.9875000E+00,-9.2079E-03,-34.2506E-03
+1.9880000E+00,-9.7104E-03,-36.8637E-03
+1.9885000E+00,-9.1074E-03,-39.1753E-03
+1.9890000E+00,-9.3084E-03,-41.2858E-03
+1.9895000E+00,-9.1074E-03,-44.4014E-03
+1.9900000E+00,-9.9114E-03,-46.5119E-03
+1.9905000E+00,-10.0119E-03,-49.0245E-03
+1.9910000E+00,-9.8109E-03,-51.7381E-03
+1.9915000E+00,-9.9114E-03,-53.8486E-03
+1.9920000E+00,-10.1124E-03,-52.1401E-03
+1.9925000E+00,-9.8109E-03,-49.5270E-03
+1.9930000E+00,-9.3084E-03,-47.4165E-03
+1.9935000E+00,-9.0069E-03,-44.5019E-03
+1.9940000E+00,-9.0069E-03,-41.5873E-03
+1.9945000E+00,-9.2079E-03,-39.7783E-03
+1.9950000E+00,-8.6049E-03,-36.9642E-03
+1.9955000E+00,-8.4039E-03,-34.5521E-03
+1.9960000E+00,-8.5044E-03,-31.9391E-03
+1.9965000E+00,-8.7054E-03,-29.8285E-03
+1.9970000E+00,-8.6049E-03,-27.0144E-03
+1.9975000E+00,-8.1024E-03,-24.8034E-03
+1.9980000E+00,-8.1024E-03,-22.3913E-03
+1.9985000E+00,-8.4039E-03,-19.7783E-03
+1.9990000E+00,-7.9014E-03,-17.3662E-03
+1.9995000E+00,-8.1024E-03,-14.6526E-03
+2.0000000E+00,-7.7004E-03,-12.6426E-03
+2.0005000E+00,-8.2029E-03,-10.2305E-03
+2.0010000E+00,-7.9014E-03,-7.4165E-03
+2.0015000E+00,-8.0019E-03,-4.9039E-03
+2.0020000E+00,-8.1024E-03,-1.9893E-03
+2.0025000E+00,-7.9014E-03,-180.3E-06
+2.0030000E+00,-7.5999E-03,+2.3323E-03
+2.0035000E+00,-7.3989E-03,+5.5484E-03
+2.0040000E+00,-7.7004E-03,+8.0609E-03
+2.0045000E+00,-7.7004E-03,+10.2720E-03
+2.0050000E+00,-7.4994E-03,+12.7845E-03
+2.0055000E+00,-7.4994E-03,+14.9956E-03
+2.0060000E+00,-7.5999E-03,+17.6087E-03
+2.0065000E+00,-7.1979E-03,+20.4227E-03
+2.0070000E+00,-7.1979E-03,+22.6338E-03
+2.0075000E+00,-6.9969E-03,+25.3474E-03
+2.0080000E+00,-6.7959E-03,+27.7594E-03
+2.0085000E+00,-6.8964E-03,+29.9705E-03
+2.0090000E+00,-7.1979E-03,+32.6840E-03
+2.0095000E+00,-6.8964E-03,+35.2971E-03
+2.0100000E+00,-6.4943E-03,+37.6087E-03
+2.0105000E+00,-5.9918E-03,+40.3222E-03
+2.0110000E+00,-6.5948E-03,+42.6338E-03
+2.0115000E+00,-6.1928E-03,+45.4479E-03
+2.0120000E+00,-6.1928E-03,+43.4378E-03
+2.0125000E+00,-6.0923E-03,+40.7242E-03
+2.0130000E+00,-6.3938E-03,+38.2117E-03
+2.0135000E+00,-6.3938E-03,+36.0006E-03
+2.0140000E+00,-6.2933E-03,+33.0861E-03
+2.0145000E+00,-6.2933E-03,+30.7745E-03
+2.0150000E+00,-6.6954E-03,+28.6639E-03
+2.0155000E+00,-6.5948E-03,+26.1514E-03
+2.0160000E+00,-6.3938E-03,+22.9353E-03
+2.0165000E+00,-6.6954E-03,+20.6237E-03
+2.0170000E+00,-6.4943E-03,+18.1112E-03
+2.0175000E+00,-7.1979E-03,+15.6991E-03
+2.0180000E+00,-6.9969E-03,+12.5835E-03
+2.0185000E+00,-6.7959E-03,+10.4730E-03
+2.0190000E+00,-7.0974E-03,+8.2619E-03
+2.0195000E+00,-7.1979E-03,+5.5484E-03
+2.0200000E+00,-7.1979E-03,+3.2368E-03
+2.0205000E+00,-7.0974E-03,+724.2E-06
+2.0210000E+00,-7.0974E-03,-2.0898E-03
+2.0215000E+00,-7.3989E-03,-4.4014E-03
+2.0220000E+00,-7.8009E-03,-6.3109E-03
+2.0225000E+00,-8.1024E-03,-9.3260E-03
+2.0230000E+00,-8.3034E-03,-11.8386E-03
+2.0235000E+00,-8.3034E-03,-14.3511E-03
+2.0240000E+00,-8.3034E-03,-16.3612E-03
+2.0245000E+00,-8.1024E-03,-19.3763E-03
+2.0250000E+00,-8.6049E-03,-21.6878E-03
+2.0255000E+00,-8.7054E-03,-24.6024E-03
+2.0260000E+00,-9.2079E-03,-26.9139E-03
+2.0265000E+00,-8.9064E-03,-29.2255E-03
+2.0270000E+00,-8.8059E-03,-31.8386E-03
+2.0275000E+00,-8.8059E-03,-34.1501E-03
+2.0280000E+00,-9.0069E-03,-36.7632E-03
+2.0285000E+00,-9.5094E-03,-39.2758E-03
+2.0290000E+00,-9.4089E-03,-41.6878E-03
+2.0295000E+00,-9.2079E-03,-44.2004E-03
+2.0300000E+00,-10.0119E-03,-46.8134E-03
+2.0305000E+00,-9.8109E-03,-49.1250E-03
+2.0310000E+00,-9.6099E-03,-51.7381E-03
+2.0315000E+00,-9.7104E-03,-53.8486E-03
+2.0320000E+00,-10.1124E-03,-52.4416E-03
+2.0325000E+00,-10.1124E-03,-49.7280E-03
+2.0330000E+00,-9.4089E-03,-47.1149E-03
+2.0335000E+00,-9.2079E-03,-44.6024E-03
+2.0340000E+00,-9.2079E-03,-42.3913E-03
+2.0345000E+00,-8.9064E-03,-39.7783E-03
+2.0350000E+00,-9.2079E-03,-37.6677E-03
+2.0355000E+00,-8.5044E-03,-34.4516E-03
+2.0360000E+00,-8.4039E-03,-32.2406E-03
+2.0365000E+00,-8.4039E-03,-29.7280E-03
+2.0370000E+00,-8.2029E-03,-27.3160E-03
+2.0375000E+00,-8.1024E-03,-24.7029E-03
+2.0380000E+00,-8.1024E-03,-21.5873E-03
+2.0385000E+00,-8.2029E-03,-19.5773E-03
+2.0390000E+00,-8.0019E-03,-17.1652E-03
+2.0395000E+00,-7.7004E-03,-14.8536E-03
+2.0400000E+00,-7.9014E-03,-11.8386E-03
+2.0405000E+00,-8.0019E-03,-10.1300E-03
+2.0410000E+00,-7.4994E-03,-6.9139E-03
+2.0415000E+00,-7.4994E-03,-4.8034E-03
+2.0420000E+00,-7.7004E-03,-2.1903E-03
+2.0425000E+00,-8.1024E-03,+322.2E-06
+2.0430000E+00,-7.7004E-03,+2.7343E-03
+2.0435000E+00,-7.3989E-03,+5.1464E-03
+2.0440000E+00,-7.3989E-03,+7.6589E-03
+2.0445000E+00,-7.2984E-03,+10.1715E-03
+2.0450000E+00,-7.3989E-03,+12.8850E-03
+2.0455000E+00,-7.0974E-03,+15.3976E-03
+2.0460000E+00,-6.7959E-03,+17.8097E-03
+2.0465000E+00,-7.2984E-03,+20.1212E-03
+2.0470000E+00,-7.3989E-03,+22.9353E-03
+2.0475000E+00,-7.1979E-03,+25.3474E-03
+2.0480000E+00,-6.3938E-03,+27.9604E-03
+2.0485000E+00,-6.8964E-03,+30.4730E-03
+2.0490000E+00,-6.7959E-03,+32.9856E-03
+2.0495000E+00,-6.4943E-03,+35.1966E-03
+2.0500000E+00,-6.4943E-03,+37.8097E-03
+2.0505000E+00,-6.6954E-03,+40.4227E-03
+2.0510000E+00,-6.5948E-03,+42.6338E-03
+2.0515000E+00,-6.2933E-03,+44.6438E-03
+2.0520000E+00,-6.0923E-03,+43.0358E-03
+2.0525000E+00,-6.3938E-03,+40.9253E-03
+2.0530000E+00,-6.1928E-03,+37.9102E-03
+2.0535000E+00,-6.4943E-03,+35.7996E-03
+2.0540000E+00,-6.2933E-03,+33.1866E-03
+2.0545000E+00,-6.1928E-03,+30.6740E-03
+2.0550000E+00,-6.6954E-03,+28.3624E-03
+2.0555000E+00,-6.5948E-03,+25.9504E-03
+2.0560000E+00,-6.3938E-03,+23.5383E-03
+2.0565000E+00,-6.9969E-03,+20.7242E-03
+2.0570000E+00,-6.7959E-03,+18.2117E-03
+2.0575000E+00,-6.6954E-03,+15.6991E-03
+2.0580000E+00,-6.7959E-03,+13.0861E-03
+2.0585000E+00,-6.5948E-03,+10.7745E-03
+2.0590000E+00,-7.2984E-03,+7.9604E-03
+2.0595000E+00,-7.9014E-03,+5.6489E-03
+2.0600000E+00,-7.2984E-03,+2.8348E-03
+2.0605000E+00,-7.3989E-03,+322.2E-06
+2.0610000E+00,-7.5999E-03,-1.9893E-03
+2.0615000E+00,-8.0019E-03,-4.6024E-03
+2.0620000E+00,-7.9014E-03,-6.9139E-03
+2.0625000E+00,-8.1024E-03,-9.7280E-03
+2.0630000E+00,-8.4039E-03,-11.7381E-03
+2.0635000E+00,-8.1024E-03,-14.0496E-03
+2.0640000E+00,-8.5044E-03,-16.4617E-03
+2.0645000E+00,-8.4039E-03,-19.3763E-03
+2.0650000E+00,-8.4039E-03,-22.0898E-03
+2.0655000E+00,-8.9064E-03,-24.3009E-03
+2.0660000E+00,-9.0069E-03,-26.2104E-03
+2.0665000E+00,-8.9064E-03,-29.2255E-03
+2.0670000E+00,-9.3084E-03,-31.9391E-03
+2.0675000E+00,-9.5094E-03,-34.3511E-03
+2.0680000E+00,-9.5094E-03,-36.5622E-03
+2.0685000E+00,-9.5094E-03,-39.1753E-03
+2.0690000E+00,-9.1074E-03,-41.7883E-03
+2.0695000E+00,-9.8109E-03,-44.6024E-03
+2.0700000E+00,-10.1124E-03,-46.8134E-03
+2.0705000E+00,-9.9114E-03,-48.9240E-03
+2.0710000E+00,-9.7104E-03,-50.9340E-03
+2.0715000E+00,-9.8109E-03,-53.7481E-03
+2.0720000E+00,-10.3134E-03,-52.2406E-03
+2.0725000E+00,-10.0119E-03,-49.3260E-03
+2.0730000E+00,-9.2079E-03,-47.2155E-03
+2.0735000E+00,-9.6099E-03,-44.6024E-03
+2.0740000E+00,-9.0069E-03,-41.9893E-03
+2.0745000E+00,-8.8059E-03,-39.5773E-03
+2.0750000E+00,-8.6049E-03,-36.8637E-03
+2.0755000E+00,-8.9064E-03,-34.4516E-03
+2.0760000E+00,-8.8059E-03,-32.0396E-03
+2.0765000E+00,-8.8059E-03,-29.7280E-03
+2.0770000E+00,-8.3034E-03,-27.1149E-03
+2.0775000E+00,-8.2029E-03,-24.4014E-03
+2.0780000E+00,-8.3034E-03,-22.0898E-03
+2.0785000E+00,-8.1024E-03,-19.1753E-03
+2.0790000E+00,-7.8009E-03,-16.9642E-03
+2.0795000E+00,-8.1024E-03,-14.7531E-03
+2.0800000E+00,-8.0019E-03,-11.9391E-03
+2.0805000E+00,-8.3034E-03,-9.7280E-03
+2.0810000E+00,-8.0019E-03,-7.3160E-03
+2.0815000E+00,-7.4994E-03,-4.3009E-03
+2.0820000E+00,-7.5999E-03,-2.0898E-03
+2.0825000E+00,-8.0019E-03,+322.2E-06
+2.0830000E+00,-7.4994E-03,+2.7343E-03
+2.0835000E+00,-7.7004E-03,+4.8448E-03
+2.0840000E+00,-7.5999E-03,+7.9604E-03
+2.0845000E+00,-7.9014E-03,+10.1715E-03
+2.0850000E+00,-7.4994E-03,+12.8850E-03
+2.0855000E+00,-7.2984E-03,+14.9956E-03
+2.0860000E+00,-7.4994E-03,+18.0107E-03
+2.0865000E+00,-7.2984E-03,+20.0207E-03
+2.0870000E+00,-7.7004E-03,+22.8348E-03
+2.0875000E+00,-6.7959E-03,+25.5484E-03
+2.0880000E+00,-6.7959E-03,+27.6589E-03
+2.0885000E+00,-7.0974E-03,+30.4730E-03
+2.0890000E+00,-6.5948E-03,+33.2871E-03
+2.0895000E+00,-6.4943E-03,+35.0961E-03
+2.0900000E+00,-6.5948E-03,+38.1112E-03
+2.0905000E+00,-6.5948E-03,+40.1212E-03
+2.0910000E+00,-6.1928E-03,+42.8348E-03
+2.0915000E+00,-6.5948E-03,+44.7443E-03
+2.0920000E+00,-6.2933E-03,+43.2368E-03
+2.0925000E+00,-6.4943E-03,+40.6237E-03
+2.0930000E+00,-6.4943E-03,+38.5132E-03
+2.0935000E+00,-6.2933E-03,+35.9001E-03
+2.0940000E+00,-6.2933E-03,+33.2871E-03
+2.0945000E+00,-6.3938E-03,+30.8750E-03
+2.0950000E+00,-6.7959E-03,+28.4629E-03
+2.0955000E+00,-6.2933E-03,+25.6489E-03
+2.0960000E+00,-6.7959E-03,+23.5383E-03
+2.0965000E+00,-6.6954E-03,+20.9253E-03
+2.0970000E+00,-6.8964E-03,+18.1112E-03
+2.0975000E+00,-6.7959E-03,+15.6991E-03
+2.0980000E+00,-6.9969E-03,+13.2871E-03
+2.0985000E+00,-6.8964E-03,+10.6740E-03
+2.0990000E+00,-7.4994E-03,+8.2619E-03
+2.0995000E+00,-7.4994E-03,+5.8499E-03
+2.1000000E+00,-7.4994E-03,+3.0358E-03
+2.1005000E+00,-7.8009E-03,+925.3E-06
+2.1010000E+00,-7.9014E-03,-1.5873E-03
+2.1015000E+00,-7.9014E-03,-4.2004E-03
+2.1020000E+00,-8.1024E-03,-6.6124E-03
+2.1025000E+00,-7.7004E-03,-9.2255E-03
+2.1030000E+00,-8.8059E-03,-11.5371E-03
+2.1035000E+00,-8.3034E-03,-14.1501E-03
+2.1040000E+00,-8.5044E-03,-16.4617E-03
+2.1045000E+00,-8.4039E-03,-19.0747E-03
+2.1050000E+00,-8.6049E-03,-21.5873E-03
+2.1055000E+00,-8.9064E-03,-24.2004E-03
+2.1060000E+00,-9.3084E-03,-26.8134E-03
+2.1065000E+00,-9.2079E-03,-29.3260E-03
+2.1070000E+00,-8.8059E-03,-31.3361E-03
+2.1075000E+00,-9.6099E-03,-34.1501E-03
+2.1080000E+00,-9.4089E-03,-36.5622E-03
+2.1085000E+00,-9.0069E-03,-39.0747E-03
+2.1090000E+00,-9.7104E-03,-41.7883E-03
+2.1095000E+00,-9.6099E-03,-44.5019E-03
+2.1100000E+00,-9.9114E-03,-46.5119E-03
+2.1105000E+00,-9.8109E-03,-49.3260E-03
+2.1110000E+00,-9.9114E-03,-51.7381E-03
+2.1115000E+00,-10.4139E-03,-53.7481E-03
+2.1120000E+00,-10.1124E-03,-51.8386E-03
+2.1125000E+00,-9.7104E-03,-49.7280E-03
+2.1130000E+00,-9.4089E-03,-46.9139E-03
+2.1135000E+00,-9.4089E-03,-44.3009E-03
+2.1140000E+00,-9.1074E-03,-41.8888E-03
+2.1145000E+00,-9.0069E-03,-39.4768E-03
+2.1150000E+00,-8.6049E-03,-37.4667E-03
+2.1155000E+00,-8.8059E-03,-34.3511E-03
+2.1160000E+00,-8.7054E-03,-32.3411E-03
+2.1165000E+00,-8.7054E-03,-29.6275E-03
+2.1170000E+00,-8.9064E-03,-27.1149E-03
+2.1175000E+00,-8.4039E-03,-24.8034E-03
+2.1180000E+00,-8.4039E-03,-22.4918E-03
+2.1185000E+00,-8.3034E-03,-19.3763E-03
+2.1190000E+00,-8.1024E-03,-17.1652E-03
+2.1195000E+00,-7.8009E-03,-14.4516E-03
+2.1200000E+00,-8.4039E-03,-11.8386E-03
+2.1205000E+00,-8.0019E-03,-9.5270E-03
+2.1210000E+00,-7.7004E-03,-7.1149E-03
+2.1215000E+00,-7.8009E-03,-4.2004E-03
+2.1220000E+00,-7.7004E-03,-2.1903E-03
+2.1225000E+00,-7.8009E-03,+724.2E-06
+2.1230000E+00,-7.5999E-03,+2.8348E-03
+2.1235000E+00,-7.4994E-03,+5.0459E-03
+2.1240000E+00,-7.5999E-03,+8.0609E-03
+2.1245000E+00,-7.3989E-03,+10.4730E-03
+2.1250000E+00,-7.0974E-03,+13.0861E-03
+2.1255000E+00,-7.2984E-03,+15.0961E-03
+2.1260000E+00,-7.3989E-03,+18.0107E-03
+2.1265000E+00,-7.4994E-03,+20.3222E-03
+2.1270000E+00,-6.7959E-03,+23.0358E-03
+2.1275000E+00,-7.1979E-03,+25.4479E-03
+2.1280000E+00,-6.5948E-03,+28.1614E-03
+2.1285000E+00,-6.9969E-03,+30.8750E-03
+2.1290000E+00,-6.5948E-03,+32.7845E-03
+2.1295000E+00,-6.6954E-03,+35.2971E-03
+2.1300000E+00,-6.3938E-03,+38.1112E-03
+2.1305000E+00,-6.6954E-03,+40.7242E-03
+2.1310000E+00,-6.1928E-03,+43.4378E-03
+2.1315000E+00,-6.3938E-03,+45.2469E-03
+2.1320000E+00,-6.1928E-03,+43.9403E-03
+2.1325000E+00,-6.2933E-03,+40.9253E-03
+2.1330000E+00,-6.1928E-03,+38.2117E-03
+2.1335000E+00,-5.8913E-03,+35.5986E-03
+2.1340000E+00,-5.9918E-03,+33.6891E-03
+2.1345000E+00,-6.5948E-03,+30.6740E-03
+2.1350000E+00,-6.4943E-03,+28.4629E-03
+2.1355000E+00,-6.4943E-03,+25.8499E-03
+2.1360000E+00,-5.9918E-03,+23.8398E-03
+2.1365000E+00,-6.4943E-03,+20.9253E-03
+2.1370000E+00,-6.7959E-03,+18.5132E-03
+2.1375000E+00,-6.5948E-03,+15.7996E-03
+2.1380000E+00,-6.5948E-03,+13.3876E-03
+2.1385000E+00,-6.9969E-03,+10.5735E-03
+2.1390000E+00,-6.8964E-03,+8.2619E-03
+2.1395000E+00,-7.4994E-03,+5.9504E-03
+2.1400000E+00,-7.2984E-03,+2.8348E-03
+2.1405000E+00,-7.2984E-03,+925.3E-06
+2.1410000E+00,-7.3989E-03,-1.6878E-03
+2.1415000E+00,-7.8009E-03,-3.9994E-03
+2.1420000E+00,-7.2984E-03,-6.7129E-03
+2.1425000E+00,-7.5999E-03,-9.3260E-03
+2.1430000E+00,-8.1024E-03,-11.7381E-03
+2.1435000E+00,-7.9014E-03,-14.4516E-03
+2.1440000E+00,-8.2029E-03,-16.6627E-03
+2.1445000E+00,-8.4039E-03,-19.2758E-03
+2.1450000E+00,-8.6049E-03,-21.2858E-03
+2.1455000E+00,-8.8059E-03,-24.2004E-03
+2.1460000E+00,-8.7054E-03,-26.6124E-03
+2.1465000E+00,-8.6049E-03,-29.1250E-03
+2.1470000E+00,-8.7054E-03,-31.4366E-03
+2.1475000E+00,-9.4089E-03,-33.7481E-03
+2.1480000E+00,-9.2079E-03,-36.5622E-03
+2.1485000E+00,-9.1074E-03,-38.8737E-03
+2.1490000E+00,-9.2079E-03,-41.5873E-03
+2.1495000E+00,-9.6099E-03,-44.2004E-03
+2.1500000E+00,-9.7104E-03,-46.8134E-03
+2.1505000E+00,-9.2079E-03,-49.5270E-03
+2.1510000E+00,-9.7104E-03,-51.9391E-03
+2.1515000E+00,-9.9114E-03,-53.4466E-03
+2.1520000E+00,-9.7104E-03,-52.0396E-03
+2.1525000E+00,-9.3084E-03,-49.6275E-03
+2.1530000E+00,-9.3084E-03,-46.9139E-03
+2.1535000E+00,-8.9064E-03,-44.4014E-03
+2.1540000E+00,-9.2079E-03,-42.0898E-03
+2.1545000E+00,-8.8059E-03,-39.4768E-03
+2.1550000E+00,-8.9064E-03,-36.9642E-03
+2.1555000E+00,-8.2029E-03,-34.7531E-03
+2.1560000E+00,-8.8059E-03,-32.2406E-03
+2.1565000E+00,-8.4039E-03,-29.8285E-03
+2.1570000E+00,-8.1024E-03,-26.9139E-03
+2.1575000E+00,-8.4039E-03,-24.6024E-03
+2.1580000E+00,-8.1024E-03,-22.1903E-03
+2.1585000E+00,-8.1024E-03,-19.1753E-03
+2.1590000E+00,-7.8009E-03,-17.1652E-03
+2.1595000E+00,-7.4994E-03,-14.3511E-03
+2.1600000E+00,-7.8009E-03,-11.9391E-03
+2.1605000E+00,-7.7004E-03,-9.8285E-03
+2.1610000E+00,-7.3989E-03,-7.3160E-03
+2.1615000E+00,-7.4994E-03,-4.4014E-03
+2.1620000E+00,-7.5999E-03,-2.3913E-03
+2.1625000E+00,-7.7004E-03,+322.2E-06
+2.1630000E+00,-7.7004E-03,+2.5333E-03
+2.1635000E+00,-7.0974E-03,+5.2469E-03
+2.1640000E+00,-7.3989E-03,+7.4579E-03
+2.1645000E+00,-7.2984E-03,+10.1715E-03
+2.1650000E+00,-6.9969E-03,+12.8850E-03
+2.1655000E+00,-6.8964E-03,+15.2971E-03
+2.1660000E+00,-7.0974E-03,+17.7092E-03
+2.1665000E+00,-7.3989E-03,+20.2217E-03
+2.1670000E+00,-7.2984E-03,+22.9353E-03
+2.1675000E+00,-7.0974E-03,+25.6489E-03
+2.1680000E+00,-6.9969E-03,+27.4579E-03
+2.1685000E+00,-6.5948E-03,+30.0710E-03
+2.1690000E+00,-6.3938E-03,+33.0861E-03
+2.1695000E+00,-6.2933E-03,+35.3976E-03
+2.1700000E+00,-6.3938E-03,+37.8097E-03
+2.1705000E+00,-6.3938E-03,+40.1212E-03
+2.1710000E+00,-6.0923E-03,+43.4378E-03
+2.1715000E+00,-6.0923E-03,+44.7443E-03
+2.1720000E+00,-5.8913E-03,+43.3373E-03
+2.1725000E+00,-6.0923E-03,+40.9253E-03
+2.1730000E+00,-5.7908E-03,+38.5132E-03
+2.1735000E+00,-6.1928E-03,+35.3976E-03
+2.1740000E+00,-5.8913E-03,+32.9856E-03
+2.1745000E+00,-6.3938E-03,+30.8750E-03
+2.1750000E+00,-6.1928E-03,+28.1614E-03
+2.1755000E+00,-6.0923E-03,+25.7494E-03
+2.1760000E+00,-6.2933E-03,+23.4378E-03
+2.1765000E+00,-6.4943E-03,+20.8247E-03
+2.1770000E+00,-6.7959E-03,+18.2117E-03
+2.1775000E+00,-6.5948E-03,+15.5986E-03
+2.1780000E+00,-6.4943E-03,+13.0861E-03
+2.1785000E+00,-6.9969E-03,+10.5735E-03
+2.1790000E+00,-7.1979E-03,+7.8599E-03
+2.1795000E+00,-7.2984E-03,+5.8499E-03
+2.1800000E+00,-6.6954E-03,+3.1363E-03
+2.1805000E+00,-7.4994E-03,+824.7E-06
+2.1810000E+00,-7.5999E-03,-2.0898E-03
+2.1815000E+00,-7.2984E-03,-4.3009E-03
+2.1820000E+00,-7.5999E-03,-7.1149E-03
+2.1825000E+00,-7.3989E-03,-9.0245E-03
+2.1830000E+00,-8.4039E-03,-11.9391E-03
+2.1835000E+00,-8.2029E-03,-14.2506E-03
+2.1840000E+00,-8.7054E-03,-16.8637E-03
+2.1845000E+00,-8.3034E-03,-18.9742E-03
+2.1850000E+00,-8.6049E-03,-21.9893E-03
+2.1855000E+00,-8.4039E-03,-24.3009E-03
+2.1860000E+00,-8.6049E-03,-26.9139E-03
+2.1865000E+00,-8.8059E-03,-29.0245E-03
+2.1870000E+00,-8.7054E-03,-31.6376E-03
+2.1875000E+00,-9.3084E-03,-34.0496E-03
+2.1880000E+00,-8.9064E-03,-36.3612E-03
+2.1885000E+00,-8.9064E-03,-38.9742E-03
+2.1890000E+00,-9.3084E-03,-41.2858E-03
+2.1895000E+00,-9.3084E-03,-44.2004E-03
+2.1900000E+00,-9.4089E-03,-46.4114E-03
+2.1905000E+00,-9.6099E-03,-49.0245E-03
+2.1910000E+00,-9.5094E-03,-51.7381E-03
+2.1915000E+00,-9.9114E-03,-53.9491E-03
+2.1920000E+00,-9.7104E-03,-51.8386E-03
+2.1925000E+00,-9.7104E-03,-49.4265E-03
+2.1930000E+00,-8.9064E-03,-46.7129E-03
+2.1935000E+00,-9.0069E-03,-44.7029E-03
+2.1940000E+00,-9.2079E-03,-42.0898E-03
+2.1945000E+00,-8.6049E-03,-39.2758E-03
+2.1950000E+00,-8.2029E-03,-36.7632E-03
+2.1955000E+00,-8.8059E-03,-34.5521E-03
+2.1960000E+00,-8.6049E-03,-32.0396E-03
+2.1965000E+00,-8.0019E-03,-29.4265E-03
+2.1970000E+00,-7.9014E-03,-26.6124E-03
+2.1975000E+00,-8.2029E-03,-24.4014E-03
+2.1980000E+00,-8.3034E-03,-21.5873E-03
+2.1985000E+00,-7.8009E-03,-19.3763E-03
+2.1990000E+00,-7.8009E-03,-17.0647E-03
+2.1995000E+00,-8.0019E-03,-14.4516E-03
+2.2000000E+00,-8.0019E-03,-12.0396E-03
+2.2005000E+00,-8.1024E-03,-9.5270E-03
+2.2010000E+00,-7.7004E-03,-7.2155E-03
+2.2015000E+00,-7.5999E-03,-4.3009E-03
+2.2020000E+00,-7.9014E-03,-2.3913E-03
+2.2025000E+00,-7.7004E-03,+623.7E-06
+2.2030000E+00,-7.8009E-03,+2.3323E-03
+2.2035000E+00,-7.4994E-03,+5.2469E-03
+2.2040000E+00,-7.7004E-03,+7.4579E-03
+2.2045000E+00,-7.3989E-03,+10.5735E-03
+2.2050000E+00,-7.2984E-03,+12.5835E-03
+2.2055000E+00,-7.4994E-03,+15.3976E-03
+2.2060000E+00,-7.2984E-03,+18.1112E-03
+2.2065000E+00,-7.3989E-03,+20.4227E-03
+2.2070000E+00,-7.2984E-03,+22.9353E-03
+2.2075000E+00,-6.6954E-03,+25.4479E-03
+2.2080000E+00,-6.7959E-03,+27.6589E-03
+2.2085000E+00,-6.8964E-03,+30.7745E-03
+2.2090000E+00,-6.6954E-03,+32.7845E-03
+2.2095000E+00,-6.6954E-03,+35.7996E-03
+2.2100000E+00,-6.5948E-03,+38.3122E-03
+2.2105000E+00,-6.7959E-03,+40.8247E-03
+2.2110000E+00,-6.6954E-03,+43.4378E-03
+2.2115000E+00,-6.0923E-03,+45.4479E-03
+2.2120000E+00,-6.0923E-03,+43.5383E-03
+2.2125000E+00,-6.3938E-03,+40.9253E-03
+2.2130000E+00,-6.7959E-03,+38.3122E-03
+2.2135000E+00,-6.2933E-03,+36.0006E-03
+2.2140000E+00,-6.3938E-03,+33.3876E-03
+2.2145000E+00,-6.3938E-03,+30.9755E-03
+2.2150000E+00,-6.7959E-03,+28.6639E-03
+2.2155000E+00,-6.5948E-03,+25.7494E-03
+2.2160000E+00,-6.1928E-03,+23.5383E-03
+2.2165000E+00,-7.0974E-03,+20.9253E-03
+2.2170000E+00,-6.8964E-03,+18.3122E-03
+2.2175000E+00,-6.7959E-03,+15.9001E-03
+2.2180000E+00,-6.8964E-03,+13.6891E-03
+2.2185000E+00,-7.3989E-03,+10.7745E-03
+2.2190000E+00,-7.1979E-03,+8.6639E-03
+2.2195000E+00,-6.9969E-03,+6.0509E-03
+2.2200000E+00,-7.3989E-03,+3.4378E-03
+2.2205000E+00,-7.3989E-03,+1.0258E-03
+2.2210000E+00,-7.7004E-03,-1.7883E-03
+2.2215000E+00,-7.3989E-03,-4.2004E-03
+2.2220000E+00,-8.2029E-03,-6.7129E-03
+2.2225000E+00,-8.1024E-03,-8.9240E-03
+2.2230000E+00,-8.3034E-03,-11.7381E-03
+2.2235000E+00,-8.7054E-03,-14.4516E-03
+2.2240000E+00,-8.3034E-03,-16.9642E-03
+2.2245000E+00,-8.4039E-03,-18.7732E-03
+2.2250000E+00,-8.6049E-03,-21.2858E-03
+2.2255000E+00,-8.4039E-03,-24.0999E-03
+2.2260000E+00,-9.0069E-03,-26.7129E-03
+2.2265000E+00,-9.1074E-03,-29.0245E-03
+2.2270000E+00,-9.3084E-03,-31.7381E-03
+2.2275000E+00,-9.2079E-03,-33.9491E-03
+2.2280000E+00,-9.1074E-03,-36.5622E-03
+2.2285000E+00,-9.0069E-03,-38.8737E-03
+2.2290000E+00,-9.5094E-03,-41.4868E-03
+2.2295000E+00,-9.9114E-03,-43.8989E-03
+2.2300000E+00,-9.4089E-03,-46.3109E-03
+2.2305000E+00,-9.9114E-03,-49.0245E-03
+2.2310000E+00,-10.0119E-03,-51.3361E-03
+2.2315000E+00,-10.1124E-03,-53.4466E-03
+2.2320000E+00,-9.7104E-03,-51.5371E-03
+2.2325000E+00,-9.6099E-03,-49.0245E-03
+2.2330000E+00,-9.8109E-03,-46.5119E-03
+2.2335000E+00,-9.7104E-03,-44.7029E-03
+2.2340000E+00,-9.3084E-03,-41.5873E-03
+2.2345000E+00,-8.8059E-03,-39.3763E-03
+2.2350000E+00,-8.4039E-03,-36.5622E-03
+2.2355000E+00,-8.8059E-03,-34.8536E-03
+2.2360000E+00,-9.1074E-03,-31.8386E-03
+2.2365000E+00,-8.3034E-03,-29.3260E-03
+2.2370000E+00,-8.5044E-03,-26.7129E-03
+2.2375000E+00,-8.5044E-03,-24.4014E-03
+2.2380000E+00,-8.4039E-03,-21.6878E-03
+2.2385000E+00,-8.0019E-03,-19.1753E-03
+2.2390000E+00,-8.0019E-03,-16.9642E-03
+2.2395000E+00,-7.9014E-03,-14.2506E-03
+2.2400000E+00,-7.9014E-03,-11.7381E-03
+2.2405000E+00,-8.0019E-03,-9.7280E-03
+2.2410000E+00,-7.5999E-03,-7.1149E-03
+2.2415000E+00,-7.7004E-03,-4.5019E-03
+2.2420000E+00,-7.7004E-03,-1.7883E-03
+2.2425000E+00,-7.5999E-03,+623.7E-06
+2.2430000E+00,-7.5999E-03,+2.9353E-03
+2.2435000E+00,-7.2984E-03,+5.3474E-03
+2.2440000E+00,-7.4994E-03,+7.8599E-03
+2.2445000E+00,-7.2984E-03,+10.1715E-03
+2.2450000E+00,-7.1979E-03,+12.7845E-03
+2.2455000E+00,-6.6954E-03,+15.3976E-03
+2.2460000E+00,-7.7004E-03,+18.0107E-03
+2.2465000E+00,-7.1979E-03,+20.7242E-03
+2.2470000E+00,-6.7959E-03,+23.0358E-03
+2.2475000E+00,-6.8964E-03,+25.7494E-03
+2.2480000E+00,-7.0974E-03,+28.2619E-03
+2.2485000E+00,-6.7959E-03,+30.6740E-03
+2.2490000E+00,-6.6954E-03,+32.9856E-03
+2.2495000E+00,-6.3938E-03,+35.5986E-03
+2.2500000E+00,-6.8964E-03,+38.0107E-03
+2.2505000E+00,-6.8964E-03,+40.5232E-03
+2.2510000E+00,-6.3938E-03,+43.0358E-03
+2.2515000E+00,-6.2933E-03,+45.0459E-03
+2.2520000E+00,-6.5948E-03,+43.5383E-03
+2.2525000E+00,-6.2933E-03,+40.8247E-03
+2.2530000E+00,-6.2933E-03,+38.4127E-03
+2.2535000E+00,-6.1928E-03,+36.1011E-03
+2.2540000E+00,-6.2933E-03,+33.2871E-03
+2.2545000E+00,-6.6954E-03,+30.5735E-03
+2.2550000E+00,-6.6954E-03,+28.3624E-03
+2.2555000E+00,-6.3938E-03,+26.0509E-03
+2.2560000E+00,-6.6954E-03,+23.7393E-03
+2.2565000E+00,-6.8964E-03,+20.6237E-03
+2.2570000E+00,-6.4943E-03,+18.4127E-03
+2.2575000E+00,-6.6954E-03,+15.7996E-03
+2.2580000E+00,-6.7959E-03,+12.9856E-03
+2.2585000E+00,-7.3989E-03,+10.3725E-03
+2.2590000E+00,-7.5999E-03,+8.4629E-03
+2.2595000E+00,-6.8964E-03,+5.3474E-03
+2.2600000E+00,-7.5999E-03,+3.4378E-03
+2.2605000E+00,-7.9014E-03,+623.7E-06
+2.2610000E+00,-7.7004E-03,-1.7883E-03
+2.2615000E+00,-7.8009E-03,-4.6024E-03
+2.2620000E+00,-7.2984E-03,-6.9139E-03
+2.2625000E+00,-7.5999E-03,-9.1250E-03
+2.2630000E+00,-8.3034E-03,-11.6376E-03
+2.2635000E+00,-8.2029E-03,-13.9491E-03
+2.2640000E+00,-8.3034E-03,-16.6627E-03
+2.2645000E+00,-8.2029E-03,-18.9742E-03
+2.2650000E+00,-8.5044E-03,-21.1853E-03
+2.2655000E+00,-8.4039E-03,-24.2004E-03
+2.2660000E+00,-8.3034E-03,-26.6124E-03
+2.2665000E+00,-8.7054E-03,-28.9240E-03
+2.2670000E+00,-9.1074E-03,-31.5371E-03
+2.2675000E+00,-9.1074E-03,-34.0496E-03
+2.2680000E+00,-8.8059E-03,-36.7632E-03
+2.2685000E+00,-8.8059E-03,-39.3763E-03
+2.2690000E+00,-9.6099E-03,-41.5873E-03
+2.2695000E+00,-9.6099E-03,-43.9994E-03
+2.2700000E+00,-9.4089E-03,-46.4114E-03
+2.2705000E+00,-9.5094E-03,-49.0245E-03
+2.2710000E+00,-9.9114E-03,-51.9391E-03
+2.2715000E+00,-10.1124E-03,-54.0496E-03
+2.2720000E+00,-9.4089E-03,-52.2406E-03
+2.2725000E+00,-9.3084E-03,-48.8235E-03
+2.2730000E+00,-9.1074E-03,-46.8134E-03
+2.2735000E+00,-9.0069E-03,-44.4014E-03
+2.2740000E+00,-9.1074E-03,-41.4868E-03
+2.2745000E+00,-8.8059E-03,-39.5773E-03
+2.2750000E+00,-8.8059E-03,-36.9642E-03
+2.2755000E+00,-8.6049E-03,-34.3511E-03
+2.2760000E+00,-8.4039E-03,-31.8386E-03
+2.2765000E+00,-8.0019E-03,-29.3260E-03
+2.2770000E+00,-8.2029E-03,-26.9139E-03
+2.2775000E+00,-8.3034E-03,-24.7029E-03
+2.2780000E+00,-8.5044E-03,-22.0898E-03
+2.2785000E+00,-7.7004E-03,-19.6778E-03
+2.2790000E+00,-7.4994E-03,-16.9642E-03
+2.2795000E+00,-8.1024E-03,-14.7531E-03
+2.2800000E+00,-7.8009E-03,-11.7381E-03
+2.2805000E+00,-7.4994E-03,-9.5270E-03
+2.2810000E+00,-7.5999E-03,-6.9139E-03
+2.2815000E+00,-7.8009E-03,-4.4014E-03
+2.2820000E+00,-7.7004E-03,-2.0898E-03
+2.2825000E+00,-7.2984E-03,+322.2E-06
+2.2830000E+00,-7.5999E-03,+3.0358E-03
+2.2835000E+00,-7.4994E-03,+5.2469E-03
+2.2840000E+00,-7.7004E-03,+7.7594E-03
+2.2845000E+00,-7.2984E-03,+9.9705E-03
+2.2850000E+00,-7.0974E-03,+13.0861E-03
+2.2855000E+00,-7.4994E-03,+15.2971E-03
+2.2860000E+00,-7.1979E-03,+17.7092E-03
+2.2865000E+00,-7.1979E-03,+20.3222E-03
+2.2870000E+00,-6.9969E-03,+23.0358E-03
+2.2875000E+00,-6.8964E-03,+25.5484E-03
+2.2880000E+00,-6.8964E-03,+27.8599E-03
+2.2885000E+00,-6.9969E-03,+30.5735E-03
+2.2890000E+00,-6.4943E-03,+33.1866E-03
+2.2895000E+00,-6.5948E-03,+35.6991E-03
+2.2900000E+00,-6.6954E-03,+38.2117E-03
+2.2905000E+00,-6.3938E-03,+40.5232E-03
+2.2910000E+00,-6.3938E-03,+43.3373E-03
+2.2915000E+00,-6.2933E-03,+45.3474E-03
+2.2920000E+00,-6.5948E-03,+43.5383E-03
+2.2925000E+00,-6.2933E-03,+40.9253E-03
+2.2930000E+00,-6.0923E-03,+38.2117E-03
+2.2935000E+00,-6.2933E-03,+35.9001E-03
+2.2940000E+00,-6.7959E-03,+33.0861E-03
+2.2945000E+00,-6.0923E-03,+30.4730E-03
+2.2950000E+00,-6.0923E-03,+28.0609E-03
+2.2955000E+00,-6.3938E-03,+25.7494E-03
+2.2960000E+00,-6.6954E-03,+23.2368E-03
+2.2965000E+00,-6.6954E-03,+21.1263E-03
+2.2970000E+00,-6.4943E-03,+18.3122E-03
+2.2975000E+00,-6.5948E-03,+15.6991E-03
+2.2980000E+00,-6.8964E-03,+13.0861E-03
+2.2985000E+00,-6.8964E-03,+10.7745E-03
+2.2990000E+00,-7.4994E-03,+8.3624E-03
+2.2995000E+00,-7.1979E-03,+5.4479E-03
+2.3000000E+00,-7.1979E-03,+3.2368E-03
+2.3005000E+00,-7.3989E-03,+523.2E-06
+2.3010000E+00,-7.7004E-03,-1.8888E-03
+2.3015000E+00,-7.5999E-03,-3.9994E-03
+2.3020000E+00,-7.2984E-03,-6.6124E-03
+2.3025000E+00,-8.2029E-03,-9.2255E-03
+2.3030000E+00,-7.9014E-03,-11.8386E-03
+2.3035000E+00,-8.3034E-03,-14.1501E-03
+2.3040000E+00,-8.3034E-03,-16.7632E-03
+2.3045000E+00,-8.5044E-03,-19.0747E-03
+2.3050000E+00,-8.8059E-03,-21.3863E-03
+2.3055000E+00,-8.5044E-03,-23.7984E-03
+2.3060000E+00,-8.8059E-03,-26.5119E-03
+2.3065000E+00,-9.0069E-03,-29.1250E-03
+2.3070000E+00,-9.1074E-03,-31.5371E-03
+2.3075000E+00,-9.1074E-03,-33.9491E-03
+2.3080000E+00,-9.0069E-03,-36.6627E-03
+2.3085000E+00,-9.1074E-03,-38.9742E-03
+2.3090000E+00,-9.4089E-03,-41.1853E-03
+2.3095000E+00,-9.6099E-03,-43.8989E-03
+2.3100000E+00,-9.5094E-03,-46.8134E-03
+2.3105000E+00,-9.7104E-03,-48.9240E-03
+2.3110000E+00,-9.5094E-03,-51.3361E-03
+2.3115000E+00,-9.9114E-03,-53.5471E-03
+2.3120000E+00,-9.5094E-03,-51.5371E-03
+2.3125000E+00,-9.5094E-03,-49.1250E-03
+2.3130000E+00,-9.7104E-03,-47.0144E-03
+2.3135000E+00,-8.9064E-03,-44.0999E-03
+2.3140000E+00,-9.1074E-03,-41.8888E-03
+2.3145000E+00,-8.5044E-03,-39.1753E-03
+2.3150000E+00,-9.0069E-03,-36.8637E-03
+2.3155000E+00,-9.0069E-03,-34.2506E-03
+2.3160000E+00,-8.5044E-03,-32.1401E-03
+2.3165000E+00,-7.9014E-03,-29.2255E-03
+2.3170000E+00,-8.8059E-03,-26.6124E-03
+2.3175000E+00,-8.8059E-03,-24.4014E-03
+2.3180000E+00,-7.8009E-03,-21.9893E-03
+2.3185000E+00,-8.2029E-03,-19.1753E-03
+2.3190000E+00,-8.1024E-03,-16.5622E-03
+2.3195000E+00,-8.2029E-03,-14.6526E-03
+2.3200000E+00,-8.0019E-03,-12.0396E-03
+2.3205000E+00,-7.3989E-03,-9.6275E-03
+2.3210000E+00,-7.3989E-03,-6.4114E-03
+2.3215000E+00,-8.0019E-03,-4.7029E-03
+2.3220000E+00,-7.8009E-03,-1.7883E-03
+2.3225000E+00,-7.4994E-03,+724.2E-06
+2.3230000E+00,-7.5999E-03,+2.9353E-03
+2.3235000E+00,-7.8009E-03,+4.6438E-03
+2.3240000E+00,-7.2984E-03,+7.7594E-03
+2.3245000E+00,-7.5999E-03,+10.3725E-03
+2.3250000E+00,-7.0974E-03,+13.0861E-03
+2.3255000E+00,-7.7004E-03,+15.3976E-03
+2.3260000E+00,-7.4994E-03,+18.3122E-03
+2.3265000E+00,-7.3989E-03,+20.5232E-03
+2.3270000E+00,-6.7959E-03,+23.3373E-03
+2.3275000E+00,-7.1979E-03,+25.3474E-03
+2.3280000E+00,-7.3989E-03,+27.8599E-03
+2.3285000E+00,-6.6954E-03,+30.7745E-03
+2.3290000E+00,-6.8964E-03,+32.9856E-03
+2.3295000E+00,-6.4943E-03,+35.4981E-03
+2.3300000E+00,-6.3938E-03,+37.9102E-03
+2.3305000E+00,-6.7959E-03,+41.0258E-03
+2.3310000E+00,-6.2933E-03,+43.0358E-03
+2.3315000E+00,-6.6954E-03,+45.0459E-03
+2.3320000E+00,-6.1928E-03,+43.2368E-03
+2.3325000E+00,-6.5948E-03,+40.9253E-03
+2.3330000E+00,-6.1928E-03,+38.3122E-03
+2.3335000E+00,-6.4943E-03,+36.3021E-03
+2.3340000E+00,-6.5948E-03,+33.0861E-03
+2.3345000E+00,-6.5948E-03,+30.9755E-03
+2.3350000E+00,-6.0923E-03,+28.8649E-03
+2.3355000E+00,-6.1928E-03,+25.9504E-03
+2.3360000E+00,-6.6954E-03,+23.3373E-03
+2.3365000E+00,-6.6954E-03,+21.0258E-03
+2.3370000E+00,-7.0974E-03,+18.2117E-03
+2.3375000E+00,-7.0974E-03,+15.7996E-03
+2.3380000E+00,-7.1979E-03,+13.4881E-03
+2.3385000E+00,-7.2984E-03,+10.8750E-03
+2.3390000E+00,-7.2984E-03,+8.5634E-03
+2.3395000E+00,-7.2984E-03,+6.0509E-03
+2.3400000E+00,-7.3989E-03,+2.9353E-03
+2.3405000E+00,-8.1024E-03,+824.7E-06
+2.3410000E+00,-7.4994E-03,-1.6878E-03
+2.3415000E+00,-7.2984E-03,-4.4014E-03
+2.3420000E+00,-7.8009E-03,-6.1099E-03
+2.3425000E+00,-8.0019E-03,-8.8235E-03
+2.3430000E+00,-8.3034E-03,-11.5371E-03
+2.3435000E+00,-8.2029E-03,-14.2506E-03
+2.3440000E+00,-8.4039E-03,-16.1602E-03
+2.3445000E+00,-8.5044E-03,-18.6727E-03
+2.3450000E+00,-8.7054E-03,-21.4868E-03
+2.3455000E+00,-8.5044E-03,-24.2004E-03
+2.3460000E+00,-8.5044E-03,-26.3109E-03
+2.3465000E+00,-8.8059E-03,-29.1250E-03
+2.3470000E+00,-9.0069E-03,-31.4366E-03
+2.3475000E+00,-9.3084E-03,-34.0496E-03
+2.3480000E+00,-9.3084E-03,-36.6627E-03
+2.3485000E+00,-9.2079E-03,-39.0747E-03
+2.3490000E+00,-9.8109E-03,-41.7883E-03
+2.3495000E+00,-9.7104E-03,-44.0999E-03
+2.3500000E+00,-9.3084E-03,-46.8134E-03
+2.3505000E+00,-9.6099E-03,-49.3260E-03
+2.3510000E+00,-9.7104E-03,-51.7381E-03
+2.3515000E+00,-10.0119E-03,-53.6476E-03
+2.3520000E+00,-9.6099E-03,-52.4416E-03
+2.3525000E+00,-9.5094E-03,-49.2255E-03
+2.3530000E+00,-9.7104E-03,-46.9139E-03
+2.3535000E+00,-9.2079E-03,-44.4014E-03
+2.3540000E+00,-9.0069E-03,-41.7883E-03
+2.3545000E+00,-9.0069E-03,-39.1753E-03
+2.3550000E+00,-9.0069E-03,-37.2657E-03
+2.3555000E+00,-8.7054E-03,-34.1501E-03
+2.3560000E+00,-8.5044E-03,-32.0396E-03
+2.3565000E+00,-8.5044E-03,-29.1250E-03
+2.3570000E+00,-8.4039E-03,-26.8134E-03
+2.3575000E+00,-8.5044E-03,-23.8989E-03
+2.3580000E+00,-7.9014E-03,-22.1903E-03
+2.3585000E+00,-8.1024E-03,-19.8788E-03
+2.3590000E+00,-8.6049E-03,-17.2657E-03
+2.3595000E+00,-8.2029E-03,-14.4516E-03
+2.3600000E+00,-8.1024E-03,-12.1401E-03
+2.3605000E+00,-7.7004E-03,-9.6275E-03
+2.3610000E+00,-7.8009E-03,-6.9139E-03
+2.3615000E+00,-8.2029E-03,-4.7029E-03
+2.3620000E+00,-7.4994E-03,-2.0898E-03
+2.3625000E+00,-7.5999E-03,+422.7E-06
+2.3630000E+00,-7.7004E-03,+2.9353E-03
+2.3635000E+00,-7.8009E-03,+5.1464E-03
+2.3640000E+00,-7.3989E-03,+7.3574E-03
+2.3645000E+00,-7.5999E-03,+10.1715E-03
+2.3650000E+00,-7.4994E-03,+12.2820E-03
+2.3655000E+00,-7.7004E-03,+15.2971E-03
+2.3660000E+00,-7.7004E-03,+17.8097E-03
+2.3665000E+00,-7.4994E-03,+20.2217E-03
+2.3670000E+00,-7.1979E-03,+22.8348E-03
+2.3675000E+00,-7.0974E-03,+24.9454E-03
+2.3680000E+00,-6.9969E-03,+27.8599E-03
+2.3685000E+00,-6.8964E-03,+30.4730E-03
+2.3690000E+00,-6.6954E-03,+32.7845E-03
+2.3695000E+00,-6.4943E-03,+35.6991E-03
+2.3700000E+00,-6.6954E-03,+38.2117E-03
+2.3705000E+00,-6.6954E-03,+40.3222E-03
+2.3710000E+00,-6.2933E-03,+43.2368E-03
+2.3715000E+00,-6.3938E-03,+45.2469E-03
+2.3720000E+00,-6.1928E-03,+43.8398E-03
+2.3725000E+00,-6.4943E-03,+41.1263E-03
+2.3730000E+00,-5.5898E-03,+38.4127E-03
+2.3735000E+00,-6.3938E-03,+35.4981E-03
+2.3740000E+00,-6.8964E-03,+33.3876E-03
+2.3745000E+00,-6.4943E-03,+31.0760E-03
+2.3750000E+00,-6.1928E-03,+28.3624E-03
+2.3755000E+00,-6.3938E-03,+26.1514E-03
+2.3760000E+00,-6.4943E-03,+23.1363E-03
+2.3765000E+00,-6.3938E-03,+21.0258E-03
+2.3770000E+00,-6.5948E-03,+18.3122E-03
+2.3775000E+00,-6.6954E-03,+15.6991E-03
+2.3780000E+00,-6.8964E-03,+12.9856E-03
+2.3785000E+00,-7.1979E-03,+11.1765E-03
+2.3790000E+00,-6.8964E-03,+8.1614E-03
+2.3795000E+00,-7.1979E-03,+5.4479E-03
+2.3800000E+00,-7.2984E-03,+3.0358E-03
+2.3805000E+00,-7.3989E-03,+1.0258E-03
+2.3810000E+00,-7.3989E-03,-1.8888E-03
+2.3815000E+00,-7.1979E-03,-3.8989E-03
+2.3820000E+00,-7.7004E-03,-7.0144E-03
+2.3825000E+00,-8.1024E-03,-9.2255E-03
+2.3830000E+00,-8.2029E-03,-11.5371E-03
+2.3835000E+00,-8.1024E-03,-14.2506E-03
+2.3840000E+00,-8.5044E-03,-16.7632E-03
+2.3845000E+00,-8.3034E-03,-18.9742E-03
+2.3850000E+00,-8.2029E-03,-21.2858E-03
+2.3855000E+00,-8.2029E-03,-24.3009E-03
+2.3860000E+00,-8.4039E-03,-26.5119E-03
+2.3865000E+00,-9.2079E-03,-29.0245E-03
+2.3870000E+00,-8.9064E-03,-31.5371E-03
+2.3875000E+00,-9.3084E-03,-34.3511E-03
+2.3880000E+00,-9.0069E-03,-36.5622E-03
+2.3885000E+00,-9.5094E-03,-39.1753E-03
+2.3890000E+00,-9.3084E-03,-41.6878E-03
+2.3895000E+00,-9.4089E-03,-44.5019E-03
+2.3900000E+00,-9.4089E-03,-46.5119E-03
+2.3905000E+00,-9.8109E-03,-49.4265E-03
+2.3910000E+00,-10.0119E-03,-51.8386E-03
+2.3915000E+00,-10.0119E-03,-53.7481E-03
+2.3920000E+00,-9.6099E-03,-51.8386E-03
+2.3925000E+00,-9.5094E-03,-49.6275E-03
+2.3930000E+00,-9.5094E-03,-46.8134E-03
+2.3935000E+00,-8.9064E-03,-44.4014E-03
+2.3940000E+00,-8.9064E-03,-41.8888E-03
+2.3945000E+00,-9.1074E-03,-39.5773E-03
+2.3950000E+00,-8.7054E-03,-36.8637E-03
+2.3955000E+00,-8.4039E-03,-34.5521E-03
+2.3960000E+00,-8.2029E-03,-31.7381E-03
+2.3965000E+00,-8.3034E-03,-29.4265E-03
+2.3970000E+00,-8.4039E-03,-27.0144E-03
+2.3975000E+00,-8.2029E-03,-24.6024E-03
+2.3980000E+00,-7.9014E-03,-21.9893E-03
+2.3985000E+00,-7.8009E-03,-19.2758E-03
+2.3990000E+00,-8.2029E-03,-16.9642E-03
+2.3995000E+00,-8.3034E-03,-14.5521E-03
+2.4000000E+00,-7.5999E-03,-12.0396E-03
+2.4005000E+00,-8.0019E-03,-9.8285E-03
+2.4010000E+00,-7.8009E-03,-7.0144E-03
+2.4015000E+00,-7.8009E-03,-4.6024E-03
+2.4020000E+00,-7.7004E-03,-2.1903E-03
+2.4025000E+00,-7.0974E-03,+523.2E-06
+2.4030000E+00,-7.8009E-03,+2.6338E-03
+2.4035000E+00,-7.9014E-03,+5.2469E-03
+2.4040000E+00,-7.4994E-03,+7.4579E-03
+2.4045000E+00,-7.1979E-03,+9.9705E-03
+2.4050000E+00,-7.4994E-03,+12.6840E-03
+2.4055000E+00,-7.1979E-03,+14.9956E-03
+2.4060000E+00,-7.7004E-03,+17.8097E-03
+2.4065000E+00,-6.9969E-03,+20.3222E-03
+2.4070000E+00,-6.7959E-03,+23.0358E-03
+2.4075000E+00,-7.4994E-03,+25.6489E-03
+2.4080000E+00,-6.7959E-03,+27.8599E-03
+2.4085000E+00,-6.7959E-03,+30.0710E-03
+2.4090000E+00,-6.7959E-03,+32.8850E-03
+2.4095000E+00,-6.5948E-03,+35.0961E-03
+2.4100000E+00,-6.4943E-03,+37.9102E-03
+2.4105000E+00,-6.3938E-03,+40.7242E-03
+2.4110000E+00,-6.5948E-03,+42.8348E-03
+2.4115000E+00,-6.3938E-03,+45.1464E-03
+2.4120000E+00,-6.7959E-03,+43.4378E-03
+2.4125000E+00,-6.0923E-03,+40.8247E-03
+2.4130000E+00,-5.9918E-03,+38.3122E-03
+2.4135000E+00,-6.1928E-03,+35.5986E-03
+2.4140000E+00,-6.2933E-03,+33.1866E-03
+2.4145000E+00,-6.1928E-03,+30.5735E-03
+2.4150000E+00,-6.1928E-03,+28.1614E-03
+2.4155000E+00,-6.6954E-03,+25.3474E-03
+2.4160000E+00,-6.7959E-03,+23.0358E-03
+2.4165000E+00,-6.6954E-03,+20.9253E-03
+2.4170000E+00,-6.5948E-03,+17.8097E-03
+2.4175000E+00,-6.6954E-03,+16.0006E-03
+2.4180000E+00,-6.7959E-03,+12.8850E-03
+2.4185000E+00,-7.1979E-03,+10.4730E-03
+2.4190000E+00,-6.9969E-03,+7.9604E-03
+2.4195000E+00,-7.2984E-03,+5.3474E-03
+2.4200000E+00,-7.7004E-03,+3.1363E-03
+2.4205000E+00,-7.7004E-03,+925.3E-06
+2.4210000E+00,-7.2984E-03,-1.7883E-03
+2.4215000E+00,-7.3989E-03,-4.4014E-03
+2.4220000E+00,-7.9014E-03,-6.8134E-03
+2.4225000E+00,-8.2029E-03,-9.3260E-03
+2.4230000E+00,-8.1024E-03,-11.8386E-03
+2.4235000E+00,-8.3034E-03,-14.1501E-03
+2.4240000E+00,-8.5044E-03,-16.9642E-03
+2.4245000E+00,-8.6049E-03,-19.0747E-03
+2.4250000E+00,-8.2029E-03,-21.7883E-03
+2.4255000E+00,-8.4039E-03,-24.2004E-03
+2.4260000E+00,-9.1074E-03,-26.8134E-03
+2.4265000E+00,-9.0069E-03,-29.3260E-03
+2.4270000E+00,-8.8059E-03,-31.9391E-03
+2.4275000E+00,-8.9064E-03,-34.5521E-03
+2.4280000E+00,-8.6049E-03,-36.8637E-03
+2.4285000E+00,-9.3084E-03,-39.0747E-03
+2.4290000E+00,-9.2079E-03,-41.3863E-03
+2.4295000E+00,-9.1074E-03,-43.8989E-03
+2.4300000E+00,-9.2079E-03,-46.2104E-03
+2.4305000E+00,-9.8109E-03,-48.8235E-03
+2.4310000E+00,-9.9114E-03,-51.4366E-03
+2.4315000E+00,-9.8109E-03,-53.9491E-03
+2.4320000E+00,-9.8109E-03,-51.9391E-03
+2.4325000E+00,-9.6099E-03,-49.5270E-03
+2.4330000E+00,-9.3084E-03,-47.2155E-03
+2.4335000E+00,-8.9064E-03,-44.7029E-03
+2.4340000E+00,-8.4039E-03,-41.9893E-03
+2.4345000E+00,-8.7054E-03,-39.6778E-03
+2.4350000E+00,-9.1074E-03,-37.1652E-03
+2.4355000E+00,-8.2029E-03,-34.8536E-03
+2.4360000E+00,-8.1024E-03,-32.0396E-03
+2.4365000E+00,-8.2029E-03,-29.6275E-03
+2.4370000E+00,-8.2029E-03,-27.3160E-03
+2.4375000E+00,-8.0019E-03,-24.7029E-03
+2.4380000E+00,-7.9014E-03,-21.8888E-03
+2.4385000E+00,-7.8009E-03,-19.4768E-03
+2.4390000E+00,-8.0019E-03,-17.2657E-03
+2.4395000E+00,-7.5999E-03,-14.8536E-03
+2.4400000E+00,-7.8009E-03,-12.1401E-03
+2.4405000E+00,-7.5999E-03,-9.8285E-03
+2.4410000E+00,-7.5999E-03,-6.8134E-03
+2.4415000E+00,-7.4994E-03,-4.5019E-03
+2.4420000E+00,-7.3989E-03,-2.4918E-03
+2.4425000E+00,-7.5999E-03,+221.7E-06
+2.4430000E+00,-7.2984E-03,+2.6338E-03
+2.4435000E+00,-7.5999E-03,+4.9454E-03
+2.4440000E+00,-7.9014E-03,+7.5584E-03
+2.4445000E+00,-7.1979E-03,+10.1715E-03
+2.4450000E+00,-7.2984E-03,+12.3825E-03
+2.4455000E+00,-6.8964E-03,+15.3976E-03
+2.4460000E+00,-7.2984E-03,+17.2067E-03
+2.4465000E+00,-6.9969E-03,+20.3222E-03
+2.4470000E+00,-7.2984E-03,+22.8348E-03
+2.4475000E+00,-7.0974E-03,+24.9454E-03
+2.4480000E+00,-6.6954E-03,+27.2569E-03
+2.4485000E+00,-6.2933E-03,+29.8700E-03
+2.4490000E+00,-6.8964E-03,+32.2820E-03
+2.4495000E+00,-7.0974E-03,+34.8951E-03
+2.4500000E+00,-6.3938E-03,+37.3072E-03
+2.4505000E+00,-6.0923E-03,+40.2217E-03
+2.4510000E+00,-6.3938E-03,+42.4328E-03
+2.4515000E+00,-6.2933E-03,+44.7443E-03
+2.4520000E+00,-6.1928E-03,+43.1363E-03
+2.4525000E+00,-6.1928E-03,+40.0207E-03
+2.4530000E+00,-6.2933E-03,+37.8097E-03
+2.4535000E+00,-6.2933E-03,+35.2971E-03
+2.4540000E+00,-6.4943E-03,+32.9856E-03
+2.4545000E+00,-6.0923E-03,+29.9705E-03
+2.4550000E+00,-6.2933E-03,+27.8599E-03
+2.4555000E+00,-6.8964E-03,+25.5484E-03
+2.4560000E+00,-6.7959E-03,+22.8348E-03
+2.4565000E+00,-6.6954E-03,+20.5232E-03
+2.4570000E+00,-6.6954E-03,+17.9102E-03
+2.4575000E+00,-6.7959E-03,+15.3976E-03
+2.4580000E+00,-7.1979E-03,+12.4830E-03
+2.4585000E+00,-6.8964E-03,+10.1715E-03
+2.4590000E+00,-7.0974E-03,+7.8599E-03
+2.4595000E+00,-7.7004E-03,+5.3474E-03
+2.4600000E+00,-7.5999E-03,+2.7343E-03
+2.4605000E+00,-7.2984E-03,+724.2E-06
+2.4610000E+00,-7.8009E-03,-2.0898E-03
+2.4615000E+00,-7.9014E-03,-4.2004E-03
+2.4620000E+00,-8.1024E-03,-7.0144E-03
+2.4625000E+00,-8.1024E-03,-9.5270E-03
+2.4630000E+00,-8.2029E-03,-12.3411E-03
+2.4635000E+00,-8.3034E-03,-14.3511E-03
+2.4640000E+00,-8.8059E-03,-17.2657E-03
+2.4645000E+00,-8.9064E-03,-19.2758E-03
+2.4650000E+00,-8.5044E-03,-21.6878E-03
+2.4655000E+00,-8.6049E-03,-24.5019E-03
+2.4660000E+00,-9.9114E-03,-27.2155E-03
+2.4665000E+00,-9.4089E-03,-29.2255E-03
+2.4670000E+00,-9.0069E-03,-32.2406E-03
+2.4675000E+00,-9.4089E-03,-34.2506E-03
+2.4680000E+00,-9.2079E-03,-37.1652E-03
+2.4685000E+00,-9.5094E-03,-39.5773E-03
+2.4690000E+00,-9.6099E-03,-41.8888E-03
+2.4695000E+00,-9.7104E-03,-44.3009E-03
+2.4700000E+00,-9.6099E-03,-46.6124E-03
+2.4705000E+00,-10.0119E-03,-49.3260E-03
+2.4710000E+00,-9.8109E-03,-52.1401E-03
+2.4715000E+00,-10.0119E-03,-54.1501E-03
+2.4720000E+00,-10.0119E-03,-51.9391E-03
+2.4725000E+00,-10.2129E-03,-49.6275E-03
+2.4730000E+00,-9.3084E-03,-46.9139E-03
+2.4735000E+00,-9.3084E-03,-44.7029E-03
+2.4740000E+00,-9.4089E-03,-42.1903E-03
+2.4745000E+00,-9.3084E-03,-40.2808E-03
+2.4750000E+00,-9.3084E-03,-37.4667E-03
+2.4755000E+00,-8.7054E-03,-34.9541E-03
+2.4760000E+00,-8.9064E-03,-32.4416E-03
+2.4765000E+00,-8.8059E-03,-29.6275E-03
+2.4770000E+00,-8.7054E-03,-27.5170E-03
+2.4775000E+00,-8.5044E-03,-24.8034E-03
+2.4780000E+00,-7.9014E-03,-22.0898E-03
+2.4785000E+00,-8.3034E-03,-19.5773E-03
+2.4790000E+00,-8.3034E-03,-17.6677E-03
+2.4795000E+00,-8.1024E-03,-14.9541E-03
+2.4800000E+00,-7.5999E-03,-12.1401E-03
+2.4805000E+00,-7.7004E-03,-9.7280E-03
+2.4810000E+00,-8.0019E-03,-7.5170E-03
+2.4815000E+00,-8.0019E-03,-4.7029E-03
+2.4820000E+00,-7.3989E-03,-2.7933E-03
+2.4825000E+00,-8.0019E-03,+20.7E-06
+2.4830000E+00,-8.0019E-03,+2.5333E-03
+2.4835000E+00,-7.3989E-03,+5.1464E-03
+2.4840000E+00,-7.7004E-03,+7.2569E-03
+2.4845000E+00,-7.0974E-03,+10.1715E-03
+2.4850000E+00,-7.4994E-03,+12.2820E-03
+2.4855000E+00,-7.5999E-03,+15.2971E-03
+2.4860000E+00,-7.1979E-03,+17.9102E-03
+2.4865000E+00,-7.0974E-03,+20.2217E-03
+2.4870000E+00,-7.1979E-03,+22.4328E-03
+2.4875000E+00,-7.2984E-03,+25.0459E-03
+2.4880000E+00,-7.1979E-03,+27.5584E-03
+2.4885000E+00,-6.4943E-03,+30.3725E-03
+2.4890000E+00,-7.1979E-03,+32.7845E-03
+2.4895000E+00,-6.5948E-03,+35.3976E-03
+2.4900000E+00,-6.4943E-03,+37.5082E-03
+2.4905000E+00,-6.4943E-03,+40.3222E-03
+2.4910000E+00,-6.5948E-03,+42.8348E-03
+2.4915000E+00,-6.6954E-03,+45.0459E-03
+2.4920000E+00,-6.5948E-03,+43.5383E-03
+2.4925000E+00,-6.2933E-03,+40.8247E-03
+2.4930000E+00,-5.9918E-03,+38.2117E-03
+2.4935000E+00,-6.6954E-03,+35.3976E-03
+2.4940000E+00,-6.8964E-03,+33.0861E-03
+2.4945000E+00,-6.6954E-03,+30.6740E-03
+2.4950000E+00,-6.5948E-03,+28.0609E-03
+2.4955000E+00,-6.6954E-03,+25.7494E-03
+2.4960000E+00,-6.8964E-03,+22.7343E-03
+2.4965000E+00,-6.5948E-03,+20.4227E-03
+2.4970000E+00,-6.4943E-03,+18.1112E-03
+2.4975000E+00,-7.1979E-03,+15.4981E-03
+2.4980000E+00,-6.7959E-03,+13.2871E-03
+2.4985000E+00,-6.8964E-03,+10.3725E-03
+2.4990000E+00,-6.9969E-03,+7.8599E-03
+2.4995000E+00,-7.2984E-03,+4.9454E-03
+2.5000000E+00,-7.4994E-03,+2.8348E-03
+2.5005000E+00,-7.5999E-03,+422.7E-06
+2.5010000E+00,-7.4994E-03,-2.1903E-03
+2.5015000E+00,-7.4994E-03,-4.4014E-03
+2.5020000E+00,-8.2029E-03,-7.5170E-03
+2.5025000E+00,-8.2029E-03,-9.3260E-03
+2.5030000E+00,-7.7004E-03,-11.4366E-03
+2.5035000E+00,-8.1024E-03,-14.2506E-03
+2.5040000E+00,-9.1074E-03,-17.0647E-03
+2.5045000E+00,-8.9064E-03,-19.0747E-03
+2.5050000E+00,-8.4039E-03,-22.2908E-03
+2.5055000E+00,-8.7054E-03,-24.2004E-03
+2.5060000E+00,-9.4089E-03,-26.7129E-03
+2.5065000E+00,-9.4089E-03,-29.1250E-03
+2.5070000E+00,-8.9064E-03,-31.6376E-03
+2.5075000E+00,-9.0069E-03,-34.3511E-03
+2.5080000E+00,-9.6099E-03,-36.8637E-03
+2.5085000E+00,-9.3084E-03,-39.3763E-03
+2.5090000E+00,-9.5094E-03,-41.6878E-03
+2.5095000E+00,-9.7104E-03,-44.5019E-03
+2.5100000E+00,-9.5094E-03,-46.7129E-03
+2.5105000E+00,-9.5094E-03,-49.6275E-03
+2.5110000E+00,-10.0119E-03,-52.2406E-03
+2.5115000E+00,-9.6099E-03,-53.7481E-03
+2.5120000E+00,-9.7104E-03,-52.0396E-03
+2.5125000E+00,-9.7104E-03,-49.6275E-03
+2.5130000E+00,-9.2079E-03,-47.5170E-03
+2.5135000E+00,-8.8059E-03,-44.7029E-03
+2.5140000E+00,-9.4089E-03,-42.3913E-03
+2.5145000E+00,-9.2079E-03,-39.8788E-03
+2.5150000E+00,-8.9064E-03,-37.5672E-03
+2.5155000E+00,-8.5044E-03,-35.5572E-03
+2.5160000E+00,-8.4039E-03,-32.5421E-03
+2.5165000E+00,-8.7054E-03,-30.2305E-03
+2.5170000E+00,-8.1024E-03,-27.4165E-03
+2.5175000E+00,-8.1024E-03,-25.3059E-03
+2.5180000E+00,-8.3034E-03,-22.7933E-03
+2.5185000E+00,-8.6049E-03,-20.0798E-03
+2.5190000E+00,-8.0019E-03,-17.7682E-03
+2.5195000E+00,-7.5999E-03,-15.1552E-03
+2.5200000E+00,-7.5999E-03,-12.4416E-03
+2.5205000E+00,-8.0019E-03,-10.3310E-03
+2.5210000E+00,-8.0019E-03,-8.0195E-03
+2.5215000E+00,-7.7004E-03,-4.9039E-03
+2.5220000E+00,-7.2984E-03,-2.4918E-03
+2.5225000E+00,-7.7004E-03,+121.2E-06
+2.5230000E+00,-7.7004E-03,+2.0308E-03
+2.5235000E+00,-7.3989E-03,+4.8448E-03
+2.5240000E+00,-7.1979E-03,+7.5584E-03
+2.5245000E+00,-7.4994E-03,+9.8700E-03
+2.5250000E+00,-7.9014E-03,+12.8850E-03
+2.5255000E+00,-7.7004E-03,+15.0961E-03
+2.5260000E+00,-7.1979E-03,+17.2067E-03
+2.5265000E+00,-7.1979E-03,+20.0207E-03
+2.5270000E+00,-7.3989E-03,+22.2318E-03
+2.5275000E+00,-6.9969E-03,+24.9454E-03
+2.5280000E+00,-6.8964E-03,+27.1564E-03
+2.5285000E+00,-6.8964E-03,+30.0710E-03
+2.5290000E+00,-6.9969E-03,+32.4830E-03
+2.5295000E+00,-6.7959E-03,+34.9956E-03
+2.5300000E+00,-6.5948E-03,+37.6087E-03
+2.5305000E+00,-6.4943E-03,+40.4227E-03
+2.5310000E+00,-6.5948E-03,+42.8348E-03
+2.5315000E+00,-6.1928E-03,+45.0459E-03
+2.5320000E+00,-6.4943E-03,+43.1363E-03
+2.5325000E+00,-6.3938E-03,+40.7242E-03
+2.5330000E+00,-6.4943E-03,+38.2117E-03
+2.5335000E+00,-6.9969E-03,+35.2971E-03
+2.5340000E+00,-6.6954E-03,+32.6840E-03
+2.5345000E+00,-6.1928E-03,+30.6740E-03
+2.5350000E+00,-6.2933E-03,+28.0609E-03
+2.5355000E+00,-7.1979E-03,+25.2469E-03
+2.5360000E+00,-6.6954E-03,+22.6338E-03
+2.5365000E+00,-6.6954E-03,+20.7242E-03
+2.5370000E+00,-6.6954E-03,+17.8097E-03
+2.5375000E+00,-7.3989E-03,+15.6991E-03
+2.5380000E+00,-7.1979E-03,+12.8850E-03
+2.5385000E+00,-7.0974E-03,+10.0710E-03
+2.5390000E+00,-7.4994E-03,+8.1614E-03
+2.5395000E+00,-7.5999E-03,+5.3474E-03
+2.5400000E+00,-7.3989E-03,+2.7343E-03
+2.5405000E+00,-7.5999E-03,+523.2E-06
+2.5410000E+00,-7.2984E-03,-1.8888E-03
+2.5415000E+00,-8.0019E-03,-4.6024E-03
+2.5420000E+00,-7.7004E-03,-6.8134E-03
+2.5425000E+00,-7.9014E-03,-9.3260E-03
+2.5430000E+00,-8.2029E-03,-12.0396E-03
+2.5435000E+00,-8.3034E-03,-14.1501E-03
+2.5440000E+00,-8.5044E-03,-16.9642E-03
+2.5445000E+00,-8.7054E-03,-19.2758E-03
+2.5450000E+00,-8.5044E-03,-21.9893E-03
+2.5455000E+00,-8.7054E-03,-23.9994E-03
+2.5460000E+00,-8.9064E-03,-27.0144E-03
+2.5465000E+00,-9.0069E-03,-29.4265E-03
+2.5470000E+00,-8.9064E-03,-31.9391E-03
+2.5475000E+00,-8.9064E-03,-34.1501E-03
+2.5480000E+00,-9.6099E-03,-36.6627E-03
+2.5485000E+00,-9.4089E-03,-38.9742E-03
+2.5490000E+00,-9.5094E-03,-41.9893E-03
+2.5495000E+00,-9.5094E-03,-44.5019E-03
+2.5500000E+00,-9.7104E-03,-46.7129E-03
+2.5505000E+00,-9.5094E-03,-49.0245E-03
+2.5510000E+00,-9.8109E-03,-51.6376E-03
+2.5515000E+00,-9.8109E-03,-53.4466E-03
+2.5520000E+00,-9.7104E-03,-52.3411E-03
+2.5525000E+00,-9.7104E-03,-49.3260E-03
+2.5530000E+00,-9.2079E-03,-46.9139E-03
+2.5535000E+00,-9.0069E-03,-44.4014E-03
+2.5540000E+00,-8.9064E-03,-41.6878E-03
+2.5545000E+00,-8.8059E-03,-39.2758E-03
+2.5550000E+00,-8.5044E-03,-36.8637E-03
+2.5555000E+00,-7.8009E-03,-34.2506E-03
+2.5560000E+00,-8.5044E-03,-32.1401E-03
+2.5565000E+00,-7.9014E-03,-29.3260E-03
+2.5570000E+00,-7.9014E-03,-26.9139E-03
+2.5575000E+00,-8.0019E-03,-24.5019E-03
+2.5580000E+00,-8.1024E-03,-21.5873E-03
+2.5585000E+00,-7.9014E-03,-19.3763E-03
+2.5590000E+00,-8.2029E-03,-16.7632E-03
+2.5595000E+00,-7.7004E-03,-14.5521E-03
+2.5600000E+00,-7.3989E-03,-11.9391E-03
+2.5605000E+00,-7.9014E-03,-9.4265E-03
+2.5610000E+00,-7.5999E-03,-7.0144E-03
+2.5615000E+00,-7.2984E-03,-4.3009E-03
+2.5620000E+00,-7.2984E-03,-1.7883E-03
+2.5625000E+00,-7.2984E-03,+523.2E-06
+2.5630000E+00,-7.3989E-03,+2.8348E-03
+2.5635000E+00,-7.1979E-03,+4.9454E-03
+2.5640000E+00,-7.0974E-03,+7.8599E-03
+2.5645000E+00,-7.1979E-03,+10.3725E-03
+2.5650000E+00,-6.9969E-03,+12.6840E-03
+2.5655000E+00,-7.1979E-03,+15.0961E-03
+2.5660000E+00,-6.5948E-03,+17.5082E-03
+2.5665000E+00,-7.4994E-03,+20.5232E-03
+2.5670000E+00,-6.8964E-03,+22.9353E-03
+2.5675000E+00,-6.7959E-03,+25.5484E-03
+2.5680000E+00,-6.4943E-03,+27.9604E-03
+2.5685000E+00,-6.5948E-03,+29.9705E-03
+2.5690000E+00,-6.2933E-03,+32.5835E-03
+2.5695000E+00,-6.0923E-03,+35.3976E-03
+2.5700000E+00,-6.4943E-03,+37.7092E-03
+2.5705000E+00,-5.9918E-03,+40.5232E-03
+2.5710000E+00,-5.9918E-03,+42.9353E-03
+2.5715000E+00,-6.0923E-03,+45.0459E-03
+2.5720000E+00,-6.0923E-03,+42.9353E-03
+2.5725000E+00,-5.8913E-03,+40.6237E-03
+2.5730000E+00,-6.1928E-03,+37.7092E-03
+2.5735000E+00,-5.7908E-03,+35.7996E-03
+2.5740000E+00,-6.1928E-03,+32.8850E-03
+2.5745000E+00,-6.1928E-03,+30.8750E-03
+2.5750000E+00,-6.2933E-03,+28.0609E-03
+2.5755000E+00,-6.3938E-03,+25.6489E-03
+2.5760000E+00,-6.3938E-03,+23.0358E-03
+2.5765000E+00,-6.0923E-03,+20.2217E-03
+2.5770000E+00,-6.4943E-03,+18.4127E-03
+2.5775000E+00,-6.6954E-03,+15.0961E-03
+2.5780000E+00,-6.8964E-03,+12.9856E-03
+2.5785000E+00,-6.4943E-03,+10.8750E-03
+2.5790000E+00,-6.7959E-03,+7.9604E-03
+2.5795000E+00,-7.2984E-03,+5.6489E-03
+2.5800000E+00,-7.0974E-03,+3.0358E-03
+2.5805000E+00,-7.1979E-03,+322.2E-06
+2.5810000E+00,-7.2984E-03,-1.6878E-03
+2.5815000E+00,-7.4994E-03,-4.3009E-03
+2.5820000E+00,-7.4994E-03,-6.9139E-03
+2.5825000E+00,-7.4994E-03,-9.2255E-03
+2.5830000E+00,-8.0019E-03,-12.3411E-03
+2.5835000E+00,-8.5044E-03,-14.5521E-03
+2.5840000E+00,-8.6049E-03,-16.8637E-03
+2.5845000E+00,-8.5044E-03,-19.6778E-03
+2.5850000E+00,-8.2029E-03,-21.4868E-03
+2.5855000E+00,-8.3034E-03,-24.2004E-03
+2.5860000E+00,-8.8059E-03,-26.6124E-03
+2.5865000E+00,-8.3034E-03,-29.0245E-03
+2.5870000E+00,-8.7054E-03,-31.8386E-03
+2.5875000E+00,-8.9064E-03,-33.9491E-03
+2.5880000E+00,-9.4089E-03,-36.5622E-03
+2.5885000E+00,-9.2079E-03,-39.2758E-03
+2.5890000E+00,-9.1074E-03,-41.3863E-03
+2.5895000E+00,-9.3084E-03,-43.6979E-03
+2.5900000E+00,-9.5094E-03,-46.9139E-03
+2.5905000E+00,-9.7104E-03,-49.3260E-03
+2.5910000E+00,-9.7104E-03,-51.9391E-03
+2.5915000E+00,-9.7104E-03,-53.6476E-03
+2.5920000E+00,-9.6099E-03,-51.8386E-03
+2.5925000E+00,-9.6099E-03,-49.6275E-03
+2.5930000E+00,-8.9064E-03,-47.0144E-03
+2.5935000E+00,-8.8059E-03,-44.2004E-03
+2.5940000E+00,-9.2079E-03,-41.8888E-03
+2.5945000E+00,-8.9064E-03,-39.2758E-03
+2.5950000E+00,-8.5044E-03,-36.9642E-03
+2.5955000E+00,-8.1024E-03,-34.6526E-03
+2.5960000E+00,-8.3034E-03,-32.2406E-03
+2.5965000E+00,-8.5044E-03,-29.3260E-03
+2.5970000E+00,-7.9014E-03,-26.5119E-03
+2.5975000E+00,-8.0019E-03,-24.5019E-03
+2.5980000E+00,-8.2029E-03,-22.0898E-03
+2.5985000E+00,-8.0019E-03,-19.1753E-03
+2.5990000E+00,-8.1024E-03,-17.0647E-03
+2.5995000E+00,-7.7004E-03,-14.4516E-03
+2.6000000E+00,-7.7004E-03,-11.7381E-03
+2.6005000E+00,-7.5999E-03,-9.4265E-03
+2.6010000E+00,-7.4994E-03,-7.3160E-03
+2.6015000E+00,-7.7004E-03,-4.5019E-03
+2.6020000E+00,-7.2984E-03,-1.9893E-03
+2.6025000E+00,-7.4994E-03,+322.2E-06
+2.6030000E+00,-7.2984E-03,+3.0358E-03
+2.6035000E+00,-7.3989E-03,+5.1464E-03
+2.6040000E+00,-7.4994E-03,+8.0609E-03
+2.6045000E+00,-7.7004E-03,+10.0710E-03
+2.6050000E+00,-7.4994E-03,+12.6840E-03
+2.6055000E+00,-6.9969E-03,+15.3976E-03
+2.6060000E+00,-7.2984E-03,+17.9102E-03
+2.6065000E+00,-6.9969E-03,+20.4227E-03
+2.6070000E+00,-7.1979E-03,+23.0358E-03
+2.6075000E+00,-6.7959E-03,+25.4479E-03
+2.6080000E+00,-6.3938E-03,+28.0609E-03
+2.6085000E+00,-6.7959E-03,+30.5735E-03
+2.6090000E+00,-6.9969E-03,+32.9856E-03
+2.6095000E+00,-6.6954E-03,+35.1966E-03
+2.6100000E+00,-6.5948E-03,+38.0107E-03
+2.6105000E+00,-6.1928E-03,+40.7242E-03
+2.6110000E+00,-6.4943E-03,+43.0358E-03
+2.6115000E+00,-6.1928E-03,+44.9454E-03
+2.6120000E+00,-5.9918E-03,+43.6388E-03
+2.6125000E+00,-6.4943E-03,+40.8247E-03
+2.6130000E+00,-6.0923E-03,+38.2117E-03
+2.6135000E+00,-6.2933E-03,+36.0006E-03
+2.6140000E+00,-6.2933E-03,+33.4881E-03
+2.6145000E+00,-6.2933E-03,+30.7745E-03
+2.6150000E+00,-6.2933E-03,+28.0609E-03
+2.6155000E+00,-6.6954E-03,+25.3474E-03
+2.6160000E+00,-6.4943E-03,+23.1363E-03
+2.6165000E+00,-6.6954E-03,+20.6237E-03
+2.6170000E+00,-7.0974E-03,+17.8097E-03
+2.6175000E+00,-6.9969E-03,+15.6991E-03
+2.6180000E+00,-6.3938E-03,+13.2871E-03
+2.6185000E+00,-6.7959E-03,+10.1715E-03
+2.6190000E+00,-7.4994E-03,+7.9604E-03
+2.6195000E+00,-7.3989E-03,+5.4479E-03
+2.6200000E+00,-7.0974E-03,+2.8348E-03
+2.6205000E+00,-7.3989E-03,+623.7E-06
+2.6210000E+00,-7.7004E-03,-2.2908E-03
+2.6215000E+00,-7.8009E-03,-4.3009E-03
+2.6220000E+00,-7.3989E-03,-6.8134E-03
+2.6225000E+00,-7.8009E-03,-9.4265E-03
+2.6230000E+00,-8.0019E-03,-11.6376E-03
+2.6235000E+00,-8.2029E-03,-14.4516E-03
+2.6240000E+00,-8.6049E-03,-16.8637E-03
+2.6245000E+00,-8.6049E-03,-19.4768E-03
+2.6250000E+00,-8.4039E-03,-21.4868E-03
+2.6255000E+00,-9.0069E-03,-24.2004E-03
+2.6260000E+00,-8.8059E-03,-26.6124E-03
+2.6265000E+00,-8.6049E-03,-29.4265E-03
+2.6270000E+00,-9.0069E-03,-31.8386E-03
+2.6275000E+00,-9.2079E-03,-34.2506E-03
+2.6280000E+00,-9.1074E-03,-36.5622E-03
+2.6285000E+00,-9.2079E-03,-39.2758E-03
+2.6290000E+00,-9.2079E-03,-41.6878E-03
+2.6295000E+00,-9.7104E-03,-44.3009E-03
+2.6300000E+00,-9.5094E-03,-46.9139E-03
+2.6305000E+00,-9.4089E-03,-49.2255E-03
+2.6310000E+00,-9.8109E-03,-52.2406E-03
+2.6315000E+00,-9.8109E-03,-53.8486E-03
+2.6320000E+00,-9.9114E-03,-51.9391E-03
+2.6325000E+00,-9.8109E-03,-49.2255E-03
+2.6330000E+00,-9.5094E-03,-47.3160E-03
+2.6335000E+00,-9.1074E-03,-44.7029E-03
+2.6340000E+00,-8.9064E-03,-42.1903E-03
+2.6345000E+00,-8.9064E-03,-39.7783E-03
+2.6350000E+00,-8.6049E-03,-37.2657E-03
+2.6355000E+00,-8.6049E-03,-34.6526E-03
+2.6360000E+00,-8.4039E-03,-32.4416E-03
+2.6365000E+00,-8.4039E-03,-29.4265E-03
+2.6370000E+00,-8.3034E-03,-27.4165E-03
+2.6375000E+00,-8.1024E-03,-24.6024E-03
+2.6380000E+00,-8.4039E-03,-22.3913E-03
+2.6385000E+00,-8.0019E-03,-19.5773E-03
+2.6390000E+00,-7.8009E-03,-17.2657E-03
+2.6395000E+00,-7.8009E-03,-14.6526E-03
+2.6400000E+00,-7.9014E-03,-11.8386E-03
+2.6405000E+00,-8.0019E-03,-9.7280E-03
+2.6410000E+00,-7.9014E-03,-7.3160E-03
+2.6415000E+00,-7.5999E-03,-4.7029E-03
+2.6420000E+00,-7.7004E-03,-2.6928E-03
+2.6425000E+00,-7.5999E-03,+523.2E-06
+2.6430000E+00,-7.3989E-03,+2.5333E-03
+2.6435000E+00,-7.5999E-03,+5.2469E-03
+2.6440000E+00,-7.1979E-03,+7.4579E-03
+2.6445000E+00,-7.0974E-03,+9.8700E-03
+2.6450000E+00,-6.9969E-03,+12.7845E-03
+2.6455000E+00,-6.8964E-03,+14.9956E-03
+2.6460000E+00,-7.0974E-03,+17.9102E-03
+2.6465000E+00,-6.9969E-03,+20.2217E-03
+2.6470000E+00,-6.8964E-03,+23.0358E-03
+2.6475000E+00,-6.2933E-03,+25.3474E-03
+2.6480000E+00,-6.8964E-03,+27.9604E-03
+2.6485000E+00,-6.7959E-03,+30.2720E-03
+2.6490000E+00,-6.8964E-03,+32.6840E-03
+2.6495000E+00,-6.1928E-03,+34.9956E-03
+2.6500000E+00,-6.1928E-03,+37.9102E-03
+2.6505000E+00,-6.5948E-03,+40.1212E-03
+2.6510000E+00,-6.2933E-03,+42.9353E-03
+2.6515000E+00,-5.9918E-03,+44.8448E-03
+2.6520000E+00,-5.7908E-03,+43.3373E-03
+2.6525000E+00,-6.2933E-03,+40.6237E-03
+2.6530000E+00,-6.0923E-03,+38.1112E-03
+2.6535000E+00,-5.7908E-03,+35.2971E-03
+2.6540000E+00,-5.6903E-03,+32.8850E-03
+2.6545000E+00,-6.2933E-03,+30.7745E-03
+2.6550000E+00,-6.4943E-03,+27.9604E-03
+2.6555000E+00,-5.8913E-03,+25.6489E-03
+2.6560000E+00,-6.0923E-03,+22.6338E-03
+2.6565000E+00,-6.3938E-03,+20.5232E-03
+2.6570000E+00,-6.4943E-03,+17.9102E-03
+2.6575000E+00,-6.4943E-03,+15.4981E-03
+2.6580000E+00,-6.6954E-03,+12.2820E-03
+2.6585000E+00,-6.3938E-03,+10.3725E-03
+2.6590000E+00,-7.1979E-03,+7.7594E-03
+2.6595000E+00,-6.7959E-03,+5.1464E-03
+2.6600000E+00,-7.1979E-03,+2.1313E-03
+2.6605000E+00,-7.1979E-03,+523.2E-06
+2.6610000E+00,-7.2984E-03,-1.9893E-03
+2.6615000E+00,-7.3989E-03,-5.0044E-03
+2.6620000E+00,-7.3989E-03,-7.0144E-03
+2.6625000E+00,-7.3989E-03,-9.8285E-03
+2.6630000E+00,-7.5999E-03,-12.0396E-03
+2.6635000E+00,-8.1024E-03,-14.8536E-03
+2.6640000E+00,-7.9014E-03,-17.1652E-03
+2.6645000E+00,-7.5999E-03,-19.3763E-03
+2.6650000E+00,-8.1024E-03,-22.0898E-03
+2.6655000E+00,-8.4039E-03,-24.7029E-03
+2.6660000E+00,-8.5044E-03,-27.1149E-03
+2.6665000E+00,-8.4039E-03,-29.4265E-03
+2.6670000E+00,-8.6049E-03,-31.9391E-03
+2.6675000E+00,-8.6049E-03,-35.0546E-03
+2.6680000E+00,-9.0069E-03,-36.8637E-03
+2.6685000E+00,-8.6049E-03,-39.3763E-03
+2.6690000E+00,-9.0069E-03,-41.5873E-03
+2.6695000E+00,-9.1074E-03,-44.6024E-03
+2.6700000E+00,-9.3084E-03,-46.7129E-03
+2.6705000E+00,-9.3084E-03,-49.6275E-03
+2.6710000E+00,-9.5094E-03,-52.2406E-03
+2.6715000E+00,-9.8109E-03,-53.8486E-03
+2.6720000E+00,-9.8109E-03,-52.2406E-03
+2.6725000E+00,-9.3084E-03,-49.8285E-03
+2.6730000E+00,-8.9064E-03,-47.0144E-03
+2.6735000E+00,-9.0069E-03,-44.4014E-03
+2.6740000E+00,-8.9064E-03,-42.0898E-03
+2.6745000E+00,-8.7054E-03,-39.5773E-03
+2.6750000E+00,-8.8059E-03,-37.2657E-03
+2.6755000E+00,-8.7054E-03,-34.9541E-03
+2.6760000E+00,-8.3034E-03,-32.3411E-03
+2.6765000E+00,-8.4039E-03,-29.9290E-03
+2.6770000E+00,-7.7004E-03,-27.2155E-03
+2.6775000E+00,-8.1024E-03,-24.7029E-03
+2.6780000E+00,-8.2029E-03,-22.4918E-03
+2.6785000E+00,-8.1024E-03,-19.5773E-03
+2.6790000E+00,-7.7004E-03,-17.4667E-03
+2.6795000E+00,-7.4994E-03,-14.8536E-03
+2.6800000E+00,-7.9014E-03,-12.5421E-03
+2.6805000E+00,-7.8009E-03,-10.0295E-03
+2.6810000E+00,-7.9014E-03,-7.2155E-03
+2.6815000E+00,-7.4994E-03,-4.8034E-03
+2.6820000E+00,-7.4994E-03,-2.7933E-03
+2.6825000E+00,-7.7004E-03,+20.7E-06
+2.6830000E+00,-7.7004E-03,+2.1313E-03
+2.6835000E+00,-7.3989E-03,+4.9454E-03
+2.6840000E+00,-7.5999E-03,+7.1564E-03
+2.6845000E+00,-7.4994E-03,+10.0710E-03
+2.6850000E+00,-7.2984E-03,+12.7845E-03
+2.6855000E+00,-7.1979E-03,+15.1966E-03
+2.6860000E+00,-7.0974E-03,+17.7092E-03
+2.6865000E+00,-7.3989E-03,+20.3222E-03
+2.6870000E+00,-6.7959E-03,+22.5333E-03
+2.6875000E+00,-7.1979E-03,+24.7443E-03
+2.6880000E+00,-6.4943E-03,+27.7594E-03
+2.6885000E+00,-6.6954E-03,+30.1715E-03
+2.6890000E+00,-6.8964E-03,+33.2871E-03
+2.6895000E+00,-6.6954E-03,+35.1966E-03
+2.6900000E+00,-6.2933E-03,+38.1112E-03
+2.6905000E+00,-6.4943E-03,+40.2217E-03
+2.6910000E+00,-6.4943E-03,+43.0358E-03
+2.6915000E+00,-6.3938E-03,+44.5433E-03
+2.6920000E+00,-6.2933E-03,+43.5383E-03
+2.6925000E+00,-6.4943E-03,+40.6237E-03
+2.6930000E+00,-5.9918E-03,+38.4127E-03
+2.6935000E+00,-6.0923E-03,+35.9001E-03
+2.6940000E+00,-6.0923E-03,+33.0861E-03
+2.6945000E+00,-6.3938E-03,+30.4730E-03
+2.6950000E+00,-6.4943E-03,+28.1614E-03
+2.6955000E+00,-6.5948E-03,+25.3474E-03
+2.6960000E+00,-6.2933E-03,+23.3373E-03
+2.6965000E+00,-6.8964E-03,+20.5232E-03
+2.6970000E+00,-6.6954E-03,+17.7092E-03
+2.6975000E+00,-6.7959E-03,+15.2971E-03
+2.6980000E+00,-6.6954E-03,+12.8850E-03
+2.6985000E+00,-6.8964E-03,+10.0710E-03
+2.6990000E+00,-7.0974E-03,+7.9604E-03
+2.6995000E+00,-7.3989E-03,+5.4479E-03
+2.7000000E+00,-7.1979E-03,+3.0358E-03
+2.7005000E+00,-7.3989E-03,+121.2E-06
+2.7010000E+00,-7.4994E-03,-2.2908E-03
+2.7015000E+00,-7.3989E-03,-4.4014E-03
+2.7020000E+00,-7.5999E-03,-7.3160E-03
+2.7025000E+00,-7.9014E-03,-9.6275E-03
+2.7030000E+00,-8.3034E-03,-12.3411E-03
+2.7035000E+00,-8.4039E-03,-14.3511E-03
+2.7040000E+00,-8.3034E-03,-16.9642E-03
+2.7045000E+00,-8.1024E-03,-19.6778E-03
+2.7050000E+00,-8.3034E-03,-21.5873E-03
+2.7055000E+00,-8.3034E-03,-24.6024E-03
+2.7060000E+00,-8.8059E-03,-26.9139E-03
+2.7065000E+00,-8.5044E-03,-29.6275E-03
+2.7070000E+00,-8.7054E-03,-32.0396E-03
+2.7075000E+00,-9.0069E-03,-34.4516E-03
+2.7080000E+00,-9.1074E-03,-37.1652E-03
+2.7085000E+00,-9.0069E-03,-39.1753E-03
+2.7090000E+00,-9.4089E-03,-41.9893E-03
+2.7095000E+00,-9.3084E-03,-44.6024E-03
+2.7100000E+00,-9.4089E-03,-47.2155E-03
+2.7105000E+00,-9.5094E-03,-49.3260E-03
+2.7110000E+00,-9.4089E-03,-51.6376E-03
+2.7115000E+00,-9.8109E-03,-54.2506E-03
+2.7120000E+00,-9.6099E-03,-52.2406E-03
+2.7125000E+00,-9.4089E-03,-49.4265E-03
+2.7130000E+00,-9.2079E-03,-47.2155E-03
+2.7135000E+00,-9.0069E-03,-44.7029E-03
+2.7140000E+00,-9.2079E-03,-41.6878E-03
+2.7145000E+00,-8.9064E-03,-39.0747E-03
+2.7150000E+00,-8.7054E-03,-37.2657E-03
+2.7155000E+00,-8.8059E-03,-34.3511E-03
+2.7160000E+00,-8.4039E-03,-31.7381E-03
+2.7165000E+00,-8.2029E-03,-29.5270E-03
+2.7170000E+00,-7.9014E-03,-26.8134E-03
+2.7175000E+00,-8.3034E-03,-24.7029E-03
+2.7180000E+00,-8.0019E-03,-21.7883E-03
+2.7185000E+00,-8.1024E-03,-19.2758E-03
+2.7190000E+00,-7.5999E-03,-17.0647E-03
+2.7195000E+00,-7.7004E-03,-14.1501E-03
+2.7200000E+00,-7.8009E-03,-12.3411E-03
+2.7205000E+00,-7.7004E-03,-9.5270E-03
+2.7210000E+00,-7.8009E-03,-7.2155E-03
+2.7215000E+00,-7.8009E-03,-4.5019E-03
+2.7220000E+00,-7.8009E-03,-1.9893E-03
+2.7225000E+00,-7.2984E-03,+623.7E-06
+2.7230000E+00,-7.5999E-03,+2.7343E-03
+2.7235000E+00,-7.3989E-03,+5.3474E-03
+2.7240000E+00,-7.5999E-03,+7.6589E-03
+2.7245000E+00,-7.2984E-03,+10.4730E-03
+2.7250000E+00,-7.4994E-03,+12.5835E-03
+2.7255000E+00,-7.1979E-03,+15.1966E-03
+2.7260000E+00,-7.5999E-03,+18.0107E-03
+2.7265000E+00,-7.1979E-03,+20.2217E-03
+2.7270000E+00,-7.1979E-03,+22.9353E-03
+2.7275000E+00,-6.9969E-03,+25.6489E-03
+2.7280000E+00,-6.9969E-03,+27.7594E-03
+2.7285000E+00,-6.8964E-03,+30.2720E-03
+2.7290000E+00,-6.9969E-03,+32.5835E-03
+2.7295000E+00,-6.6954E-03,+35.3976E-03
+2.7300000E+00,-6.2933E-03,+37.9102E-03
+2.7305000E+00,-6.9969E-03,+40.2217E-03
+2.7310000E+00,-6.4943E-03,+43.0358E-03
+2.7315000E+00,-6.3938E-03,+45.1464E-03
+2.7320000E+00,-6.4943E-03,+43.1363E-03
+2.7325000E+00,-6.8964E-03,+40.8247E-03
+2.7330000E+00,-6.3938E-03,+38.2117E-03
+2.7335000E+00,-6.4943E-03,+35.6991E-03
+2.7340000E+00,-6.5948E-03,+33.2871E-03
+2.7345000E+00,-6.3938E-03,+30.7745E-03
+2.7350000E+00,-6.8964E-03,+28.7644E-03
+2.7355000E+00,-6.3938E-03,+25.9504E-03
+2.7360000E+00,-6.7959E-03,+23.5383E-03
+2.7365000E+00,-6.7959E-03,+21.1263E-03
+2.7370000E+00,-6.9969E-03,+18.7142E-03
+2.7375000E+00,-7.0974E-03,+15.7996E-03
+2.7380000E+00,-6.7959E-03,+13.0861E-03
+2.7385000E+00,-7.2984E-03,+10.6740E-03
+2.7390000E+00,-7.2984E-03,+7.8599E-03
+2.7395000E+00,-7.4994E-03,+5.7494E-03
+2.7400000E+00,-7.5999E-03,+3.2368E-03
+2.7405000E+00,-7.2984E-03,+623.7E-06
+2.7410000E+00,-7.9014E-03,-1.9893E-03
+2.7415000E+00,-7.5999E-03,-4.3009E-03
+2.7420000E+00,-7.4994E-03,-6.3109E-03
+2.7425000E+00,-8.4039E-03,-9.3260E-03
+2.7430000E+00,-8.4039E-03,-11.5371E-03
+2.7435000E+00,-8.4039E-03,-14.1501E-03
+2.7440000E+00,-8.3034E-03,-16.5622E-03
+2.7445000E+00,-8.4039E-03,-18.6727E-03
+2.7450000E+00,-9.0069E-03,-21.7883E-03
+2.7455000E+00,-8.8059E-03,-24.2004E-03
+2.7460000E+00,-9.0069E-03,-26.7129E-03
+2.7465000E+00,-8.8059E-03,-28.7230E-03
+2.7470000E+00,-9.1074E-03,-31.5371E-03
+2.7475000E+00,-9.0069E-03,-33.9491E-03
+2.7480000E+00,-9.4089E-03,-36.6627E-03
+2.7485000E+00,-9.2079E-03,-38.6727E-03
+2.7490000E+00,-9.7104E-03,-41.5873E-03
+2.7495000E+00,-9.8109E-03,-44.2004E-03
+2.7500000E+00,-9.5094E-03,-46.7129E-03
+2.7505000E+00,-9.3084E-03,-48.8235E-03
+2.7510000E+00,-9.9114E-03,-51.3361E-03
+2.7515000E+00,-9.9114E-03,-53.4466E-03
+2.7520000E+00,-9.6099E-03,-52.0396E-03
+2.7525000E+00,-9.1074E-03,-49.5270E-03
+2.7530000E+00,-9.5094E-03,-46.7129E-03
+2.7535000E+00,-9.4089E-03,-44.3009E-03
+2.7540000E+00,-8.8059E-03,-41.5873E-03
+2.7545000E+00,-8.9064E-03,-39.4768E-03
+2.7550000E+00,-9.2079E-03,-36.6627E-03
+2.7555000E+00,-8.9064E-03,-34.4516E-03
+2.7560000E+00,-8.6049E-03,-31.9391E-03
+2.7565000E+00,-8.4039E-03,-29.5270E-03
+2.7570000E+00,-8.1024E-03,-26.6124E-03
+2.7575000E+00,-8.1024E-03,-24.7029E-03
+2.7580000E+00,-8.4039E-03,-21.7883E-03
+2.7585000E+00,-8.1024E-03,-20.0798E-03
+2.7590000E+00,-8.0019E-03,-17.2657E-03
+2.7595000E+00,-8.0019E-03,-14.3511E-03
+2.7600000E+00,-8.0019E-03,-11.7381E-03
+2.7605000E+00,-7.9014E-03,-9.7280E-03
+2.7610000E+00,-7.3989E-03,-7.4165E-03
+2.7615000E+00,-8.0019E-03,-4.4014E-03
+2.7620000E+00,-7.7004E-03,-2.1903E-03
+2.7625000E+00,-7.9014E-03,+121.2E-06
+2.7630000E+00,-7.8009E-03,+2.8348E-03
+2.7635000E+00,-7.4994E-03,+5.2469E-03
+2.7640000E+00,-7.7004E-03,+7.6589E-03
+2.7645000E+00,-7.4994E-03,+10.1715E-03
+2.7650000E+00,-6.9969E-03,+12.6840E-03
+2.7655000E+00,-7.5999E-03,+15.3976E-03
+2.7660000E+00,-7.7004E-03,+17.9102E-03
+2.7665000E+00,-7.4994E-03,+20.1212E-03
+2.7670000E+00,-7.2984E-03,+22.6338E-03
+2.7675000E+00,-6.9969E-03,+25.4479E-03
+2.7680000E+00,-7.3989E-03,+27.7594E-03
+2.7685000E+00,-7.1979E-03,+30.1715E-03
+2.7690000E+00,-6.5948E-03,+32.9856E-03
+2.7695000E+00,-6.6954E-03,+35.3976E-03
+2.7700000E+00,-6.9969E-03,+37.8097E-03
+2.7705000E+00,-6.8964E-03,+40.5232E-03
+2.7710000E+00,-6.3938E-03,+42.9353E-03
+2.7715000E+00,-6.5948E-03,+44.6438E-03
+2.7720000E+00,-6.6954E-03,+43.5383E-03
+2.7725000E+00,-6.7959E-03,+40.9253E-03
+2.7730000E+00,-6.8964E-03,+37.9102E-03
+2.7735000E+00,-5.9918E-03,+35.6991E-03
+2.7740000E+00,-6.2933E-03,+33.4881E-03
+2.7745000E+00,-6.6954E-03,+30.5735E-03
+2.7750000E+00,-6.5948E-03,+28.3624E-03
+2.7755000E+00,-6.5948E-03,+25.8499E-03
+2.7760000E+00,-6.5948E-03,+23.3373E-03
+2.7765000E+00,-7.0974E-03,+20.4227E-03
+2.7770000E+00,-6.7959E-03,+18.2117E-03
+2.7775000E+00,-6.7959E-03,+15.5986E-03
+2.7780000E+00,-6.7959E-03,+13.2871E-03
+2.7785000E+00,-7.1979E-03,+10.7745E-03
+2.7790000E+00,-7.4994E-03,+8.3624E-03
+2.7795000E+00,-6.8964E-03,+5.8499E-03
+2.7800000E+00,-7.4994E-03,+3.1363E-03
+2.7805000E+00,-8.0019E-03,+724.2E-06
+2.7810000E+00,-7.9014E-03,-1.4868E-03
+2.7815000E+00,-7.5999E-03,-4.4014E-03
+2.7820000E+00,-8.0019E-03,-6.9139E-03
+2.7825000E+00,-8.3034E-03,-9.2255E-03
+2.7830000E+00,-8.4039E-03,-11.9391E-03
+2.7835000E+00,-8.0019E-03,-14.1501E-03
+2.7840000E+00,-8.4039E-03,-17.0647E-03
+2.7845000E+00,-8.5044E-03,-19.0747E-03
+2.7850000E+00,-9.0069E-03,-22.0898E-03
+2.7855000E+00,-8.7054E-03,-23.9994E-03
+2.7860000E+00,-8.8059E-03,-26.7129E-03
+2.7865000E+00,-8.7054E-03,-29.1250E-03
+2.7870000E+00,-9.2079E-03,-32.0396E-03
+2.7875000E+00,-9.0069E-03,-34.0496E-03
+2.7880000E+00,-8.9064E-03,-36.6627E-03
+2.7885000E+00,-9.2079E-03,-38.8737E-03
+2.7890000E+00,-9.7104E-03,-41.8888E-03
+2.7895000E+00,-9.8109E-03,-44.0999E-03
+2.7900000E+00,-9.4089E-03,-46.7129E-03
+2.7905000E+00,-9.5094E-03,-48.9240E-03
+2.7910000E+00,-9.8109E-03,-52.1401E-03
+2.7915000E+00,-10.0119E-03,-53.6476E-03
+2.7920000E+00,-10.0119E-03,-52.0396E-03
+2.7925000E+00,-9.4089E-03,-49.3260E-03
+2.7930000E+00,-9.4089E-03,-47.1149E-03
+2.7935000E+00,-9.3084E-03,-44.4014E-03
+2.7940000E+00,-8.9064E-03,-41.2858E-03
+2.7945000E+00,-8.9064E-03,-39.3763E-03
+2.7950000E+00,-8.5044E-03,-37.3662E-03
+2.7955000E+00,-8.7054E-03,-34.6526E-03
+2.7960000E+00,-8.5044E-03,-31.8386E-03
+2.7965000E+00,-8.4039E-03,-29.7280E-03
+2.7970000E+00,-8.1024E-03,-27.0144E-03
+2.7975000E+00,-8.4039E-03,-24.7029E-03
+2.7980000E+00,-8.0019E-03,-22.2908E-03
+2.7985000E+00,-8.1024E-03,-19.4768E-03
+2.7990000E+00,-8.2029E-03,-17.0647E-03
+2.7995000E+00,-8.4039E-03,-14.7531E-03
+2.8000000E+00,-8.0019E-03,-11.9391E-03
+2.8005000E+00,-7.9014E-03,-9.5270E-03
+2.8010000E+00,-7.8009E-03,-7.0144E-03
+2.8015000E+00,-7.7004E-03,-4.7029E-03
+2.8020000E+00,-8.0019E-03,-1.8888E-03
+2.8025000E+00,-8.1024E-03,+623.7E-06
+2.8030000E+00,-7.5999E-03,+2.9353E-03
+2.8035000E+00,-7.9014E-03,+5.3474E-03
+2.8040000E+00,-7.9014E-03,+7.7594E-03
+2.8045000E+00,-7.3989E-03,+10.3725E-03
+2.8050000E+00,-7.2984E-03,+12.7845E-03
+2.8055000E+00,-7.1979E-03,+15.2971E-03
+2.8060000E+00,-7.3989E-03,+17.8097E-03
+2.8065000E+00,-7.5999E-03,+20.4227E-03
+2.8070000E+00,-7.1979E-03,+22.6338E-03
+2.8075000E+00,-7.2984E-03,+25.0459E-03
+2.8080000E+00,-7.4994E-03,+27.9604E-03
+2.8085000E+00,-7.1979E-03,+30.5735E-03
+2.8090000E+00,-6.9969E-03,+32.8850E-03
+2.8095000E+00,-6.5948E-03,+35.1966E-03
+2.8100000E+00,-7.0974E-03,+37.6087E-03
+2.8105000E+00,-6.6954E-03,+40.4227E-03
+2.8110000E+00,-6.4943E-03,+42.8348E-03
+2.8115000E+00,-6.2933E-03,+44.8448E-03
+2.8120000E+00,-6.3938E-03,+43.4378E-03
+2.8125000E+00,-6.4943E-03,+41.0258E-03
+2.8130000E+00,-6.5948E-03,+37.8097E-03
+2.8135000E+00,-6.5948E-03,+35.6991E-03
+2.8140000E+00,-6.2933E-03,+32.5835E-03
+2.8145000E+00,-6.8964E-03,+30.1715E-03
+2.8150000E+00,-6.8964E-03,+27.6589E-03
+2.8155000E+00,-6.3938E-03,+25.3474E-03
+2.8160000E+00,-7.1979E-03,+23.2368E-03
+2.8165000E+00,-6.6954E-03,+20.6237E-03
+2.8170000E+00,-6.9969E-03,+18.1112E-03
+2.8175000E+00,-6.6954E-03,+15.5986E-03
+2.8180000E+00,-6.6954E-03,+12.8850E-03
+2.8185000E+00,-7.1979E-03,+10.3725E-03
+2.8190000E+00,-7.2984E-03,+8.1614E-03
+2.8195000E+00,-7.2984E-03,+5.1464E-03
+2.8200000E+00,-7.3989E-03,+2.6338E-03
+2.8205000E+00,-7.7004E-03,+322.2E-06
+2.8210000E+00,-7.3989E-03,-1.5873E-03
+2.8215000E+00,-7.7004E-03,-4.4014E-03
+2.8220000E+00,-7.4994E-03,-7.3160E-03
+2.8225000E+00,-8.4039E-03,-9.4265E-03
+2.8230000E+00,-8.4039E-03,-12.1401E-03
+2.8235000E+00,-8.3034E-03,-14.5521E-03
+2.8240000E+00,-8.3034E-03,-16.5622E-03
+2.8245000E+00,-8.4039E-03,-19.3763E-03
+2.8250000E+00,-8.5044E-03,-21.8888E-03
+2.8255000E+00,-8.6049E-03,-24.2004E-03
+2.8260000E+00,-8.6049E-03,-27.1149E-03
+2.8265000E+00,-9.1074E-03,-29.2255E-03
+2.8270000E+00,-9.4089E-03,-31.8386E-03
+2.8275000E+00,-8.8059E-03,-34.3511E-03
+2.8280000E+00,-9.1074E-03,-36.8637E-03
+2.8285000E+00,-9.0069E-03,-39.5773E-03
+2.8290000E+00,-9.1074E-03,-41.9893E-03
+2.8295000E+00,-9.3084E-03,-43.9994E-03
+2.8300000E+00,-9.5094E-03,-46.8134E-03
+2.8305000E+00,-9.4089E-03,-49.2255E-03
+2.8310000E+00,-9.9114E-03,-52.1401E-03
+2.8315000E+00,-9.9114E-03,-54.0496E-03
+2.8320000E+00,-9.9114E-03,-51.8386E-03
+2.8325000E+00,-9.4089E-03,-49.5270E-03
+2.8330000E+00,-9.2079E-03,-47.0144E-03
+2.8335000E+00,-9.4089E-03,-44.4014E-03
+2.8340000E+00,-8.8059E-03,-41.7883E-03
+2.8345000E+00,-8.9064E-03,-39.5773E-03
+2.8350000E+00,-8.7054E-03,-36.8637E-03
+2.8355000E+00,-9.0069E-03,-34.4516E-03
+2.8360000E+00,-8.4039E-03,-32.0396E-03
+2.8365000E+00,-8.1024E-03,-29.4265E-03
+2.8370000E+00,-8.3034E-03,-26.8134E-03
+2.8375000E+00,-8.3034E-03,-24.6024E-03
+2.8380000E+00,-8.3034E-03,-22.0898E-03
+2.8385000E+00,-7.8009E-03,-19.7783E-03
+2.8390000E+00,-8.0019E-03,-17.1652E-03
+2.8395000E+00,-7.8009E-03,-14.9541E-03
+2.8400000E+00,-8.0019E-03,-12.1401E-03
+2.8405000E+00,-7.2984E-03,-10.0295E-03
+2.8410000E+00,-7.5999E-03,-7.0144E-03
+2.8415000E+00,-7.4994E-03,-4.8034E-03
+2.8420000E+00,-7.7004E-03,-1.8888E-03
+2.8425000E+00,-7.5999E-03,-79.8E-06
+2.8430000E+00,-7.5999E-03,+2.7343E-03
+2.8435000E+00,-7.3989E-03,+5.0459E-03
+2.8440000E+00,-7.8009E-03,+7.7594E-03
+2.8445000E+00,-7.3989E-03,+10.4730E-03
+2.8450000E+00,-7.0974E-03,+12.8850E-03
+2.8455000E+00,-7.1979E-03,+15.2971E-03
+2.8460000E+00,-7.1979E-03,+18.0107E-03
+2.8465000E+00,-6.8964E-03,+20.2217E-03
+2.8470000E+00,-6.8964E-03,+22.9353E-03
+2.8475000E+00,-7.3989E-03,+25.3474E-03
+2.8480000E+00,-7.0974E-03,+27.7594E-03
+2.8485000E+00,-6.9969E-03,+30.6740E-03
+2.8490000E+00,-6.5948E-03,+32.8850E-03
+2.8495000E+00,-6.4943E-03,+35.3976E-03
+2.8500000E+00,-6.7959E-03,+37.9102E-03
+2.8505000E+00,-6.2933E-03,+40.4227E-03
+2.8510000E+00,-5.8913E-03,+43.1363E-03
+2.8515000E+00,-6.4943E-03,+45.2469E-03
+2.8520000E+00,-6.6954E-03,+43.4378E-03
+2.8525000E+00,-5.9918E-03,+40.8247E-03
+2.8530000E+00,-5.8913E-03,+38.0107E-03
+2.8535000E+00,-6.1928E-03,+36.1011E-03
+2.8540000E+00,-6.2933E-03,+33.5886E-03
+2.8545000E+00,-6.2933E-03,+30.8750E-03
+2.8550000E+00,-6.2933E-03,+28.2619E-03
+2.8555000E+00,-6.0923E-03,+25.5484E-03
+2.8560000E+00,-6.6954E-03,+23.1363E-03
+2.8565000E+00,-6.7959E-03,+20.8247E-03
+2.8570000E+00,-6.3938E-03,+17.8097E-03
+2.8575000E+00,-6.2933E-03,+15.5986E-03
+2.8580000E+00,-6.5948E-03,+12.9856E-03
+2.8585000E+00,-6.9969E-03,+10.7745E-03
+2.8590000E+00,-7.2984E-03,+8.4629E-03
+2.8595000E+00,-6.9969E-03,+5.1464E-03
+2.8600000E+00,-7.1979E-03,+2.9353E-03
+2.8605000E+00,-7.2984E-03,+523.2E-06
+2.8610000E+00,-7.3989E-03,-1.6878E-03
+2.8615000E+00,-7.3989E-03,-4.3009E-03
+2.8620000E+00,-7.4994E-03,-6.6124E-03
+2.8625000E+00,-7.7004E-03,-9.0245E-03
+2.8630000E+00,-7.7004E-03,-11.3361E-03
+2.8635000E+00,-8.0019E-03,-14.1501E-03
+2.8640000E+00,-7.9014E-03,-16.4617E-03
+2.8645000E+00,-8.0019E-03,-18.8737E-03
+2.8650000E+00,-8.2029E-03,-21.4868E-03
+2.8655000E+00,-8.3034E-03,-23.9994E-03
+2.8660000E+00,-8.6049E-03,-26.5119E-03
+2.8665000E+00,-8.8059E-03,-28.9240E-03
+2.8670000E+00,-8.5044E-03,-31.4366E-03
+2.8675000E+00,-8.9064E-03,-34.0496E-03
+2.8680000E+00,-8.6049E-03,-36.8637E-03
+2.8685000E+00,-8.9064E-03,-38.3712E-03
+2.8690000E+00,-9.4089E-03,-41.2858E-03
+2.8695000E+00,-9.4089E-03,-43.6979E-03
+2.8700000E+00,-9.0069E-03,-46.5119E-03
+2.8705000E+00,-9.6099E-03,-48.9240E-03
+2.8710000E+00,-9.7104E-03,-51.4366E-03
+2.8715000E+00,-9.4089E-03,-54.1501E-03
+2.8720000E+00,-9.2079E-03,-52.0396E-03
+2.8725000E+00,-9.6099E-03,-49.3260E-03
+2.8730000E+00,-9.5094E-03,-46.9139E-03
+2.8735000E+00,-8.7054E-03,-44.4014E-03
+2.8740000E+00,-8.6049E-03,-41.9893E-03
+2.8745000E+00,-8.9064E-03,-39.4768E-03
+2.8750000E+00,-8.7054E-03,-36.9642E-03
+2.8755000E+00,-8.4039E-03,-34.2506E-03
+2.8760000E+00,-8.3034E-03,-32.0396E-03
+2.8765000E+00,-8.0019E-03,-29.6275E-03
+2.8770000E+00,-8.3034E-03,-27.2155E-03
+2.8775000E+00,-7.7004E-03,-24.3009E-03
+2.8780000E+00,-7.9014E-03,-22.0898E-03
+2.8785000E+00,-7.7004E-03,-19.3763E-03
+2.8790000E+00,-8.3034E-03,-16.7632E-03
+2.8795000E+00,-7.7004E-03,-14.5521E-03
+2.8800000E+00,-7.7004E-03,-12.0396E-03
+2.8805000E+00,-7.4994E-03,-9.2255E-03
+2.8810000E+00,-7.0974E-03,-6.9139E-03
+2.8815000E+00,-7.4994E-03,-4.6024E-03
+2.8820000E+00,-8.0019E-03,-2.3913E-03
+2.8825000E+00,-7.8009E-03,+322.2E-06
+2.8830000E+00,-7.4994E-03,+2.8348E-03
+2.8835000E+00,-7.4994E-03,+5.2469E-03
+2.8840000E+00,-7.3989E-03,+7.8599E-03
+2.8845000E+00,-7.0974E-03,+10.0710E-03
+2.8850000E+00,-6.7959E-03,+12.7845E-03
+2.8855000E+00,-7.4994E-03,+15.0961E-03
+2.8860000E+00,-6.8964E-03,+18.2117E-03
+2.8865000E+00,-6.6954E-03,+20.3222E-03
+2.8870000E+00,-6.6954E-03,+22.9353E-03
+2.8875000E+00,-7.0974E-03,+25.0459E-03
+2.8880000E+00,-6.8964E-03,+28.1614E-03
+2.8885000E+00,-6.9969E-03,+30.3725E-03
+2.8890000E+00,-6.5948E-03,+32.9856E-03
+2.8895000E+00,-6.6954E-03,+35.7996E-03
+2.8900000E+00,-6.1928E-03,+38.2117E-03
+2.8905000E+00,-6.6954E-03,+40.6237E-03
+2.8910000E+00,-6.4943E-03,+42.9353E-03
+2.8915000E+00,-6.2933E-03,+45.0459E-03
+2.8920000E+00,-6.4943E-03,+43.1363E-03
+2.8925000E+00,-6.0923E-03,+40.7242E-03
+2.8930000E+00,-5.9918E-03,+37.7092E-03
+2.8935000E+00,-6.1928E-03,+35.7996E-03
+2.8940000E+00,-6.4943E-03,+32.9856E-03
+2.8945000E+00,-6.2933E-03,+30.9755E-03
+2.8950000E+00,-6.1928E-03,+27.7594E-03
+2.8955000E+00,-6.3938E-03,+25.6489E-03
+2.8960000E+00,-6.5948E-03,+23.1363E-03
+2.8965000E+00,-6.5948E-03,+20.9253E-03
+2.8970000E+00,-6.9969E-03,+18.2117E-03
+2.8975000E+00,-6.6954E-03,+16.0006E-03
+2.8980000E+00,-7.0974E-03,+12.9856E-03
+2.8985000E+00,-7.4994E-03,+10.6740E-03
+2.8990000E+00,-6.9969E-03,+7.8599E-03
+2.8995000E+00,-7.0974E-03,+5.4479E-03
+2.9000000E+00,-7.1979E-03,+2.7343E-03
+2.9005000E+00,-7.4994E-03,+322.2E-06
+2.9010000E+00,-7.1979E-03,-1.5873E-03
+2.9015000E+00,-7.4994E-03,-4.3009E-03
+2.9020000E+00,-8.0019E-03,-6.8134E-03
+2.9025000E+00,-7.5999E-03,-9.0245E-03
+2.9030000E+00,-8.0019E-03,-11.9391E-03
+2.9035000E+00,-8.1024E-03,-14.2506E-03
+2.9040000E+00,-8.4039E-03,-16.7632E-03
+2.9045000E+00,-8.3034E-03,-19.2758E-03
+2.9050000E+00,-8.2029E-03,-21.6878E-03
+2.9055000E+00,-8.6049E-03,-24.4014E-03
+2.9060000E+00,-8.6049E-03,-26.7129E-03
+2.9065000E+00,-8.9064E-03,-29.2255E-03
+2.9070000E+00,-8.9064E-03,-31.4366E-03
+2.9075000E+00,-8.8059E-03,-34.2506E-03
+2.9080000E+00,-8.7054E-03,-36.6627E-03
+2.9085000E+00,-9.4089E-03,-38.9742E-03
+2.9090000E+00,-9.3084E-03,-41.4868E-03
+2.9095000E+00,-9.5094E-03,-43.9994E-03
+2.9100000E+00,-9.0069E-03,-46.4114E-03
+2.9105000E+00,-9.5094E-03,-49.0245E-03
+2.9110000E+00,-9.9114E-03,-51.5371E-03
+2.9115000E+00,-9.6099E-03,-53.3461E-03
+2.9120000E+00,-9.6099E-03,-51.9391E-03
+2.9125000E+00,-9.2079E-03,-49.7280E-03
+2.9130000E+00,-9.2079E-03,-47.1149E-03
+2.9135000E+00,-9.2079E-03,-44.7029E-03
+2.9140000E+00,-8.8059E-03,-41.7883E-03
+2.9145000E+00,-8.8059E-03,-39.5773E-03
+2.9150000E+00,-8.7054E-03,-36.7632E-03
+2.9155000E+00,-8.6049E-03,-35.1552E-03
+2.9160000E+00,-8.4039E-03,-32.2406E-03
+2.9165000E+00,-7.9014E-03,-29.5270E-03
+2.9170000E+00,-8.1024E-03,-27.1149E-03
+2.9175000E+00,-8.2029E-03,-24.5019E-03
+2.9180000E+00,-7.4994E-03,-22.2908E-03
+2.9185000E+00,-7.4994E-03,-19.7783E-03
+2.9190000E+00,-7.5999E-03,-16.7632E-03
+2.9195000E+00,-7.8009E-03,-14.2506E-03
+2.9200000E+00,-7.4994E-03,-11.8386E-03
+2.9205000E+00,-7.2984E-03,-9.7280E-03
+2.9210000E+00,-7.4994E-03,-7.4165E-03
+2.9215000E+00,-7.3989E-03,-4.5019E-03
+2.9220000E+00,-7.1979E-03,-1.9893E-03
+2.9225000E+00,-7.0974E-03,+623.7E-06
+2.9230000E+00,-7.3989E-03,+2.7343E-03
+2.9235000E+00,-7.2984E-03,+5.4479E-03
+2.9240000E+00,-7.0974E-03,+7.4579E-03
+2.9245000E+00,-6.9969E-03,+10.2720E-03
+2.9250000E+00,-7.7004E-03,+13.0861E-03
+2.9255000E+00,-7.1979E-03,+15.0961E-03
+2.9260000E+00,-6.9969E-03,+17.8097E-03
+2.9265000E+00,-7.1979E-03,+20.6237E-03
+2.9270000E+00,-6.5948E-03,+23.2368E-03
+2.9275000E+00,-6.6954E-03,+25.2469E-03
+2.9280000E+00,-6.8964E-03,+28.0609E-03
+2.9285000E+00,-6.6954E-03,+30.1715E-03
+2.9290000E+00,-6.1928E-03,+32.8850E-03
+2.9295000E+00,-6.9969E-03,+35.2971E-03
+2.9300000E+00,-6.6954E-03,+37.8097E-03
+2.9305000E+00,-5.8913E-03,+40.2217E-03
+2.9310000E+00,-6.0923E-03,+42.7343E-03
+2.9315000E+00,-6.4943E-03,+44.8448E-03
+2.9320000E+00,-5.9918E-03,+43.2368E-03
+2.9325000E+00,-6.2933E-03,+40.7242E-03
+2.9330000E+00,-6.1928E-03,+37.9102E-03
+2.9335000E+00,-6.1928E-03,+35.3976E-03
+2.9340000E+00,-6.2933E-03,+32.9856E-03
+2.9345000E+00,-6.4943E-03,+30.7745E-03
+2.9350000E+00,-6.0923E-03,+28.0609E-03
+2.9355000E+00,-6.4943E-03,+25.6489E-03
+2.9360000E+00,-6.6954E-03,+22.9353E-03
+2.9365000E+00,-6.3938E-03,+20.4227E-03
+2.9370000E+00,-6.5948E-03,+17.5082E-03
+2.9375000E+00,-6.4943E-03,+15.2971E-03
+2.9380000E+00,-6.7959E-03,+12.9856E-03
+2.9385000E+00,-7.0974E-03,+10.0710E-03
+2.9390000E+00,-6.9969E-03,+7.6589E-03
+2.9395000E+00,-6.5948E-03,+5.8499E-03
+2.9400000E+00,-7.4994E-03,+2.7343E-03
+2.9405000E+00,-7.4994E-03,+322.2E-06
+2.9410000E+00,-7.3989E-03,-2.1903E-03
+2.9415000E+00,-7.5999E-03,-4.5019E-03
+2.9420000E+00,-7.9014E-03,-7.2155E-03
+2.9425000E+00,-7.5999E-03,-9.6275E-03
+2.9430000E+00,-8.0019E-03,-11.9391E-03
+2.9435000E+00,-8.0019E-03,-14.4516E-03
+2.9440000E+00,-8.0019E-03,-16.8637E-03
+2.9445000E+00,-8.3034E-03,-19.2758E-03
+2.9450000E+00,-8.2029E-03,-21.9893E-03
+2.9455000E+00,-8.5044E-03,-24.4014E-03
+2.9460000E+00,-8.8059E-03,-26.8134E-03
+2.9465000E+00,-8.9064E-03,-29.3260E-03
+2.9470000E+00,-9.1074E-03,-31.8386E-03
+2.9475000E+00,-8.9064E-03,-34.2506E-03
+2.9480000E+00,-8.9064E-03,-36.9642E-03
+2.9485000E+00,-9.4089E-03,-39.2758E-03
+2.9490000E+00,-9.1074E-03,-41.8888E-03
+2.9495000E+00,-9.0069E-03,-44.5019E-03
+2.9500000E+00,-9.4089E-03,-46.3109E-03
+2.9505000E+00,-9.5094E-03,-49.5270E-03
+2.9510000E+00,-9.6099E-03,-51.8386E-03
+2.9515000E+00,-9.7104E-03,-53.6476E-03
+2.9520000E+00,-9.4089E-03,-51.8386E-03
+2.9525000E+00,-9.7104E-03,-49.5270E-03
+2.9530000E+00,-9.2079E-03,-47.0144E-03
+2.9535000E+00,-8.9064E-03,-44.5019E-03
+2.9540000E+00,-8.8059E-03,-41.6878E-03
+2.9545000E+00,-8.6049E-03,-39.3763E-03
+2.9550000E+00,-8.8059E-03,-36.8637E-03
+2.9555000E+00,-8.5044E-03,-34.7531E-03
+2.9560000E+00,-8.0019E-03,-32.1401E-03
+2.9565000E+00,-8.4039E-03,-29.2255E-03
+2.9570000E+00,-8.4039E-03,-27.1149E-03
+2.9575000E+00,-7.9014E-03,-24.4014E-03
+2.9580000E+00,-8.1024E-03,-21.7883E-03
+2.9585000E+00,-8.0019E-03,-19.2758E-03
+2.9590000E+00,-8.0019E-03,-16.7632E-03
+2.9595000E+00,-7.7004E-03,-14.0496E-03
+2.9600000E+00,-7.7004E-03,-12.0396E-03
+2.9605000E+00,-7.5999E-03,-9.7280E-03
+2.9610000E+00,-7.7004E-03,-7.1149E-03
+2.9615000E+00,-8.0019E-03,-4.2004E-03
+2.9620000E+00,-7.2984E-03,-2.0898E-03
+2.9625000E+00,-7.4994E-03,+623.7E-06
+2.9630000E+00,-7.8009E-03,+2.9353E-03
+2.9635000E+00,-7.7004E-03,+5.8499E-03
+2.9640000E+00,-7.8009E-03,+7.8599E-03
+2.9645000E+00,-7.2984E-03,+10.1715E-03
+2.9650000E+00,-7.2984E-03,+12.6840E-03
+2.9655000E+00,-7.9014E-03,+15.4981E-03
+2.9660000E+00,-7.1979E-03,+18.3122E-03
+2.9665000E+00,-6.6954E-03,+21.0258E-03
+2.9670000E+00,-7.1979E-03,+23.2368E-03
+2.9675000E+00,-6.9969E-03,+25.4479E-03
+2.9680000E+00,-6.9969E-03,+28.2619E-03
+2.9685000E+00,-6.7959E-03,+30.5735E-03
+2.9690000E+00,-6.4943E-03,+33.2871E-03
+2.9695000E+00,-6.4943E-03,+35.0961E-03
+2.9700000E+00,-6.5948E-03,+38.1112E-03
+2.9705000E+00,-6.1928E-03,+40.3222E-03
+2.9710000E+00,-6.1928E-03,+43.1363E-03
+2.9715000E+00,-6.4943E-03,+45.0459E-03
+2.9720000E+00,-6.3938E-03,+43.5383E-03
+2.9725000E+00,-6.4943E-03,+40.8247E-03
+2.9730000E+00,-5.8913E-03,+38.1112E-03
+2.9735000E+00,-5.9918E-03,+35.7996E-03
+2.9740000E+00,-6.4943E-03,+33.3876E-03
+2.9745000E+00,-6.6954E-03,+30.9755E-03
+2.9750000E+00,-6.3938E-03,+28.2619E-03
+2.9755000E+00,-6.4943E-03,+25.7494E-03
+2.9760000E+00,-6.4943E-03,+23.7393E-03
+2.9765000E+00,-6.5948E-03,+21.0258E-03
+2.9770000E+00,-6.6954E-03,+18.4127E-03
+2.9775000E+00,-6.9969E-03,+15.6991E-03
+2.9780000E+00,-6.8964E-03,+13.1866E-03
+2.9785000E+00,-6.8964E-03,+10.6740E-03
+2.9790000E+00,-7.0974E-03,+7.9604E-03
+2.9795000E+00,-7.7004E-03,+5.5484E-03
+2.9800000E+00,-7.4994E-03,+3.0358E-03
+2.9805000E+00,-7.3989E-03,+824.7E-06
+2.9810000E+00,-7.0974E-03,-1.2858E-03
+2.9815000E+00,-7.8009E-03,-4.3009E-03
+2.9820000E+00,-7.9014E-03,-6.9139E-03
+2.9825000E+00,-7.8009E-03,-9.1250E-03
+2.9830000E+00,-8.2029E-03,-11.5371E-03
+2.9835000E+00,-7.9014E-03,-13.9491E-03
+2.9840000E+00,-8.7054E-03,-16.4617E-03
+2.9845000E+00,-8.5044E-03,-18.9742E-03
+2.9850000E+00,-8.3034E-03,-21.2858E-03
+2.9855000E+00,-8.6049E-03,-23.7984E-03
+2.9860000E+00,-8.9064E-03,-25.9089E-03
+2.9865000E+00,-9.0069E-03,-29.0245E-03
+2.9870000E+00,-9.1074E-03,-31.7381E-03
+2.9875000E+00,-9.1074E-03,-33.9491E-03
+2.9880000E+00,-8.9064E-03,-36.5622E-03
+2.9885000E+00,-9.5094E-03,-38.7732E-03
+2.9890000E+00,-9.7104E-03,-41.3863E-03
+2.9895000E+00,-9.6099E-03,-43.8989E-03
+2.9900000E+00,-9.5094E-03,-46.6124E-03
+2.9905000E+00,-9.9114E-03,-49.0245E-03
+2.9910000E+00,-10.1124E-03,-51.9391E-03
+2.9915000E+00,-9.6099E-03,-53.2456E-03
+2.9920000E+00,-9.4089E-03,-51.7381E-03
+2.9925000E+00,-9.6099E-03,-49.2255E-03
+2.9930000E+00,-9.3084E-03,-46.6124E-03
+2.9935000E+00,-9.0069E-03,-44.5019E-03
+2.9940000E+00,-8.9064E-03,-41.5873E-03
+2.9945000E+00,-8.7054E-03,-39.1753E-03
+2.9950000E+00,-8.6049E-03,-36.6627E-03
+2.9955000E+00,-8.4039E-03,-34.4516E-03
+2.9960000E+00,-8.2029E-03,-31.5371E-03
+2.9965000E+00,-8.1024E-03,-29.4265E-03
+2.9970000E+00,-8.4039E-03,-26.5119E-03
+2.9975000E+00,-7.8009E-03,-24.3009E-03
+2.9980000E+00,-7.7004E-03,-22.0898E-03
+2.9985000E+00,-8.3034E-03,-19.5773E-03
+2.9990000E+00,-7.9014E-03,-17.0647E-03
+2.9995000E+00,-8.0019E-03,-14.3511E-03
+3.0000000E+00,-7.8009E-03,-12.2406E-03
+3.0005000E+00,-7.5999E-03,-9.7280E-03
+3.0010000E+00,-7.7004E-03,-6.8134E-03
+3.0015000E+00,-7.4994E-03,-4.5019E-03
+3.0020000E+00,-7.2984E-03,-2.2908E-03
+3.0025000E+00,-7.2984E-03,+221.7E-06
+3.0030000E+00,-7.5999E-03,+2.7343E-03
+3.0035000E+00,-7.4994E-03,+5.3474E-03
+3.0040000E+00,-6.8964E-03,+7.6589E-03
+3.0045000E+00,-7.2984E-03,+10.6740E-03
+3.0050000E+00,-7.2984E-03,+12.8850E-03
+3.0055000E+00,-7.4994E-03,+15.5986E-03
+3.0060000E+00,-6.7959E-03,+17.6087E-03
+3.0065000E+00,-7.0974E-03,+20.5232E-03
+3.0070000E+00,-6.8964E-03,+23.2368E-03
+3.0075000E+00,-6.4943E-03,+25.7494E-03
+3.0080000E+00,-6.8964E-03,+28.0609E-03
+3.0085000E+00,-6.5948E-03,+30.5735E-03
+3.0090000E+00,-6.4943E-03,+33.4881E-03
+3.0095000E+00,-6.7959E-03,+35.5986E-03
+3.0100000E+00,-6.4943E-03,+38.0107E-03
+3.0105000E+00,-6.4943E-03,+41.0258E-03
+3.0110000E+00,-6.2933E-03,+43.6388E-03
+3.0115000E+00,-6.3938E-03,+45.1464E-03
+3.0120000E+00,-6.0923E-03,+43.9403E-03
+3.0125000E+00,-6.0923E-03,+40.6237E-03
+3.0130000E+00,-5.8913E-03,+38.3122E-03
+3.0135000E+00,-6.2933E-03,+36.0006E-03
+3.0140000E+00,-6.0923E-03,+33.2871E-03
+3.0145000E+00,-6.1928E-03,+30.7745E-03
+3.0150000E+00,-6.4943E-03,+28.3624E-03
+3.0155000E+00,-6.7959E-03,+25.8499E-03
+3.0160000E+00,-6.6954E-03,+23.1363E-03
+3.0165000E+00,-6.3938E-03,+20.9253E-03
+3.0170000E+00,-6.2933E-03,+18.1112E-03
+3.0175000E+00,-6.8964E-03,+16.0006E-03
+3.0180000E+00,-6.7959E-03,+13.3876E-03
+3.0185000E+00,-6.6954E-03,+11.0760E-03
+3.0190000E+00,-6.8964E-03,+8.6639E-03
+3.0195000E+00,-7.2984E-03,+6.0509E-03
+3.0200000E+00,-7.4994E-03,+3.0358E-03
+3.0205000E+00,-7.4994E-03,+1.1263E-03
+3.0210000E+00,-7.1979E-03,-1.6878E-03
+3.0215000E+00,-7.3989E-03,-3.9994E-03
+3.0220000E+00,-7.8009E-03,-6.5119E-03
+3.0225000E+00,-7.8009E-03,-9.0245E-03
+3.0230000E+00,-7.7004E-03,-11.5371E-03
+3.0235000E+00,-8.0019E-03,-14.0496E-03
+3.0240000E+00,-8.2029E-03,-16.6627E-03
+3.0245000E+00,-8.3034E-03,-18.8737E-03
+3.0250000E+00,-8.5044E-03,-21.4868E-03
+3.0255000E+00,-8.4039E-03,-24.2004E-03
+3.0260000E+00,-8.8059E-03,-26.7129E-03
+3.0265000E+00,-8.7054E-03,-29.1250E-03
+3.0270000E+00,-8.6049E-03,-31.6376E-03
+3.0275000E+00,-8.9064E-03,-34.0496E-03
+3.0280000E+00,-9.0069E-03,-36.8637E-03
+3.0285000E+00,-8.9064E-03,-38.9742E-03
+3.0290000E+00,-9.0069E-03,-41.6878E-03
+3.0295000E+00,-9.2079E-03,-44.0999E-03
+3.0300000E+00,-9.5094E-03,-46.2104E-03
+3.0305000E+00,-9.3084E-03,-49.2255E-03
+3.0310000E+00,-9.5094E-03,-51.4366E-03
+3.0315000E+00,-9.5094E-03,-53.7481E-03
+3.0320000E+00,-9.3084E-03,-51.7381E-03
+3.0325000E+00,-9.5094E-03,-49.3260E-03
+3.0330000E+00,-9.1074E-03,-46.9139E-03
+3.0335000E+00,-8.6049E-03,-44.2004E-03
+3.0340000E+00,-8.7054E-03,-42.0898E-03
+3.0345000E+00,-9.0069E-03,-39.2758E-03
+3.0350000E+00,-8.5044E-03,-36.5622E-03
+3.0355000E+00,-8.6049E-03,-34.3511E-03
+3.0360000E+00,-8.0019E-03,-32.0396E-03
+3.0365000E+00,-8.3034E-03,-29.3260E-03
+3.0370000E+00,-8.6049E-03,-26.6124E-03
+3.0375000E+00,-8.0019E-03,-24.6024E-03
+3.0380000E+00,-7.9014E-03,-21.9893E-03
+3.0385000E+00,-8.2029E-03,-19.5773E-03
+3.0390000E+00,-8.1024E-03,-16.8637E-03
+3.0395000E+00,-7.7004E-03,-14.6526E-03
+3.0400000E+00,-7.5999E-03,-12.1401E-03
+3.0405000E+00,-8.2029E-03,-8.8235E-03
+3.0410000E+00,-7.7004E-03,-6.9139E-03
+3.0415000E+00,-7.3989E-03,-4.3009E-03
+3.0420000E+00,-6.9969E-03,-1.9893E-03
+3.0425000E+00,-7.4994E-03,+523.2E-06
+3.0430000E+00,-7.5999E-03,+2.8348E-03
+3.0435000E+00,-7.8009E-03,+5.7494E-03
+3.0440000E+00,-7.8009E-03,+7.9604E-03
+3.0445000E+00,-7.8009E-03,+10.5735E-03
+3.0450000E+00,-7.2984E-03,+12.8850E-03
+3.0455000E+00,-7.3989E-03,+15.6991E-03
+3.0460000E+00,-7.0974E-03,+18.0107E-03
+3.0465000E+00,-6.8964E-03,+20.8247E-03
+3.0470000E+00,-7.1979E-03,+22.7343E-03
+3.0475000E+00,-6.8964E-03,+25.5484E-03
+3.0480000E+00,-6.9969E-03,+27.6589E-03
+3.0485000E+00,-6.6954E-03,+30.1715E-03
+3.0490000E+00,-6.6954E-03,+32.6840E-03
+3.0495000E+00,-6.7959E-03,+35.4981E-03
+3.0500000E+00,-6.2933E-03,+38.0107E-03
+3.0505000E+00,-6.1928E-03,+40.1212E-03
+3.0510000E+00,-6.5948E-03,+42.7343E-03
+3.0515000E+00,-6.6954E-03,+44.7443E-03
+3.0520000E+00,-6.2933E-03,+43.6388E-03
+3.0525000E+00,-6.2933E-03,+40.8247E-03
+3.0530000E+00,-6.3938E-03,+38.2117E-03
+3.0535000E+00,-6.5948E-03,+35.7996E-03
+3.0540000E+00,-6.3938E-03,+33.3876E-03
+3.0545000E+00,-6.3938E-03,+30.9755E-03
+3.0550000E+00,-6.3938E-03,+28.4629E-03
+3.0555000E+00,-6.4943E-03,+25.4479E-03
+3.0560000E+00,-6.9969E-03,+23.3373E-03
+3.0565000E+00,-6.9969E-03,+20.7242E-03
+3.0570000E+00,-6.6954E-03,+18.5132E-03
+3.0575000E+00,-6.6954E-03,+15.6991E-03
+3.0580000E+00,-7.1979E-03,+13.0861E-03
+3.0585000E+00,-6.6954E-03,+10.6740E-03
+3.0590000E+00,-6.8964E-03,+8.0609E-03
+3.0595000E+00,-7.4994E-03,+5.5484E-03
+3.0600000E+00,-7.5999E-03,+3.1363E-03
+3.0605000E+00,-7.1979E-03,+724.2E-06
+3.0610000E+00,-7.2984E-03,-1.7883E-03
+3.0615000E+00,-7.5999E-03,-4.4014E-03
+3.0620000E+00,-8.0019E-03,-6.5119E-03
+3.0625000E+00,-7.9014E-03,-9.5270E-03
+3.0630000E+00,-8.1024E-03,-12.0396E-03
+3.0635000E+00,-8.4039E-03,-14.2506E-03
+3.0640000E+00,-8.8059E-03,-16.9642E-03
+3.0645000E+00,-8.7054E-03,-19.3763E-03
+3.0650000E+00,-8.6049E-03,-21.6878E-03
+3.0655000E+00,-8.7054E-03,-24.2004E-03
+3.0660000E+00,-9.2079E-03,-26.6124E-03
+3.0665000E+00,-8.8059E-03,-29.2255E-03
+3.0670000E+00,-9.3084E-03,-31.6376E-03
+3.0675000E+00,-9.2079E-03,-33.9491E-03
+3.0680000E+00,-9.7104E-03,-36.4617E-03
+3.0685000E+00,-9.2079E-03,-38.8737E-03
+3.0690000E+00,-9.5094E-03,-41.5873E-03
+3.0695000E+00,-9.5094E-03,-44.0999E-03
+3.0700000E+00,-10.0119E-03,-46.5119E-03
+3.0705000E+00,-9.9114E-03,-49.1250E-03
+3.0710000E+00,-9.8109E-03,-51.7381E-03
+3.0715000E+00,-9.9114E-03,-53.6476E-03
+3.0720000E+00,-10.1124E-03,-52.2406E-03
+3.0725000E+00,-9.9114E-03,-49.5270E-03
+3.0730000E+00,-9.0069E-03,-46.4114E-03
+3.0735000E+00,-9.3084E-03,-44.4014E-03
+3.0740000E+00,-9.2079E-03,-41.9893E-03
+3.0745000E+00,-9.0069E-03,-39.8788E-03
+3.0750000E+00,-8.6049E-03,-36.8637E-03
+3.0755000E+00,-8.6049E-03,-34.2506E-03
+3.0760000E+00,-8.8059E-03,-32.1401E-03
+3.0765000E+00,-8.9064E-03,-29.4265E-03
+3.0770000E+00,-8.2029E-03,-26.7129E-03
+3.0775000E+00,-7.9014E-03,-24.4014E-03
+3.0780000E+00,-8.1024E-03,-21.6878E-03
+3.0785000E+00,-8.8059E-03,-19.7783E-03
+3.0790000E+00,-8.0019E-03,-17.0647E-03
+3.0795000E+00,-7.7004E-03,-14.7531E-03
+3.0800000E+00,-7.7004E-03,-12.0396E-03
+3.0805000E+00,-7.7004E-03,-9.5270E-03
+3.0810000E+00,-7.8009E-03,-7.5170E-03
+3.0815000E+00,-7.8009E-03,-5.0044E-03
+3.0820000E+00,-7.3989E-03,-2.2908E-03
+3.0825000E+00,-7.4994E-03,+322.2E-06
+3.0830000E+00,-7.3989E-03,+2.2318E-03
+3.0835000E+00,-7.1979E-03,+5.0459E-03
+3.0840000E+00,-7.7004E-03,+7.8599E-03
+3.0845000E+00,-7.5999E-03,+10.2720E-03
+3.0850000E+00,-7.1979E-03,+12.3825E-03
+3.0855000E+00,-7.1979E-03,+14.9956E-03
+3.0860000E+00,-6.7959E-03,+17.6087E-03
+3.0865000E+00,-6.7959E-03,+20.1212E-03
+3.0870000E+00,-6.8964E-03,+22.4328E-03
+3.0875000E+00,-6.8964E-03,+25.3474E-03
+3.0880000E+00,-6.5948E-03,+27.6589E-03
+3.0885000E+00,-6.6954E-03,+29.9705E-03
+3.0890000E+00,-6.4943E-03,+32.8850E-03
+3.0895000E+00,-6.5948E-03,+35.1966E-03
+3.0900000E+00,-6.0923E-03,+37.9102E-03
+3.0905000E+00,-6.2933E-03,+40.6237E-03
+3.0910000E+00,-5.9918E-03,+42.7343E-03
+3.0915000E+00,-6.2933E-03,+45.0459E-03
+3.0920000E+00,-6.2933E-03,+42.9353E-03
+3.0925000E+00,-5.5898E-03,+41.0258E-03
+3.0930000E+00,-5.9918E-03,+38.2117E-03
+3.0935000E+00,-6.6954E-03,+35.4981E-03
+3.0940000E+00,-5.9918E-03,+33.1866E-03
+3.0945000E+00,-5.6903E-03,+30.6740E-03
+3.0950000E+00,-6.4943E-03,+28.3624E-03
+3.0955000E+00,-6.2933E-03,+25.2469E-03
+3.0960000E+00,-5.7908E-03,+22.9353E-03
+3.0965000E+00,-6.5948E-03,+20.6237E-03
+3.0970000E+00,-6.3938E-03,+17.6087E-03
+3.0975000E+00,-6.5948E-03,+15.6991E-03
+3.0980000E+00,-6.7959E-03,+12.8850E-03
+3.0985000E+00,-6.8964E-03,+9.7695E-03
+3.0990000E+00,-6.3938E-03,+7.8599E-03
+3.0995000E+00,-7.1979E-03,+5.2469E-03
+3.1000000E+00,-7.1979E-03,+3.1363E-03
+3.1005000E+00,-6.9969E-03,+523.2E-06
+3.1010000E+00,-7.0974E-03,-2.1903E-03
+3.1015000E+00,-7.8009E-03,-4.3009E-03
+3.1020000E+00,-7.4994E-03,-6.9139E-03
+3.1025000E+00,-7.5999E-03,-9.3260E-03
+3.1030000E+00,-7.7004E-03,-11.9391E-03
+3.1035000E+00,-8.0019E-03,-14.0496E-03
+3.1040000E+00,-8.2029E-03,-16.6627E-03
+3.1045000E+00,-8.0019E-03,-19.1753E-03
+3.1050000E+00,-8.3034E-03,-21.7883E-03
+3.1055000E+00,-8.3034E-03,-23.8989E-03
+3.1060000E+00,-8.8059E-03,-27.1149E-03
+3.1065000E+00,-8.5044E-03,-29.6275E-03
+3.1070000E+00,-8.4039E-03,-31.7381E-03
+3.1075000E+00,-8.7054E-03,-34.2506E-03
+3.1080000E+00,-8.9064E-03,-36.6627E-03
+3.1085000E+00,-8.7054E-03,-39.1753E-03
+3.1090000E+00,-9.2079E-03,-41.7883E-03
+3.1095000E+00,-9.2079E-03,-44.3009E-03
+3.1100000E+00,-9.4089E-03,-46.7129E-03
+3.1105000E+00,-9.3084E-03,-48.7230E-03
+3.1110000E+00,-9.3084E-03,-51.5371E-03
+3.1115000E+00,-9.4089E-03,-53.7481E-03
+3.1120000E+00,-9.5094E-03,-51.9391E-03
+3.1125000E+00,-9.0069E-03,-49.3260E-03
+3.1130000E+00,-9.1074E-03,-46.8134E-03
+3.1135000E+00,-8.6049E-03,-44.3009E-03
+3.1140000E+00,-8.8059E-03,-41.5873E-03
+3.1145000E+00,-8.9064E-03,-39.1753E-03
+3.1150000E+00,-8.3034E-03,-36.7632E-03
+3.1155000E+00,-8.2029E-03,-34.6526E-03
+3.1160000E+00,-7.9014E-03,-32.0396E-03
+3.1165000E+00,-7.8009E-03,-29.6275E-03
+3.1170000E+00,-7.8009E-03,-26.7129E-03
+3.1175000E+00,-8.0019E-03,-24.5019E-03
+3.1180000E+00,-7.5999E-03,-22.0898E-03
+3.1185000E+00,-7.5999E-03,-19.6778E-03
+3.1190000E+00,-7.3989E-03,-16.7632E-03
+3.1195000E+00,-7.2984E-03,-14.4516E-03
+3.1200000E+00,-7.4994E-03,-12.0396E-03
+3.1205000E+00,-7.7004E-03,-9.8285E-03
+3.1210000E+00,-7.4994E-03,-6.9139E-03
+3.1215000E+00,-7.1979E-03,-4.5019E-03
+3.1220000E+00,-7.1979E-03,-2.2908E-03
+3.1225000E+00,-7.3989E-03,+121.2E-06
+3.1230000E+00,-6.9969E-03,+2.7343E-03
+3.1235000E+00,-7.2984E-03,+4.9454E-03
+3.1240000E+00,-7.0974E-03,+7.4579E-03
+3.1245000E+00,-7.2984E-03,+9.7695E-03
+3.1250000E+00,-7.1979E-03,+12.6840E-03
+3.1255000E+00,-7.1979E-03,+15.3976E-03
+3.1260000E+00,-6.6954E-03,+17.9102E-03
+3.1265000E+00,-7.1979E-03,+20.1212E-03
+3.1270000E+00,-6.9969E-03,+22.7343E-03
+3.1275000E+00,-6.6954E-03,+25.6489E-03
+3.1280000E+00,-6.6954E-03,+27.8599E-03
+3.1285000E+00,-6.8964E-03,+30.6740E-03
+3.1290000E+00,-6.2933E-03,+32.6840E-03
+3.1295000E+00,-6.4943E-03,+35.3976E-03
+3.1300000E+00,-6.2933E-03,+38.0107E-03
+3.1305000E+00,-5.9918E-03,+40.4227E-03
+3.1310000E+00,-6.1928E-03,+43.2368E-03
+3.1315000E+00,-5.9918E-03,+45.1464E-03
+3.1320000E+00,-5.7908E-03,+42.7343E-03
+3.1325000E+00,-5.9918E-03,+40.5232E-03
+3.1330000E+00,-6.0923E-03,+37.8097E-03
+3.1335000E+00,-5.7908E-03,+35.6991E-03
+3.1340000E+00,-5.9918E-03,+33.0861E-03
+3.1345000E+00,-5.9918E-03,+30.2720E-03
+3.1350000E+00,-6.0923E-03,+27.6589E-03
+3.1355000E+00,-6.0923E-03,+25.9504E-03
+3.1360000E+00,-6.1928E-03,+22.8348E-03
+3.1365000E+00,-5.6903E-03,+20.9253E-03
+3.1370000E+00,-6.3938E-03,+18.4127E-03
+3.1375000E+00,-6.5948E-03,+15.5986E-03
+3.1380000E+00,-6.9969E-03,+13.0861E-03
+3.1385000E+00,-7.1979E-03,+10.1715E-03
+3.1390000E+00,-6.9969E-03,+8.4629E-03
+3.1395000E+00,-7.1979E-03,+5.6489E-03
+3.1400000E+00,-7.0974E-03,+3.0358E-03
+3.1405000E+00,-6.6954E-03,+623.7E-06
+3.1410000E+00,-7.3989E-03,-1.3863E-03
+3.1415000E+00,-7.8009E-03,-4.4014E-03
+3.1420000E+00,-7.4994E-03,-6.7129E-03
+3.1425000E+00,-6.9969E-03,-9.0245E-03
+3.1430000E+00,-7.9014E-03,-11.8386E-03
+3.1435000E+00,-8.1024E-03,-14.4516E-03
+3.1440000E+00,-8.0019E-03,-17.0647E-03
+3.1445000E+00,-8.1024E-03,-19.2758E-03
+3.1450000E+00,-8.0019E-03,-21.5873E-03
+3.1455000E+00,-8.2029E-03,-24.5019E-03
+3.1460000E+00,-8.7054E-03,-26.7129E-03
+3.1465000E+00,-8.6049E-03,-29.3260E-03
+3.1470000E+00,-8.9064E-03,-31.9391E-03
+3.1475000E+00,-9.0069E-03,-34.5521E-03
+3.1480000E+00,-9.1074E-03,-36.5622E-03
+3.1485000E+00,-8.8059E-03,-39.1753E-03
+3.1490000E+00,-9.2079E-03,-41.7883E-03
+3.1495000E+00,-8.9064E-03,-44.3009E-03
+3.1500000E+00,-9.3084E-03,-46.8134E-03
+3.1505000E+00,-9.5094E-03,-49.6275E-03
+3.1510000E+00,-9.4089E-03,-51.9391E-03
+3.1515000E+00,-9.4089E-03,-53.7481E-03
+3.1520000E+00,-9.2079E-03,-52.2406E-03
+3.1525000E+00,-9.5094E-03,-49.9290E-03
+3.1530000E+00,-9.0069E-03,-47.1149E-03
+3.1535000E+00,-8.6049E-03,-44.4014E-03
+3.1540000E+00,-8.9064E-03,-42.4918E-03
+3.1545000E+00,-8.5044E-03,-39.3763E-03
+3.1550000E+00,-8.5044E-03,-37.4667E-03
+3.1555000E+00,-8.5044E-03,-34.6526E-03
+3.1560000E+00,-8.3034E-03,-31.8386E-03
+3.1565000E+00,-8.1024E-03,-29.8285E-03
+3.1570000E+00,-8.0019E-03,-27.3160E-03
+3.1575000E+00,-7.7004E-03,-24.9039E-03
+3.1580000E+00,-8.3034E-03,-22.2908E-03
+3.1585000E+00,-7.7004E-03,-19.3763E-03
+3.1590000E+00,-7.7004E-03,-17.1652E-03
+3.1595000E+00,-7.2984E-03,-14.3511E-03
+3.1600000E+00,-7.4994E-03,-11.8386E-03
+3.1605000E+00,-7.8009E-03,-9.9290E-03
+3.1610000E+00,-7.5999E-03,-7.3160E-03
+3.1615000E+00,-7.3989E-03,-4.7029E-03
+3.1620000E+00,-7.5999E-03,-2.1903E-03
+3.1625000E+00,-7.7004E-03,+221.7E-06
+3.1630000E+00,-7.4994E-03,+2.6338E-03
+3.1635000E+00,-7.1979E-03,+4.8448E-03
+3.1640000E+00,-7.8009E-03,+7.3574E-03
+3.1645000E+00,-7.3989E-03,+9.7695E-03
+3.1650000E+00,-7.4994E-03,+12.7845E-03
+3.1655000E+00,-6.9969E-03,+15.0961E-03
+3.1660000E+00,-7.2984E-03,+17.3072E-03
+3.1665000E+00,-7.3989E-03,+20.1212E-03
+3.1670000E+00,-7.0974E-03,+22.8348E-03
+3.1675000E+00,-7.0974E-03,+24.9454E-03
+3.1680000E+00,-6.4943E-03,+27.9604E-03
+3.1685000E+00,-6.6954E-03,+30.0710E-03
+3.1690000E+00,-6.8964E-03,+32.8850E-03
+3.1695000E+00,-6.7959E-03,+35.3976E-03
+3.1700000E+00,-6.1928E-03,+37.6087E-03
+3.1705000E+00,-6.5948E-03,+40.0207E-03
+3.1710000E+00,-6.5948E-03,+43.0358E-03
+3.1715000E+00,-6.1928E-03,+44.6438E-03
+3.1720000E+00,-5.8913E-03,+43.0358E-03
+3.1725000E+00,-6.3938E-03,+40.7242E-03
+3.1730000E+00,-6.2933E-03,+38.4127E-03
+3.1735000E+00,-6.3938E-03,+35.1966E-03
+3.1740000E+00,-5.6903E-03,+32.7845E-03
+3.1745000E+00,-6.3938E-03,+30.4730E-03
+3.1750000E+00,-6.8964E-03,+28.1614E-03
+3.1755000E+00,-6.6954E-03,+25.4479E-03
+3.1760000E+00,-6.6954E-03,+23.1363E-03
+3.1765000E+00,-6.7959E-03,+20.9253E-03
+3.1770000E+00,-6.7959E-03,+17.9102E-03
+3.1775000E+00,-6.6954E-03,+15.6991E-03
+3.1780000E+00,-6.6954E-03,+13.0861E-03
+3.1785000E+00,-6.6954E-03,+10.2720E-03
+3.1790000E+00,-7.1979E-03,+7.8599E-03
+3.1795000E+00,-7.2984E-03,+5.5484E-03
+3.1800000E+00,-7.1979E-03,+2.3323E-03
+3.1805000E+00,-7.1979E-03,+623.7E-06
+3.1810000E+00,-7.5999E-03,-1.9893E-03
+3.1815000E+00,-7.7004E-03,-4.5019E-03
+3.1820000E+00,-7.8009E-03,-7.0144E-03
+3.1825000E+00,-7.7004E-03,-9.5270E-03
+3.1830000E+00,-8.4039E-03,-11.6376E-03
+3.1835000E+00,-8.2029E-03,-14.4516E-03
+3.1840000E+00,-8.5044E-03,-16.6627E-03
+3.1845000E+00,-8.3034E-03,-19.0747E-03
+3.1850000E+00,-8.2029E-03,-21.9893E-03
+3.1855000E+00,-8.7054E-03,-24.0999E-03
+3.1860000E+00,-8.6049E-03,-26.6124E-03
+3.1865000E+00,-8.6049E-03,-29.4265E-03
+3.1870000E+00,-8.7054E-03,-31.6376E-03
+3.1875000E+00,-9.1074E-03,-34.4516E-03
+3.1880000E+00,-8.8059E-03,-36.8637E-03
+3.1885000E+00,-9.3084E-03,-39.3763E-03
+3.1890000E+00,-9.0069E-03,-41.6878E-03
+3.1895000E+00,-9.6099E-03,-44.3009E-03
+3.1900000E+00,-9.3084E-03,-46.5119E-03
+3.1905000E+00,-9.4089E-03,-49.3260E-03
+3.1910000E+00,-9.5094E-03,-51.1350E-03
+3.1915000E+00,-10.0119E-03,-53.6476E-03
+3.1920000E+00,-9.9114E-03,-52.1401E-03
+3.1925000E+00,-9.4089E-03,-49.5270E-03
+3.1930000E+00,-9.1074E-03,-47.2155E-03
+3.1935000E+00,-8.8059E-03,-44.5019E-03
+3.1940000E+00,-8.6049E-03,-41.6878E-03
+3.1945000E+00,-9.1074E-03,-39.3763E-03
+3.1950000E+00,-8.3034E-03,-36.8637E-03
+3.1955000E+00,-8.5044E-03,-34.4516E-03
+3.1960000E+00,-8.2029E-03,-32.2406E-03
+3.1965000E+00,-8.1024E-03,-29.7280E-03
+3.1970000E+00,-8.1024E-03,-27.1149E-03
+3.1975000E+00,-8.1024E-03,-24.6024E-03
+3.1980000E+00,-7.7004E-03,-22.3913E-03
+3.1985000E+00,-7.9014E-03,-19.8788E-03
+3.1990000E+00,-7.4994E-03,-17.3662E-03
+3.1995000E+00,-7.5999E-03,-14.4516E-03
+3.2000000E+00,-7.9014E-03,-12.0396E-03
+3.2005000E+00,-7.4994E-03,-9.9290E-03
+3.2010000E+00,-7.4994E-03,-7.3160E-03
+3.2015000E+00,-6.8964E-03,-4.7029E-03
+3.2020000E+00,-7.5999E-03,-2.3913E-03
+3.2025000E+00,-7.5999E-03,-79.8E-06
+3.2030000E+00,-7.2984E-03,+2.8348E-03
+3.2035000E+00,-7.0974E-03,+5.0459E-03
+3.2040000E+00,-7.1979E-03,+7.9604E-03
+3.2045000E+00,-7.1979E-03,+10.3725E-03
+3.2050000E+00,-7.2984E-03,+12.8850E-03
+3.2055000E+00,-6.8964E-03,+15.4981E-03
+3.2060000E+00,-6.6954E-03,+17.8097E-03
+3.2065000E+00,-6.8964E-03,+20.3222E-03
+3.2070000E+00,-6.8964E-03,+22.8348E-03
+3.2075000E+00,-6.8964E-03,+25.4479E-03
+3.2080000E+00,-6.5948E-03,+28.0609E-03
+3.2085000E+00,-6.4943E-03,+30.6740E-03
+3.2090000E+00,-6.2933E-03,+32.8850E-03
+3.2095000E+00,-5.9918E-03,+35.3976E-03
+3.2100000E+00,-5.8913E-03,+38.4127E-03
+3.2105000E+00,-6.0923E-03,+40.1212E-03
+3.2110000E+00,-5.9918E-03,+42.9353E-03
+3.2115000E+00,-5.7908E-03,+45.0459E-03
+3.2120000E+00,-5.9918E-03,+43.2368E-03
+3.2125000E+00,-5.9918E-03,+40.7242E-03
+3.2130000E+00,-6.1928E-03,+38.0107E-03
+3.2135000E+00,-5.8913E-03,+36.0006E-03
+3.2140000E+00,-6.3938E-03,+33.1866E-03
+3.2145000E+00,-6.1928E-03,+30.9755E-03
+3.2150000E+00,-6.0923E-03,+28.1614E-03
+3.2155000E+00,-6.0923E-03,+25.8499E-03
+3.2160000E+00,-6.0923E-03,+23.0358E-03
+3.2165000E+00,-6.3938E-03,+20.8247E-03
+3.2170000E+00,-6.5948E-03,+18.2117E-03
+3.2175000E+00,-6.3938E-03,+15.5986E-03
+3.2180000E+00,-6.4943E-03,+12.8850E-03
+3.2185000E+00,-6.5948E-03,+10.7745E-03
+3.2190000E+00,-6.6954E-03,+7.9604E-03
+3.2195000E+00,-7.0974E-03,+5.6489E-03
+3.2200000E+00,-6.8964E-03,+2.8348E-03
+3.2205000E+00,-7.2984E-03,+623.7E-06
+3.2210000E+00,-7.3989E-03,-1.9893E-03
+3.2215000E+00,-7.3989E-03,-4.4014E-03
+3.2220000E+00,-7.0974E-03,-6.8134E-03
+3.2225000E+00,-7.1979E-03,-9.6275E-03
+3.2230000E+00,-7.9014E-03,-11.6376E-03
+3.2235000E+00,-8.1024E-03,-14.3511E-03
+3.2240000E+00,-8.1024E-03,-17.0647E-03
+3.2245000E+00,-7.9014E-03,-19.0747E-03
+3.2250000E+00,-8.8059E-03,-21.6878E-03
+3.2255000E+00,-8.5044E-03,-24.0999E-03
+3.2260000E+00,-8.1024E-03,-26.8134E-03
+3.2265000E+00,-8.1024E-03,-29.4265E-03
+3.2270000E+00,-8.8059E-03,-32.1401E-03
+3.2275000E+00,-8.9064E-03,-34.1501E-03
+3.2280000E+00,-8.9064E-03,-36.9642E-03
+3.2285000E+00,-9.0069E-03,-39.1753E-03
+3.2290000E+00,-8.8059E-03,-41.7883E-03
+3.2295000E+00,-9.0069E-03,-44.3009E-03
+3.2300000E+00,-9.0069E-03,-46.7129E-03
+3.2305000E+00,-9.3084E-03,-49.5270E-03
+3.2310000E+00,-9.2079E-03,-51.7381E-03
+3.2315000E+00,-9.6099E-03,-53.6476E-03
+3.2320000E+00,-9.7104E-03,-51.9391E-03
+3.2325000E+00,-9.2079E-03,-49.6275E-03
+3.2330000E+00,-8.9064E-03,-46.9139E-03
+3.2335000E+00,-8.9064E-03,-44.5019E-03
+3.2340000E+00,-8.9064E-03,-41.5873E-03
+3.2345000E+00,-8.4039E-03,-39.0747E-03
+3.2350000E+00,-8.2029E-03,-36.5622E-03
+3.2355000E+00,-8.3034E-03,-34.6526E-03
+3.2360000E+00,-8.5044E-03,-32.2406E-03
+3.2365000E+00,-8.1024E-03,-29.9290E-03
+3.2370000E+00,-7.9014E-03,-27.2155E-03
+3.2375000E+00,-7.7004E-03,-24.7029E-03
+3.2380000E+00,-8.4039E-03,-22.2908E-03
+3.2385000E+00,-7.8009E-03,-19.4768E-03
+3.2390000E+00,-7.1979E-03,-17.0647E-03
+3.2395000E+00,-7.2984E-03,-14.7531E-03
+3.2400000E+00,-7.4994E-03,-12.3411E-03
+3.2405000E+00,-7.4994E-03,-9.9290E-03
+3.2410000E+00,-7.4994E-03,-7.0144E-03
+3.2415000E+00,-7.1979E-03,-4.4014E-03
+3.2420000E+00,-7.2984E-03,-2.5923E-03
+3.2425000E+00,-7.3989E-03,+322.2E-06
+3.2430000E+00,-7.3989E-03,+2.7343E-03
+3.2435000E+00,-7.1979E-03,+5.6489E-03
+3.2440000E+00,-7.1979E-03,+7.9604E-03
+3.2445000E+00,-7.0974E-03,+10.1715E-03
+3.2450000E+00,-6.8964E-03,+12.8850E-03
+3.2455000E+00,-6.9969E-03,+15.0961E-03
+3.2460000E+00,-7.1979E-03,+17.5082E-03
+3.2465000E+00,-7.0974E-03,+20.2217E-03
+3.2470000E+00,-6.9969E-03,+22.8348E-03
+3.2475000E+00,-6.4943E-03,+25.4479E-03
+3.2480000E+00,-6.6954E-03,+27.4579E-03
+3.2485000E+00,-6.5948E-03,+30.4730E-03
+3.2490000E+00,-6.4943E-03,+32.2820E-03
+3.2495000E+00,-6.1928E-03,+35.4981E-03
+3.2500000E+00,-6.1928E-03,+38.3122E-03
+3.2505000E+00,-6.4943E-03,+40.6237E-03
+3.2510000E+00,-5.8913E-03,+43.1363E-03
+3.2515000E+00,-5.8913E-03,+45.4479E-03
+3.2520000E+00,-6.1928E-03,+43.5383E-03
+3.2525000E+00,-6.4943E-03,+40.7242E-03
+3.2530000E+00,-6.0923E-03,+38.3122E-03
+3.2535000E+00,-5.7908E-03,+35.7996E-03
+3.2540000E+00,-6.0923E-03,+33.5886E-03
+3.2545000E+00,-6.3938E-03,+30.9755E-03
+3.2550000E+00,-6.0923E-03,+28.1614E-03
+3.2555000E+00,-5.7908E-03,+25.5484E-03
+3.2560000E+00,-6.3938E-03,+23.0358E-03
+3.2565000E+00,-5.9918E-03,+20.8247E-03
+3.2570000E+00,-6.5948E-03,+18.1112E-03
+3.2575000E+00,-6.6954E-03,+16.1011E-03
+3.2580000E+00,-6.1928E-03,+12.9856E-03
+3.2585000E+00,-6.5948E-03,+10.6740E-03
+3.2590000E+00,-6.9969E-03,+7.8599E-03
+3.2595000E+00,-6.8964E-03,+5.5484E-03
+3.2600000E+00,-6.9969E-03,+2.7343E-03
+3.2605000E+00,-7.0974E-03,+925.3E-06
+3.2610000E+00,-7.3989E-03,-2.2908E-03
+3.2615000E+00,-7.4994E-03,-4.3009E-03
+3.2620000E+00,-7.4994E-03,-6.7129E-03
+3.2625000E+00,-7.3989E-03,-8.9240E-03
+3.2630000E+00,-8.1024E-03,-11.7381E-03
+3.2635000E+00,-8.1024E-03,-14.1501E-03
+3.2640000E+00,-8.4039E-03,-16.3612E-03
+3.2645000E+00,-8.0019E-03,-18.7732E-03
+3.2650000E+00,-8.5044E-03,-21.6878E-03
+3.2655000E+00,-8.6049E-03,-24.0999E-03
+3.2660000E+00,-8.6049E-03,-26.6124E-03
+3.2665000E+00,-8.4039E-03,-28.6225E-03
+3.2670000E+00,-8.7054E-03,-31.8386E-03
+3.2675000E+00,-8.9064E-03,-34.1501E-03
+3.2680000E+00,-8.8059E-03,-36.3612E-03
+3.2685000E+00,-8.6049E-03,-38.9742E-03
+3.2690000E+00,-9.4089E-03,-41.1853E-03
+3.2695000E+00,-9.1074E-03,-44.2004E-03
+3.2700000E+00,-9.5094E-03,-46.1099E-03
+3.2705000E+00,-9.0069E-03,-49.0245E-03
+3.2710000E+00,-9.5094E-03,-51.5371E-03
+3.2715000E+00,-9.6099E-03,-53.4466E-03
+3.2720000E+00,-9.4089E-03,-51.5371E-03
+3.2725000E+00,-9.2079E-03,-49.4265E-03
+3.2730000E+00,-9.0069E-03,-47.1149E-03
+3.2735000E+00,-9.0069E-03,-44.3009E-03
+3.2740000E+00,-9.3084E-03,-41.6878E-03
+3.2745000E+00,-8.6049E-03,-39.3763E-03
+3.2750000E+00,-8.4039E-03,-36.5622E-03
+3.2755000E+00,-8.7054E-03,-34.2506E-03
+3.2760000E+00,-8.3034E-03,-31.9391E-03
+3.2765000E+00,-8.1024E-03,-29.4265E-03
+3.2770000E+00,-7.9014E-03,-26.3109E-03
+3.2775000E+00,-8.2029E-03,-24.9039E-03
+3.2780000E+00,-8.3034E-03,-21.7883E-03
+3.2785000E+00,-7.4994E-03,-19.3763E-03
+3.2790000E+00,-7.4994E-03,-16.7632E-03
+3.2795000E+00,-7.5999E-03,-14.3511E-03
+3.2800000E+00,-8.2029E-03,-11.8386E-03
+3.2805000E+00,-7.4994E-03,-9.5270E-03
+3.2810000E+00,-7.3989E-03,-7.0144E-03
+3.2815000E+00,-7.3989E-03,-4.5019E-03
+3.2820000E+00,-7.8009E-03,-2.0898E-03
+3.2825000E+00,-7.4994E-03,+221.7E-06
+3.2830000E+00,-7.5999E-03,+2.4328E-03
+3.2835000E+00,-7.2984E-03,+5.2469E-03
+3.2840000E+00,-7.3989E-03,+7.7594E-03
+3.2845000E+00,-7.3989E-03,+10.5735E-03
+3.2850000E+00,-6.8964E-03,+12.8850E-03
+3.2855000E+00,-7.1979E-03,+15.1966E-03
+3.2860000E+00,-7.2984E-03,+17.7092E-03
+3.2865000E+00,-7.1979E-03,+20.3222E-03
+3.2870000E+00,-6.9969E-03,+22.7343E-03
+3.2875000E+00,-6.3938E-03,+25.6489E-03
+3.2880000E+00,-6.8964E-03,+27.9604E-03
+3.2885000E+00,-6.8964E-03,+29.8700E-03
+3.2890000E+00,-6.4943E-03,+32.8850E-03
+3.2895000E+00,-6.2933E-03,+35.5986E-03
+3.2900000E+00,-6.0923E-03,+38.2117E-03
+3.2905000E+00,-6.1928E-03,+40.5232E-03
+3.2910000E+00,-5.9918E-03,+43.1363E-03
+3.2915000E+00,-5.7908E-03,+44.9454E-03
+3.2920000E+00,-5.7908E-03,+42.8348E-03
+3.2925000E+00,-6.3938E-03,+40.5232E-03
+3.2930000E+00,-5.9918E-03,+38.3122E-03
+3.2935000E+00,-5.6903E-03,+35.6991E-03
+3.2940000E+00,-5.8913E-03,+33.1866E-03
+3.2945000E+00,-5.8913E-03,+30.3725E-03
+3.2950000E+00,-5.9918E-03,+28.0609E-03
+3.2955000E+00,-6.1928E-03,+25.0459E-03
+3.2960000E+00,-6.2933E-03,+23.3373E-03
+3.2965000E+00,-6.2933E-03,+20.8247E-03
+3.2970000E+00,-6.5948E-03,+18.0107E-03
+3.2975000E+00,-6.4943E-03,+15.2971E-03
+3.2980000E+00,-6.5948E-03,+13.0861E-03
+3.2985000E+00,-6.9969E-03,+10.4730E-03
+3.2990000E+00,-7.1979E-03,+8.0609E-03
+3.2995000E+00,-6.8964E-03,+5.2469E-03
+3.3000000E+00,-6.7959E-03,+3.2368E-03
+3.3005000E+00,-6.9969E-03,+724.2E-06
+3.3010000E+00,-7.4994E-03,-1.7883E-03
+3.3015000E+00,-7.3989E-03,-4.2004E-03
+3.3020000E+00,-7.4994E-03,-7.1149E-03
+3.3025000E+00,-7.4994E-03,-9.4265E-03
+3.3030000E+00,-7.9014E-03,-12.2406E-03
+3.3035000E+00,-7.7004E-03,-14.4516E-03
+3.3040000E+00,-7.7004E-03,-16.8637E-03
+3.3045000E+00,-7.4994E-03,-19.2758E-03
+3.3050000E+00,-8.5044E-03,-21.9893E-03
+3.3055000E+00,-8.3034E-03,-24.2004E-03
+3.3060000E+00,-8.5044E-03,-26.5119E-03
+3.3065000E+00,-8.5044E-03,-29.5270E-03
+3.3070000E+00,-9.1074E-03,-31.4366E-03
+3.3075000E+00,-9.0069E-03,-34.3511E-03
+3.3080000E+00,-8.6049E-03,-36.6627E-03
+3.3085000E+00,-8.7054E-03,-39.1753E-03
+3.3090000E+00,-9.3084E-03,-42.0898E-03
+3.3095000E+00,-9.0069E-03,-43.9994E-03
+3.3100000E+00,-9.1074E-03,-47.0144E-03
+3.3105000E+00,-9.1074E-03,-49.2255E-03
+3.3110000E+00,-9.6099E-03,-51.6376E-03
+3.3115000E+00,-9.4089E-03,-53.8486E-03
+3.3120000E+00,-9.5094E-03,-52.0396E-03
+3.3125000E+00,-9.0069E-03,-49.3260E-03
+3.3130000E+00,-9.1074E-03,-46.8134E-03
+3.3135000E+00,-8.9064E-03,-44.3009E-03
+3.3140000E+00,-8.8059E-03,-42.0898E-03
+3.3145000E+00,-8.3034E-03,-39.5773E-03
+3.3150000E+00,-8.4039E-03,-37.2657E-03
+3.3155000E+00,-8.5044E-03,-34.9541E-03
+3.3160000E+00,-8.1024E-03,-31.6376E-03
+3.3165000E+00,-7.8009E-03,-29.4265E-03
+3.3170000E+00,-7.9014E-03,-27.2155E-03
+3.3175000E+00,-7.8009E-03,-24.6024E-03
+3.3180000E+00,-8.2029E-03,-21.6878E-03
+3.3185000E+00,-7.4994E-03,-19.5773E-03
+3.3190000E+00,-7.4994E-03,-17.3662E-03
+3.3195000E+00,-7.7004E-03,-15.5572E-03
+3.3200000E+00,-7.5999E-03,-12.4416E-03
+3.3205000E+00,-7.1979E-03,-9.8285E-03
+3.3210000E+00,-7.1979E-03,-7.2155E-03
+3.3215000E+00,-7.2984E-03,-5.2054E-03
+3.3220000E+00,-7.4994E-03,-2.3913E-03
+3.3225000E+00,-7.0974E-03,+322.2E-06
+3.3230000E+00,-7.2984E-03,+2.2318E-03
+3.3235000E+00,-7.2984E-03,+4.8448E-03
+3.3240000E+00,-7.1979E-03,+7.5584E-03
+3.3245000E+00,-7.4994E-03,+10.0710E-03
+3.3250000E+00,-6.8964E-03,+12.4830E-03
+3.3255000E+00,-7.0974E-03,+14.6941E-03
+3.3260000E+00,-7.2984E-03,+17.2067E-03
+3.3265000E+00,-6.7959E-03,+20.1212E-03
+3.3270000E+00,-6.7959E-03,+22.8348E-03
+3.3275000E+00,-6.8964E-03,+25.3474E-03
+3.3280000E+00,-6.7959E-03,+28.0609E-03
+3.3285000E+00,-6.7959E-03,+30.8750E-03
+3.3290000E+00,-6.4943E-03,+33.1866E-03
+3.3295000E+00,-6.3938E-03,+35.3976E-03
+3.3300000E+00,-6.1928E-03,+37.9102E-03
+3.3305000E+00,-6.4943E-03,+40.5232E-03
+3.3310000E+00,-6.1928E-03,+43.1363E-03
+3.3315000E+00,-5.9918E-03,+45.1464E-03
+3.3320000E+00,-6.3938E-03,+43.1363E-03
+3.3325000E+00,-6.0923E-03,+40.7242E-03
+3.3330000E+00,-6.0923E-03,+37.7092E-03
+3.3335000E+00,-5.7908E-03,+35.5986E-03
+3.3340000E+00,-6.0923E-03,+33.3876E-03
+3.3345000E+00,-5.9918E-03,+30.4730E-03
+3.3350000E+00,-6.1928E-03,+28.2619E-03
+3.3355000E+00,-6.0923E-03,+25.6489E-03
+3.3360000E+00,-6.2933E-03,+23.5383E-03
+3.3365000E+00,-6.5948E-03,+20.6237E-03
+3.3370000E+00,-6.3938E-03,+18.0107E-03
+3.3375000E+00,-6.2933E-03,+15.5986E-03
+3.3380000E+00,-6.3938E-03,+13.1866E-03
+3.3385000E+00,-6.7959E-03,+10.7745E-03
+3.3390000E+00,-6.7959E-03,+8.1614E-03
+3.3395000E+00,-6.9969E-03,+5.7494E-03
+3.3400000E+00,-6.9969E-03,+3.3373E-03
+3.3405000E+00,-7.2984E-03,+523.2E-06
+3.3410000E+00,-7.3989E-03,-2.1903E-03
+3.3415000E+00,-7.1979E-03,-4.2004E-03
+3.3420000E+00,-7.3989E-03,-6.6124E-03
+3.3425000E+00,-7.4994E-03,-9.4265E-03
+3.3430000E+00,-7.9014E-03,-11.9391E-03
+3.3435000E+00,-8.0019E-03,-14.5521E-03
+3.3440000E+00,-8.0019E-03,-16.7632E-03
+3.3445000E+00,-8.4039E-03,-19.6778E-03
+3.3450000E+00,-8.4039E-03,-21.7883E-03
+3.3455000E+00,-8.4039E-03,-24.6024E-03
+3.3460000E+00,-8.3034E-03,-26.7129E-03
+3.3465000E+00,-9.0069E-03,-29.4265E-03
+3.3470000E+00,-9.1074E-03,-31.6376E-03
+3.3475000E+00,-8.6049E-03,-34.2506E-03
+3.3480000E+00,-9.1074E-03,-36.9642E-03
+3.3485000E+00,-9.2079E-03,-39.3763E-03
+3.3490000E+00,-9.4089E-03,-41.5873E-03
+3.3495000E+00,-9.4089E-03,-44.2004E-03
+3.3500000E+00,-9.2079E-03,-46.7129E-03
+3.3505000E+00,-9.5094E-03,-49.2255E-03
+3.3510000E+00,-9.9114E-03,-51.8386E-03
+3.3515000E+00,-9.4089E-03,-53.7481E-03
+3.3520000E+00,-9.4089E-03,-52.1401E-03
+3.3525000E+00,-9.0069E-03,-49.5270E-03
+3.3530000E+00,-9.2079E-03,-46.9139E-03
+3.3535000E+00,-8.5044E-03,-44.5019E-03
+3.3540000E+00,-8.4039E-03,-41.9893E-03
+3.3545000E+00,-8.6049E-03,-39.3763E-03
+3.3550000E+00,-8.9064E-03,-36.9642E-03
+3.3555000E+00,-8.5044E-03,-34.3511E-03
+3.3560000E+00,-8.4039E-03,-32.1401E-03
+3.3565000E+00,-8.0019E-03,-29.6275E-03
+3.3570000E+00,-8.0019E-03,-26.9139E-03
+3.3575000E+00,-7.9014E-03,-24.6024E-03
+3.3580000E+00,-8.0019E-03,-22.1903E-03
+3.3585000E+00,-8.0019E-03,-19.4768E-03
+3.3590000E+00,-7.8009E-03,-17.1652E-03
+3.3595000E+00,-8.0019E-03,-14.5521E-03
+3.3600000E+00,-7.5999E-03,-11.9391E-03
+3.3605000E+00,-7.4994E-03,-9.5270E-03
+3.3610000E+00,-7.3989E-03,-7.2155E-03
+3.3615000E+00,-7.8009E-03,-4.6024E-03
+3.3620000E+00,-7.3989E-03,-1.9893E-03
+3.3625000E+00,-7.2984E-03,+824.7E-06
+3.3630000E+00,-7.1979E-03,+2.8348E-03
+3.3635000E+00,-7.4994E-03,+5.4479E-03
+3.3640000E+00,-7.4994E-03,+7.9604E-03
+3.3645000E+00,-7.3989E-03,+10.0710E-03
+3.3650000E+00,-6.8964E-03,+12.7845E-03
+3.3655000E+00,-7.1979E-03,+15.3976E-03
+3.3660000E+00,-7.0974E-03,+18.0107E-03
+3.3665000E+00,-7.3989E-03,+20.2217E-03
+3.3670000E+00,-6.7959E-03,+22.8348E-03
+3.3675000E+00,-6.5948E-03,+25.3474E-03
+3.3680000E+00,-6.8964E-03,+27.8599E-03
+3.3685000E+00,-6.9969E-03,+30.4730E-03
+3.3690000E+00,-6.7959E-03,+32.3825E-03
+3.3695000E+00,-6.3938E-03,+35.0961E-03
+3.3700000E+00,-6.7959E-03,+37.6087E-03
+3.3705000E+00,-6.8964E-03,+39.8197E-03
+3.3710000E+00,-6.3938E-03,+42.8348E-03
+3.3715000E+00,-6.1928E-03,+44.7443E-03
+3.3720000E+00,-6.7959E-03,+42.8348E-03
+3.3725000E+00,-6.3938E-03,+40.7242E-03
+3.3730000E+00,-6.0923E-03,+38.0107E-03
+3.3735000E+00,-6.2933E-03,+35.2971E-03
+3.3740000E+00,-6.4943E-03,+32.7845E-03
+3.3745000E+00,-6.7959E-03,+30.3725E-03
+3.3750000E+00,-6.4943E-03,+28.1614E-03
+3.3755000E+00,-6.3938E-03,+25.9504E-03
+3.3760000E+00,-6.3938E-03,+23.0358E-03
+3.3765000E+00,-6.7959E-03,+20.2217E-03
+3.3770000E+00,-6.9969E-03,+18.0107E-03
+3.3775000E+00,-6.8964E-03,+15.2971E-03
+3.3780000E+00,-6.9969E-03,+13.0861E-03
+3.3785000E+00,-7.0974E-03,+10.1715E-03
+3.3790000E+00,-7.3989E-03,+7.7594E-03
+3.3795000E+00,-7.3989E-03,+5.7494E-03
+3.3800000E+00,-7.9014E-03,+3.0358E-03
+3.3805000E+00,-7.8009E-03,+322.2E-06
+3.3810000E+00,-8.0019E-03,-1.9893E-03
+3.3815000E+00,-7.8009E-03,-4.5019E-03
+3.3820000E+00,-7.8009E-03,-6.6124E-03
+3.3825000E+00,-8.1024E-03,-9.5270E-03
+3.3830000E+00,-8.3034E-03,-12.4416E-03
+3.3835000E+00,-8.2029E-03,-14.5521E-03
+3.3840000E+00,-8.2029E-03,-17.1652E-03
+3.3845000E+00,-8.8059E-03,-19.3763E-03
+3.3850000E+00,-9.1074E-03,-22.0898E-03
+3.3855000E+00,-8.8059E-03,-24.3009E-03
+3.3860000E+00,-8.5044E-03,-27.0144E-03
+3.3865000E+00,-8.9064E-03,-29.6275E-03
+3.3870000E+00,-9.3084E-03,-31.7381E-03
+3.3875000E+00,-8.8059E-03,-33.9491E-03
+3.3880000E+00,-9.4089E-03,-36.6627E-03
+3.3885000E+00,-9.3084E-03,-39.5773E-03
+3.3890000E+00,-9.5094E-03,-41.8888E-03
+3.3895000E+00,-9.3084E-03,-43.7984E-03
+3.3900000E+00,-9.5094E-03,-46.7129E-03
+3.3905000E+00,-9.7104E-03,-48.9240E-03
+3.3910000E+00,-10.0119E-03,-52.1401E-03
+3.3915000E+00,-10.0119E-03,-54.0496E-03
+3.3920000E+00,-9.5094E-03,-52.5421E-03
+3.3925000E+00,-9.4089E-03,-49.6275E-03
+3.3930000E+00,-9.0069E-03,-46.9139E-03
+3.3935000E+00,-9.1074E-03,-44.7029E-03
+3.3940000E+00,-8.7054E-03,-42.1903E-03
+3.3945000E+00,-8.8059E-03,-39.5773E-03
+3.3950000E+00,-9.1074E-03,-37.0647E-03
+3.3955000E+00,-8.6049E-03,-34.7531E-03
+3.3960000E+00,-8.4039E-03,-32.2406E-03
+3.3965000E+00,-7.7004E-03,-29.6275E-03
+3.3970000E+00,-8.3034E-03,-27.2155E-03
+3.3975000E+00,-8.2029E-03,-24.6024E-03
+3.3980000E+00,-7.9014E-03,-22.3913E-03
+3.3985000E+00,-7.7004E-03,-19.6778E-03
+3.3990000E+00,-8.0019E-03,-17.4667E-03
+3.3995000E+00,-7.9014E-03,-14.6526E-03
+3.4000000E+00,-8.0019E-03,-12.2406E-03
+3.4005000E+00,-7.5999E-03,-9.7280E-03
+3.4010000E+00,-7.9014E-03,-7.4165E-03
+3.4015000E+00,-7.9014E-03,-4.7029E-03
+3.4020000E+00,-7.5999E-03,-2.1903E-03
+3.4025000E+00,-7.4994E-03,+121.2E-06
+3.4030000E+00,-7.3989E-03,+2.7343E-03
+3.4035000E+00,-8.0019E-03,+5.3474E-03
+3.4040000E+00,-7.8009E-03,+7.5584E-03
+3.4045000E+00,-7.8009E-03,+9.6690E-03
+3.4050000E+00,-7.4994E-03,+12.7845E-03
+3.4055000E+00,-7.3989E-03,+15.4981E-03
+3.4060000E+00,-7.2984E-03,+17.9102E-03
+3.4065000E+00,-7.1979E-03,+19.8197E-03
+3.4070000E+00,-6.8964E-03,+22.9353E-03
+3.4075000E+00,-7.0974E-03,+25.0459E-03
+3.4080000E+00,-6.9969E-03,+27.6589E-03
+3.4085000E+00,-7.0974E-03,+30.0710E-03
+3.4090000E+00,-6.6954E-03,+32.7845E-03
+3.4095000E+00,-6.4943E-03,+35.4981E-03
+3.4100000E+00,-6.5948E-03,+38.0107E-03
+3.4105000E+00,-6.9969E-03,+40.1212E-03
+3.4110000E+00,-6.4943E-03,+42.7343E-03
+3.4115000E+00,-6.7959E-03,+45.1464E-03
+3.4120000E+00,-6.6954E-03,+42.8348E-03
+3.4125000E+00,-6.2933E-03,+40.5232E-03
+3.4130000E+00,-6.2933E-03,+38.4127E-03
+3.4135000E+00,-6.4943E-03,+35.6991E-03
+3.4140000E+00,-6.5948E-03,+33.2871E-03
+3.4145000E+00,-6.7959E-03,+30.7745E-03
+3.4150000E+00,-6.5948E-03,+28.1614E-03
+3.4155000E+00,-6.5948E-03,+26.0509E-03
+3.4160000E+00,-6.7959E-03,+22.5333E-03
+3.4165000E+00,-6.8964E-03,+20.6237E-03
+3.4170000E+00,-6.3938E-03,+17.8097E-03
+3.4175000E+00,-7.3989E-03,+15.4981E-03
+3.4180000E+00,-6.9969E-03,+12.7845E-03
+3.4185000E+00,-7.1979E-03,+10.1715E-03
+3.4190000E+00,-6.9969E-03,+7.7594E-03
+3.4195000E+00,-7.2984E-03,+5.2469E-03
+3.4200000E+00,-7.3989E-03,+3.2368E-03
+3.4205000E+00,-7.7004E-03,+623.7E-06
+3.4210000E+00,-7.4994E-03,-1.8888E-03
+3.4215000E+00,-7.8009E-03,-4.4014E-03
+3.4220000E+00,-7.5999E-03,-6.9139E-03
+3.4225000E+00,-7.8009E-03,-9.3260E-03
+3.4230000E+00,-8.0019E-03,-11.6376E-03
+3.4235000E+00,-8.5044E-03,-14.2506E-03
+3.4240000E+00,-8.0019E-03,-16.4617E-03
+3.4245000E+00,-8.7054E-03,-19.4768E-03
+3.4250000E+00,-8.4039E-03,-21.8888E-03
+3.4255000E+00,-8.6049E-03,-24.5019E-03
+3.4260000E+00,-8.4039E-03,-26.5119E-03
+3.4265000E+00,-8.7054E-03,-29.1250E-03
+3.4270000E+00,-9.0069E-03,-31.9391E-03
+3.4275000E+00,-8.7054E-03,-34.2506E-03
+3.4280000E+00,-8.9064E-03,-36.9642E-03
+3.4285000E+00,-8.9064E-03,-39.3763E-03
+3.4290000E+00,-9.2079E-03,-41.8888E-03
+3.4295000E+00,-9.5094E-03,-43.7984E-03
+3.4300000E+00,-9.0069E-03,-46.2104E-03
+3.4305000E+00,-9.6099E-03,-49.4265E-03
+3.4310000E+00,-9.8109E-03,-52.0396E-03
+3.4315000E+00,-9.9114E-03,-54.0496E-03
+3.4320000E+00,-9.4089E-03,-52.2406E-03
+3.4325000E+00,-9.3084E-03,-49.4265E-03
+3.4330000E+00,-9.3084E-03,-47.0144E-03
+3.4335000E+00,-9.2079E-03,-44.5019E-03
+3.4340000E+00,-8.6049E-03,-42.0898E-03
+3.4345000E+00,-8.5044E-03,-39.3763E-03
+3.4350000E+00,-8.5044E-03,-36.5622E-03
+3.4355000E+00,-8.5044E-03,-34.6526E-03
+3.4360000E+00,-8.3034E-03,-32.4416E-03
+3.4365000E+00,-7.7004E-03,-29.2255E-03
+3.4370000E+00,-8.1024E-03,-27.1149E-03
+3.4375000E+00,-8.2029E-03,-24.8034E-03
+3.4380000E+00,-7.5999E-03,-21.8888E-03
+3.4385000E+00,-7.8009E-03,-19.2758E-03
+3.4390000E+00,-8.1024E-03,-17.1652E-03
+3.4395000E+00,-7.9014E-03,-14.6526E-03
+3.4400000E+00,-7.9014E-03,-12.3411E-03
+3.4405000E+00,-7.4994E-03,-10.0295E-03
+3.4410000E+00,-7.7004E-03,-7.5170E-03
+3.4415000E+00,-7.5999E-03,-4.6024E-03
+3.4420000E+00,-7.5999E-03,-2.2908E-03
+3.4425000E+00,-7.4994E-03,+121.2E-06
+3.4430000E+00,-7.5999E-03,+3.2368E-03
+3.4435000E+00,-7.4994E-03,+5.0459E-03
+3.4440000E+00,-7.3989E-03,+8.0609E-03
+3.4445000E+00,-7.2984E-03,+10.3725E-03
+3.4450000E+00,-7.3989E-03,+12.8850E-03
+3.4455000E+00,-7.3989E-03,+15.3976E-03
+3.4460000E+00,-7.0974E-03,+18.1112E-03
+3.4465000E+00,-6.8964E-03,+20.2217E-03
+3.4470000E+00,-6.5948E-03,+22.7343E-03
+3.4475000E+00,-6.9969E-03,+25.3474E-03
+3.4480000E+00,-6.7959E-03,+27.7594E-03
+3.4485000E+00,-7.0974E-03,+30.3725E-03
+3.4490000E+00,-6.3938E-03,+32.5835E-03
+3.4495000E+00,-6.5948E-03,+35.3976E-03
+3.4500000E+00,-6.5948E-03,+38.2117E-03
+3.4505000E+00,-6.1928E-03,+40.1212E-03
+3.4510000E+00,-5.7908E-03,+43.0358E-03
+3.4515000E+00,-6.2933E-03,+44.3423E-03
+3.4520000E+00,-6.1928E-03,+43.3373E-03
+3.4525000E+00,-5.9918E-03,+40.8247E-03
+3.4530000E+00,-5.8913E-03,+38.5132E-03
+3.4535000E+00,-5.8913E-03,+35.0961E-03
+3.4540000E+00,-5.9918E-03,+32.9856E-03
+3.4545000E+00,-6.1928E-03,+30.7745E-03
+3.4550000E+00,-6.0923E-03,+27.8599E-03
+3.4555000E+00,-6.1928E-03,+25.8499E-03
+3.4560000E+00,-6.0923E-03,+23.1363E-03
+3.4565000E+00,-6.4943E-03,+20.8247E-03
+3.4570000E+00,-6.6954E-03,+17.9102E-03
+3.4575000E+00,-6.3938E-03,+14.9956E-03
+3.4580000E+00,-6.6954E-03,+13.2871E-03
+3.4585000E+00,-6.7959E-03,+10.7745E-03
+3.4590000E+00,-7.0974E-03,+7.7594E-03
+3.4595000E+00,-6.6954E-03,+5.2469E-03
+3.4600000E+00,-6.9969E-03,+2.9353E-03
+3.4605000E+00,-7.2984E-03,+824.7E-06
+3.4610000E+00,-7.1979E-03,-2.0898E-03
+3.4615000E+00,-7.0974E-03,-4.5019E-03
+3.4620000E+00,-7.8009E-03,-6.9139E-03
+3.4625000E+00,-7.7004E-03,-9.2255E-03
+3.4630000E+00,-7.7004E-03,-12.0396E-03
+3.4635000E+00,-7.7004E-03,-14.9541E-03
+3.4640000E+00,-8.3034E-03,-16.8637E-03
+3.4645000E+00,-8.1024E-03,-19.8788E-03
+3.4650000E+00,-8.4039E-03,-22.0898E-03
+3.4655000E+00,-8.0019E-03,-24.6024E-03
+3.4660000E+00,-8.4039E-03,-26.9139E-03
+3.4665000E+00,-8.5044E-03,-29.1250E-03
+3.4670000E+00,-8.9064E-03,-31.3361E-03
+3.4675000E+00,-8.4039E-03,-34.2506E-03
+3.4680000E+00,-8.8059E-03,-36.9642E-03
+3.4685000E+00,-8.9064E-03,-39.3763E-03
+3.4690000E+00,-9.0069E-03,-41.7883E-03
+3.4695000E+00,-9.5094E-03,-44.4014E-03
+3.4700000E+00,-9.1074E-03,-46.5119E-03
+3.4705000E+00,-9.7104E-03,-49.2255E-03
+3.4710000E+00,-9.4089E-03,-51.8386E-03
+3.4715000E+00,-9.6099E-03,-53.9491E-03
+3.4720000E+00,-9.5094E-03,-51.8386E-03
+3.4725000E+00,-9.1074E-03,-49.4265E-03
+3.4730000E+00,-9.2079E-03,-46.7129E-03
+3.4735000E+00,-8.7054E-03,-44.8034E-03
+3.4740000E+00,-8.4039E-03,-41.9893E-03
+3.4745000E+00,-8.6049E-03,-39.3763E-03
+3.4750000E+00,-8.7054E-03,-37.2657E-03
+3.4755000E+00,-8.2029E-03,-34.7531E-03
+3.4760000E+00,-8.0019E-03,-32.1401E-03
+3.4765000E+00,-8.2029E-03,-29.6275E-03
+3.4770000E+00,-8.2029E-03,-27.3160E-03
+3.4775000E+00,-8.2029E-03,-24.5019E-03
+3.4780000E+00,-7.9014E-03,-21.9893E-03
+3.4785000E+00,-7.4994E-03,-19.5773E-03
+3.4790000E+00,-7.9014E-03,-17.4667E-03
+3.4795000E+00,-7.5999E-03,-14.2506E-03
+3.4800000E+00,-7.5999E-03,-12.1401E-03
+3.4805000E+00,-7.5999E-03,-9.6275E-03
+3.4810000E+00,-7.5999E-03,-7.3160E-03
+3.4815000E+00,-7.5999E-03,-4.7029E-03
+3.4820000E+00,-7.2984E-03,-2.3913E-03
+3.4825000E+00,-7.2984E-03,+322.2E-06
+3.4830000E+00,-7.8009E-03,+2.5333E-03
+3.4835000E+00,-7.7004E-03,+5.6489E-03
+3.4840000E+00,-7.2984E-03,+7.7594E-03
+3.4845000E+00,-7.1979E-03,+9.9705E-03
+3.4850000E+00,-7.5999E-03,+12.5835E-03
+3.4855000E+00,-7.0974E-03,+15.1966E-03
+3.4860000E+00,-7.2984E-03,+17.7092E-03
+3.4865000E+00,-6.7959E-03,+20.2217E-03
+3.4870000E+00,-7.1979E-03,+23.2368E-03
+3.4875000E+00,-7.2984E-03,+25.6489E-03
+3.4880000E+00,-6.8964E-03,+27.9604E-03
+3.4885000E+00,-6.7959E-03,+30.3725E-03
+3.4890000E+00,-6.3938E-03,+33.1866E-03
+3.4895000E+00,-6.7959E-03,+35.4981E-03
+3.4900000E+00,-6.4943E-03,+38.0107E-03
+3.4905000E+00,-6.0923E-03,+40.3222E-03
+3.4910000E+00,-6.0923E-03,+43.2368E-03
+3.4915000E+00,-6.0923E-03,+45.2469E-03
+3.4920000E+00,-6.4943E-03,+43.3373E-03
+3.4925000E+00,-5.8913E-03,+41.0258E-03
+3.4930000E+00,-6.1928E-03,+38.3122E-03
+3.4935000E+00,-6.3938E-03,+35.9001E-03
+3.4940000E+00,-6.3938E-03,+33.1866E-03
+3.4945000E+00,-6.3938E-03,+31.1765E-03
+3.4950000E+00,-6.2933E-03,+28.0609E-03
+3.4955000E+00,-6.5948E-03,+25.8499E-03
+3.4960000E+00,-6.5948E-03,+23.4378E-03
+3.4965000E+00,-6.3938E-03,+20.9253E-03
+3.4970000E+00,-6.8964E-03,+17.9102E-03
+3.4975000E+00,-6.7959E-03,+15.3976E-03
+3.4980000E+00,-7.1979E-03,+13.1866E-03
+3.4985000E+00,-6.8964E-03,+10.9755E-03
+3.4990000E+00,-6.6954E-03,+8.4629E-03
+3.4995000E+00,-6.5948E-03,+5.6489E-03
+3.5000000E+00,-7.3989E-03,+3.1363E-03
+3.5005000E+00,-7.2984E-03,+322.2E-06
+3.5010000E+00,-7.3989E-03,-1.6878E-03
+3.5015000E+00,-7.3989E-03,-3.9994E-03
+3.5020000E+00,-7.7004E-03,-6.7129E-03
+3.5025000E+00,-7.9014E-03,-9.3260E-03
+3.5030000E+00,-7.9014E-03,-11.5371E-03
+3.5035000E+00,-7.8009E-03,-14.2506E-03
+3.5040000E+00,-8.0019E-03,-16.5622E-03
+3.5045000E+00,-8.0019E-03,-19.3763E-03
+3.5050000E+00,-8.4039E-03,-21.5873E-03
+3.5055000E+00,-8.2029E-03,-24.5019E-03
+3.5060000E+00,-8.6049E-03,-26.2104E-03
+3.5065000E+00,-8.9064E-03,-29.0245E-03
+3.5070000E+00,-8.7054E-03,-31.6376E-03
+3.5075000E+00,-8.9064E-03,-34.3511E-03
+3.5080000E+00,-9.0069E-03,-36.4617E-03
+3.5085000E+00,-9.1074E-03,-39.0747E-03
+3.5090000E+00,-9.5094E-03,-41.6878E-03
+3.5095000E+00,-9.2079E-03,-43.8989E-03
+3.5100000E+00,-9.2079E-03,-46.3109E-03
+3.5105000E+00,-9.5094E-03,-49.1250E-03
+3.5110000E+00,-10.0119E-03,-51.3361E-03
+3.5115000E+00,-9.2079E-03,-53.5471E-03
+3.5120000E+00,-9.2079E-03,-51.6376E-03
+3.5125000E+00,-9.8109E-03,-49.5270E-03
+3.5130000E+00,-9.1074E-03,-46.8134E-03
+3.5135000E+00,-8.9064E-03,-44.0999E-03
+3.5140000E+00,-8.4039E-03,-42.1903E-03
+3.5145000E+00,-8.8059E-03,-39.5773E-03
+3.5150000E+00,-8.5044E-03,-37.0647E-03
+3.5155000E+00,-8.3034E-03,-34.7531E-03
+3.5160000E+00,-7.9014E-03,-32.3411E-03
+3.5165000E+00,-8.4039E-03,-29.5270E-03
+3.5170000E+00,-8.5044E-03,-26.8134E-03
+3.5175000E+00,-7.8009E-03,-24.4014E-03
+3.5180000E+00,-7.8009E-03,-21.8888E-03
+3.5185000E+00,-7.7004E-03,-19.1753E-03
+3.5190000E+00,-8.1024E-03,-16.9642E-03
+3.5195000E+00,-7.9014E-03,-14.5521E-03
+3.5200000E+00,-7.2984E-03,-12.4416E-03
+3.5205000E+00,-7.3989E-03,-9.2255E-03
+3.5210000E+00,-7.5999E-03,-7.1149E-03
+3.5215000E+00,-7.3989E-03,-4.4014E-03
+3.5220000E+00,-7.3989E-03,-2.2908E-03
+3.5225000E+00,-7.4994E-03,+824.7E-06
+3.5230000E+00,-7.5999E-03,+2.6338E-03
+3.5235000E+00,-7.4994E-03,+5.5484E-03
+3.5240000E+00,-7.2984E-03,+7.8599E-03
+3.5245000E+00,-6.7959E-03,+10.2720E-03
+3.5250000E+00,-7.4994E-03,+12.5835E-03
+3.5255000E+00,-7.0974E-03,+15.4981E-03
+3.5260000E+00,-6.8964E-03,+17.8097E-03
+3.5265000E+00,-7.1979E-03,+20.6237E-03
+3.5270000E+00,-7.0974E-03,+22.8348E-03
+3.5275000E+00,-7.1979E-03,+25.4479E-03
+3.5280000E+00,-6.6954E-03,+27.9604E-03
+3.5285000E+00,-6.2933E-03,+30.2720E-03
+3.5290000E+00,-6.6954E-03,+32.7845E-03
+3.5295000E+00,-6.5948E-03,+35.0961E-03
+3.5300000E+00,-6.6954E-03,+37.7092E-03
+3.5305000E+00,-6.3938E-03,+40.2217E-03
+3.5310000E+00,-6.4943E-03,+42.4328E-03
+3.5315000E+00,-6.5948E-03,+44.8448E-03
+3.5320000E+00,-6.3938E-03,+43.2368E-03
+3.5325000E+00,-6.3938E-03,+40.8247E-03
+3.5330000E+00,-6.3938E-03,+38.1112E-03
+3.5335000E+00,-6.1928E-03,+36.0006E-03
+3.5340000E+00,-6.3938E-03,+33.5886E-03
+3.5345000E+00,-6.3938E-03,+30.7745E-03
+3.5350000E+00,-6.1928E-03,+28.1614E-03
+3.5355000E+00,-6.2933E-03,+25.5484E-03
+3.5360000E+00,-6.6954E-03,+23.4378E-03
+3.5365000E+00,-6.6954E-03,+20.6237E-03
+3.5370000E+00,-6.3938E-03,+17.9102E-03
+3.5375000E+00,-6.9969E-03,+15.7996E-03
+3.5380000E+00,-6.9969E-03,+13.0861E-03
+3.5385000E+00,-6.8964E-03,+10.8750E-03
+3.5390000E+00,-6.8964E-03,+8.3624E-03
+3.5395000E+00,-6.5948E-03,+5.2469E-03
+3.5400000E+00,-7.2984E-03,+2.9353E-03
+3.5405000E+00,-7.5999E-03,+824.7E-06
+3.5410000E+00,-7.3989E-03,-1.8888E-03
+3.5415000E+00,-7.4994E-03,-4.3009E-03
+3.5420000E+00,-8.0019E-03,-6.8134E-03
+3.5425000E+00,-7.5999E-03,-9.2255E-03
+3.5430000E+00,-7.8009E-03,-11.5371E-03
+3.5435000E+00,-7.9014E-03,-14.0496E-03
+3.5440000E+00,-8.0019E-03,-16.8637E-03
+3.5445000E+00,-8.0019E-03,-19.5773E-03
+3.5450000E+00,-8.2029E-03,-21.7883E-03
+3.5455000E+00,-8.4039E-03,-24.2004E-03
+3.5460000E+00,-8.4039E-03,-26.8134E-03
+3.5465000E+00,-8.6049E-03,-29.2255E-03
+3.5470000E+00,-8.9064E-03,-31.9391E-03
+3.5475000E+00,-9.2079E-03,-34.1501E-03
+3.5480000E+00,-9.3084E-03,-36.5622E-03
+3.5485000E+00,-9.3084E-03,-39.1753E-03
+3.5490000E+00,-9.0069E-03,-41.4868E-03
+3.5495000E+00,-9.1074E-03,-44.2004E-03
+3.5500000E+00,-9.2079E-03,-46.8134E-03
+3.5505000E+00,-9.5094E-03,-49.1250E-03
+3.5510000E+00,-9.4089E-03,-51.7381E-03
+3.5515000E+00,-9.8109E-03,-53.6476E-03
+3.5520000E+00,-9.9114E-03,-51.8386E-03
+3.5525000E+00,-9.6099E-03,-49.6275E-03
+3.5530000E+00,-8.9064E-03,-47.0144E-03
+3.5535000E+00,-8.7054E-03,-44.6024E-03
+3.5540000E+00,-8.6049E-03,-41.5873E-03
+3.5545000E+00,-8.9064E-03,-39.3763E-03
+3.5550000E+00,-8.6049E-03,-37.1652E-03
+3.5555000E+00,-8.3034E-03,-34.2506E-03
+3.5560000E+00,-8.3034E-03,-32.5421E-03
+3.5565000E+00,-8.3034E-03,-29.3260E-03
+3.5570000E+00,-8.3034E-03,-26.5119E-03
+3.5575000E+00,-7.9014E-03,-24.5019E-03
+3.5580000E+00,-8.1024E-03,-21.6878E-03
+3.5585000E+00,-7.9014E-03,-19.1753E-03
+3.5590000E+00,-7.9014E-03,-17.2657E-03
+3.5595000E+00,-7.8009E-03,-14.6526E-03
+3.5600000E+00,-7.3989E-03,-12.0396E-03
+3.5605000E+00,-7.4994E-03,-9.9290E-03
+3.5610000E+00,-7.4994E-03,-7.0144E-03
+3.5615000E+00,-7.5999E-03,-4.4014E-03
+3.5620000E+00,-7.3989E-03,-2.4918E-03
+3.5625000E+00,-7.4994E-03,+322.2E-06
+3.5630000E+00,-7.4994E-03,+2.3323E-03
+3.5635000E+00,-7.7004E-03,+5.2469E-03
+3.5640000E+00,-7.3989E-03,+7.5584E-03
+3.5645000E+00,-7.0974E-03,+9.8700E-03
+3.5650000E+00,-7.1979E-03,+12.8850E-03
+3.5655000E+00,-7.1979E-03,+14.9956E-03
+3.5660000E+00,-7.2984E-03,+18.0107E-03
+3.5665000E+00,-6.8964E-03,+20.4227E-03
+3.5670000E+00,-6.9969E-03,+22.8348E-03
+3.5675000E+00,-6.7959E-03,+25.5484E-03
+3.5680000E+00,-6.8964E-03,+27.8599E-03
+3.5685000E+00,-6.4943E-03,+30.3725E-03
+3.5690000E+00,-6.7959E-03,+32.9856E-03
+3.5695000E+00,-6.4943E-03,+35.1966E-03
+3.5700000E+00,-6.4943E-03,+38.1112E-03
+3.5705000E+00,-6.1928E-03,+40.4227E-03
+3.5710000E+00,-6.4943E-03,+42.9353E-03
+3.5715000E+00,-6.6954E-03,+44.9454E-03
+3.5720000E+00,-6.0923E-03,+43.5383E-03
+3.5725000E+00,-6.3938E-03,+40.6237E-03
+3.5730000E+00,-5.9918E-03,+38.2117E-03
+3.5735000E+00,-6.3938E-03,+35.3976E-03
+3.5740000E+00,-6.3938E-03,+33.1866E-03
+3.5745000E+00,-6.1928E-03,+30.6740E-03
+3.5750000E+00,-6.1928E-03,+28.2619E-03
+3.5755000E+00,-6.5948E-03,+25.2469E-03
+3.5760000E+00,-6.6954E-03,+23.3373E-03
+3.5765000E+00,-6.5948E-03,+20.4227E-03
+3.5770000E+00,-6.5948E-03,+17.6087E-03
+3.5775000E+00,-6.8964E-03,+15.3976E-03
+3.5780000E+00,-7.0974E-03,+12.9856E-03
+3.5785000E+00,-6.8964E-03,+10.5735E-03
+3.5790000E+00,-6.8964E-03,+8.2619E-03
+3.5795000E+00,-7.2984E-03,+5.2469E-03
+3.5800000E+00,-7.2984E-03,+2.9353E-03
+3.5805000E+00,-7.5999E-03,+422.7E-06
+3.5810000E+00,-7.5999E-03,-2.0898E-03
+3.5815000E+00,-7.8009E-03,-4.2004E-03
+3.5820000E+00,-7.5999E-03,-6.9139E-03
+3.5825000E+00,-8.0019E-03,-9.2255E-03
+3.5830000E+00,-8.0019E-03,-11.9391E-03
+3.5835000E+00,-8.0019E-03,-14.0496E-03
+3.5840000E+00,-8.6049E-03,-16.4617E-03
+3.5845000E+00,-8.4039E-03,-19.2758E-03
+3.5850000E+00,-8.5044E-03,-21.7883E-03
+3.5855000E+00,-8.5044E-03,-24.3009E-03
+3.5860000E+00,-8.7054E-03,-26.6124E-03
+3.5865000E+00,-8.7054E-03,-28.9240E-03
+3.5870000E+00,-9.1074E-03,-31.7381E-03
+3.5875000E+00,-8.8059E-03,-33.8486E-03
+3.5880000E+00,-9.1074E-03,-37.2657E-03
+3.5885000E+00,-9.2079E-03,-38.9742E-03
+3.5890000E+00,-9.2079E-03,-41.6878E-03
+3.5895000E+00,-9.2079E-03,-44.3009E-03
+3.5900000E+00,-9.3084E-03,-46.9139E-03
+3.5905000E+00,-10.2129E-03,-49.3260E-03
+3.5910000E+00,-9.7104E-03,-51.4366E-03
+3.5915000E+00,-9.6099E-03,-53.7481E-03
+3.5920000E+00,-10.1124E-03,-51.5371E-03
+3.5925000E+00,-9.5094E-03,-49.4265E-03
+3.5930000E+00,-9.2079E-03,-47.2155E-03
+3.5935000E+00,-8.9064E-03,-44.6024E-03
+3.5940000E+00,-8.9064E-03,-41.5873E-03
+3.5945000E+00,-8.9064E-03,-39.3763E-03
+3.5950000E+00,-8.3034E-03,-36.5622E-03
+3.5955000E+00,-8.4039E-03,-33.9491E-03
+3.5960000E+00,-8.1024E-03,-31.8386E-03
+3.5965000E+00,-8.3034E-03,-29.2255E-03
+3.5970000E+00,-8.4039E-03,-26.3109E-03
+3.5975000E+00,-7.8009E-03,-24.5019E-03
+3.5980000E+00,-7.5999E-03,-21.8888E-03
+3.5985000E+00,-7.9014E-03,-19.3763E-03
+3.5990000E+00,-7.9014E-03,-16.6627E-03
+3.5995000E+00,-7.5999E-03,-14.2506E-03
+3.6000000E+00,-8.0019E-03,-11.5371E-03
+3.6005000E+00,-7.7004E-03,-9.3260E-03
+3.6010000E+00,-7.2984E-03,-6.5119E-03
+3.6015000E+00,-7.7004E-03,-4.3009E-03
+3.6020000E+00,-7.3989E-03,-1.3863E-03
+3.6025000E+00,-7.5999E-03,+623.7E-06
+3.6030000E+00,-7.5999E-03,+3.1363E-03
+3.6035000E+00,-7.2984E-03,+5.5484E-03
+3.6040000E+00,-7.1979E-03,+8.0609E-03
+3.6045000E+00,-7.4994E-03,+10.4730E-03
+3.6050000E+00,-6.8964E-03,+12.7845E-03
+3.6055000E+00,-7.1979E-03,+15.4981E-03
+3.6060000E+00,-6.8964E-03,+18.1112E-03
+3.6065000E+00,-6.8964E-03,+20.7242E-03
+3.6070000E+00,-6.5948E-03,+22.9353E-03
+3.6075000E+00,-7.1979E-03,+25.4479E-03
+3.6080000E+00,-6.8964E-03,+27.8599E-03
+3.6085000E+00,-6.3938E-03,+30.1715E-03
+3.6090000E+00,-6.8964E-03,+32.8850E-03
+3.6095000E+00,-6.4943E-03,+35.7996E-03
+3.6100000E+00,-6.2933E-03,+38.1112E-03
+3.6105000E+00,-6.1928E-03,+40.4227E-03
+3.6110000E+00,-6.4943E-03,+43.1363E-03
+3.6115000E+00,-6.5948E-03,+45.4479E-03
+3.6120000E+00,-6.1928E-03,+43.3373E-03
+3.6125000E+00,-6.0923E-03,+40.6237E-03
+3.6130000E+00,-6.2933E-03,+38.3122E-03
+3.6135000E+00,-6.4943E-03,+35.4981E-03
+3.6140000E+00,-6.1928E-03,+32.9856E-03
+3.6145000E+00,-6.4943E-03,+30.3725E-03
+3.6150000E+00,-5.9918E-03,+28.1614E-03
+3.6155000E+00,-6.7959E-03,+25.6489E-03
+3.6160000E+00,-6.1928E-03,+23.0358E-03
+3.6165000E+00,-6.2933E-03,+20.9253E-03
+3.6170000E+00,-6.4943E-03,+18.6137E-03
+3.6175000E+00,-7.0974E-03,+15.5986E-03
+3.6180000E+00,-6.7959E-03,+13.1866E-03
+3.6185000E+00,-6.6954E-03,+10.4730E-03
+3.6190000E+00,-6.8964E-03,+8.1614E-03
+3.6195000E+00,-7.3989E-03,+5.2469E-03
+3.6200000E+00,-7.4994E-03,+3.6388E-03
+3.6205000E+00,-7.1979E-03,+322.2E-06
+3.6210000E+00,-7.0974E-03,-1.5873E-03
+3.6215000E+00,-7.7004E-03,-4.4014E-03
+3.6220000E+00,-8.0019E-03,-6.7129E-03
+3.6225000E+00,-7.8009E-03,-9.2255E-03
+3.6230000E+00,-7.7004E-03,-11.5371E-03
+3.6235000E+00,-8.2029E-03,-14.2506E-03
+3.6240000E+00,-8.3034E-03,-17.0647E-03
+3.6245000E+00,-8.0019E-03,-18.9742E-03
+3.6250000E+00,-8.3034E-03,-21.5873E-03
+3.6255000E+00,-8.6049E-03,-24.2004E-03
+3.6260000E+00,-8.6049E-03,-26.7129E-03
+3.6265000E+00,-8.6049E-03,-29.0245E-03
+3.6270000E+00,-8.8059E-03,-31.8386E-03
+3.6275000E+00,-8.7054E-03,-33.9491E-03
+3.6280000E+00,-9.2079E-03,-37.0647E-03
+3.6285000E+00,-9.1074E-03,-39.1753E-03
+3.6290000E+00,-9.1074E-03,-42.0898E-03
+3.6295000E+00,-9.2079E-03,-44.5019E-03
+3.6300000E+00,-9.5094E-03,-46.9139E-03
+3.6305000E+00,-9.9114E-03,-49.3260E-03
+3.6310000E+00,-9.7104E-03,-52.5421E-03
+3.6315000E+00,-9.6099E-03,-53.9491E-03
+3.6320000E+00,-9.7104E-03,-52.1401E-03
+3.6325000E+00,-9.3084E-03,-49.5270E-03
+3.6330000E+00,-8.8059E-03,-47.3160E-03
+3.6335000E+00,-8.7054E-03,-44.7029E-03
+3.6340000E+00,-8.8059E-03,-41.5873E-03
+3.6345000E+00,-8.7054E-03,-39.6778E-03
+3.6350000E+00,-8.9064E-03,-37.2657E-03
+3.6355000E+00,-8.6049E-03,-34.6526E-03
+3.6360000E+00,-8.4039E-03,-32.1401E-03
+3.6365000E+00,-8.5044E-03,-29.8285E-03
+3.6370000E+00,-8.2029E-03,-27.3160E-03
+3.6375000E+00,-7.8009E-03,-24.9039E-03
+3.6380000E+00,-7.9014E-03,-22.0898E-03
+3.6385000E+00,-8.4039E-03,-19.5773E-03
+3.6390000E+00,-7.8009E-03,-16.9642E-03
+3.6395000E+00,-7.0974E-03,-15.0546E-03
+3.6400000E+00,-8.0019E-03,-11.7381E-03
+3.6405000E+00,-8.1024E-03,-9.8285E-03
+3.6410000E+00,-7.7004E-03,-7.6175E-03
+3.6415000E+00,-7.0974E-03,-4.6024E-03
+3.6420000E+00,-7.1979E-03,-2.1903E-03
+3.6425000E+00,-7.5999E-03,+523.2E-06
+3.6430000E+00,-7.2984E-03,+3.0358E-03
+3.6435000E+00,-7.7004E-03,+5.4479E-03
+3.6440000E+00,-7.3989E-03,+7.4579E-03
+3.6445000E+00,-7.5999E-03,+10.1715E-03
+3.6450000E+00,-7.5999E-03,+12.5835E-03
+3.6455000E+00,-7.1979E-03,+15.3976E-03
+3.6460000E+00,-7.0974E-03,+17.7092E-03
+3.6465000E+00,-7.3989E-03,+20.1212E-03
+3.6470000E+00,-7.1979E-03,+23.0358E-03
+3.6475000E+00,-6.7959E-03,+25.3474E-03
+3.6480000E+00,-6.6954E-03,+28.1614E-03
+3.6485000E+00,-6.5948E-03,+30.2720E-03
+3.6490000E+00,-6.8964E-03,+32.6840E-03
+3.6495000E+00,-6.6954E-03,+35.4981E-03
+3.6500000E+00,-6.3938E-03,+37.8097E-03
+3.6505000E+00,-5.8913E-03,+40.5232E-03
+3.6510000E+00,-6.1928E-03,+42.9353E-03
+3.6515000E+00,-6.0923E-03,+44.9454E-03
+3.6520000E+00,-6.4943E-03,+43.0358E-03
+3.6525000E+00,-6.0923E-03,+40.7242E-03
+3.6530000E+00,-6.4943E-03,+38.1112E-03
+3.6535000E+00,-6.5948E-03,+35.7996E-03
+3.6540000E+00,-6.1928E-03,+33.0861E-03
+3.6545000E+00,-6.0923E-03,+30.5735E-03
+3.6550000E+00,-6.6954E-03,+27.9604E-03
+3.6555000E+00,-6.6954E-03,+25.8499E-03
+3.6560000E+00,-6.6954E-03,+23.1363E-03
+3.6565000E+00,-6.9969E-03,+20.5232E-03
+3.6570000E+00,-6.7959E-03,+18.1112E-03
+3.6575000E+00,-6.6954E-03,+15.6991E-03
+3.6580000E+00,-6.9969E-03,+13.0861E-03
+3.6585000E+00,-6.4943E-03,+10.4730E-03
+3.6590000E+00,-6.8964E-03,+8.3624E-03
+3.6595000E+00,-7.1979E-03,+5.8499E-03
+3.6600000E+00,-6.9969E-03,+2.9353E-03
+3.6605000E+00,-6.9969E-03,+422.7E-06
+3.6610000E+00,-7.0974E-03,-1.8888E-03
+3.6615000E+00,-7.9014E-03,-4.3009E-03
+3.6620000E+00,-7.5999E-03,-6.7129E-03
+3.6625000E+00,-7.8009E-03,-9.5270E-03
+3.6630000E+00,-7.7004E-03,-11.8386E-03
+3.6635000E+00,-8.4039E-03,-14.2506E-03
+3.6640000E+00,-8.1024E-03,-17.0647E-03
+3.6645000E+00,-8.1024E-03,-19.3763E-03
+3.6650000E+00,-8.4039E-03,-22.0898E-03
+3.6655000E+00,-8.8059E-03,-24.3009E-03
+3.6660000E+00,-8.5044E-03,-26.4114E-03
+3.6665000E+00,-8.5044E-03,-29.1250E-03
+3.6670000E+00,-8.5044E-03,-31.7381E-03
+3.6675000E+00,-8.8059E-03,-34.2506E-03
+3.6680000E+00,-8.9064E-03,-37.2657E-03
+3.6685000E+00,-9.0069E-03,-39.4768E-03
+3.6690000E+00,-9.0069E-03,-41.6878E-03
+3.6695000E+00,-9.2079E-03,-44.4014E-03
+3.6700000E+00,-9.6099E-03,-46.7129E-03
+3.6705000E+00,-9.9114E-03,-49.3260E-03
+3.6710000E+00,-9.7104E-03,-51.8386E-03
+3.6715000E+00,-9.8109E-03,-53.6476E-03
+3.6720000E+00,-9.5094E-03,-51.9391E-03
+3.6725000E+00,-9.1074E-03,-49.3260E-03
+3.6730000E+00,-9.1074E-03,-47.1149E-03
+3.6735000E+00,-8.6049E-03,-44.6024E-03
+3.6740000E+00,-9.0069E-03,-41.9893E-03
+3.6745000E+00,-9.0069E-03,-39.4768E-03
+3.6750000E+00,-8.5044E-03,-37.1652E-03
+3.6755000E+00,-8.2029E-03,-34.1501E-03
+3.6760000E+00,-8.6049E-03,-32.1401E-03
+3.6765000E+00,-8.1024E-03,-29.6275E-03
+3.6770000E+00,-8.0019E-03,-26.6124E-03
+3.6775000E+00,-7.5999E-03,-24.4014E-03
+3.6780000E+00,-7.7004E-03,-21.6878E-03
+3.6785000E+00,-8.1024E-03,-19.2758E-03
+3.6790000E+00,-7.7004E-03,-16.8637E-03
+3.6795000E+00,-7.5999E-03,-14.7531E-03
+3.6800000E+00,-7.8009E-03,-11.9391E-03
+3.6805000E+00,-7.9014E-03,-9.9290E-03
+3.6810000E+00,-7.7004E-03,-6.4114E-03
+3.6815000E+00,-7.1979E-03,-4.8034E-03
+3.6820000E+00,-7.7004E-03,-2.0898E-03
+3.6825000E+00,-7.7004E-03,+322.2E-06
+3.6830000E+00,-7.5999E-03,+2.7343E-03
+3.6835000E+00,-7.2984E-03,+5.2469E-03
+3.6840000E+00,-7.2984E-03,+8.0609E-03
+3.6845000E+00,-7.5999E-03,+10.4730E-03
+3.6850000E+00,-7.0974E-03,+13.0861E-03
+3.6855000E+00,-7.1979E-03,+15.4981E-03
+3.6860000E+00,-6.7959E-03,+18.0107E-03
+3.6865000E+00,-6.9969E-03,+20.4227E-03
+3.6870000E+00,-6.9969E-03,+23.0358E-03
+3.6875000E+00,-6.8964E-03,+25.0459E-03
+3.6880000E+00,-6.5948E-03,+27.9604E-03
+3.6885000E+00,-6.6954E-03,+30.6740E-03
+3.6890000E+00,-6.7959E-03,+32.8850E-03
+3.6895000E+00,-6.4943E-03,+35.5986E-03
+3.6900000E+00,-6.2933E-03,+38.1112E-03
+3.6905000E+00,-6.1928E-03,+40.3222E-03
+3.6910000E+00,-6.4943E-03,+42.6338E-03
+3.6915000E+00,-6.3938E-03,+44.8448E-03
+3.6920000E+00,-6.0923E-03,+43.3373E-03
+3.6925000E+00,-6.0923E-03,+40.8247E-03
+3.6930000E+00,-6.2933E-03,+38.2117E-03
+3.6935000E+00,-6.4943E-03,+36.2016E-03
+3.6940000E+00,-5.8913E-03,+33.3876E-03
+3.6945000E+00,-6.2933E-03,+30.8750E-03
+3.6950000E+00,-6.5948E-03,+28.4629E-03
+3.6955000E+00,-6.3938E-03,+26.0509E-03
+3.6960000E+00,-6.3938E-03,+22.8348E-03
+3.6965000E+00,-6.7959E-03,+21.0258E-03
+3.6970000E+00,-6.8964E-03,+18.3122E-03
+3.6975000E+00,-7.0974E-03,+15.4981E-03
+3.6980000E+00,-7.0974E-03,+13.4881E-03
+3.6985000E+00,-6.7959E-03,+10.6740E-03
+3.6990000E+00,-7.2984E-03,+7.9604E-03
+3.6995000E+00,-7.0974E-03,+5.8499E-03
+3.7000000E+00,-7.2984E-03,+3.2368E-03
+3.7005000E+00,-7.0974E-03,+1.2268E-03
+3.7010000E+00,-7.4994E-03,-1.7883E-03
+3.7015000E+00,-7.5999E-03,-4.0999E-03
+3.7020000E+00,-7.0974E-03,-6.5119E-03
+3.7025000E+00,-8.4039E-03,-9.4265E-03
+3.7030000E+00,-7.8009E-03,-11.4366E-03
+3.7035000E+00,-8.5044E-03,-14.4516E-03
+3.7040000E+00,-8.4039E-03,-16.6627E-03
+3.7045000E+00,-8.1024E-03,-18.9742E-03
+3.7050000E+00,-8.4039E-03,-21.4868E-03
+3.7055000E+00,-8.9064E-03,-24.0999E-03
+3.7060000E+00,-8.8059E-03,-26.2104E-03
+3.7065000E+00,-8.7054E-03,-29.0245E-03
+3.7070000E+00,-9.0069E-03,-31.9391E-03
+3.7075000E+00,-8.9064E-03,-34.1501E-03
+3.7080000E+00,-9.2079E-03,-36.7632E-03
+3.7085000E+00,-9.5094E-03,-38.8737E-03
+3.7090000E+00,-8.9064E-03,-41.6878E-03
+3.7095000E+00,-9.7104E-03,-43.7984E-03
+3.7100000E+00,-9.5094E-03,-46.7129E-03
+3.7105000E+00,-9.7104E-03,-48.9240E-03
+3.7110000E+00,-9.7104E-03,-51.6376E-03
+3.7115000E+00,-10.0119E-03,-53.3461E-03
+3.7120000E+00,-9.8109E-03,-51.9391E-03
+3.7125000E+00,-9.3084E-03,-49.1250E-03
+3.7130000E+00,-9.4089E-03,-46.8134E-03
+3.7135000E+00,-9.1074E-03,-44.5019E-03
+3.7140000E+00,-9.3084E-03,-41.4868E-03
+3.7145000E+00,-8.8059E-03,-39.1753E-03
+3.7150000E+00,-8.7054E-03,-36.9642E-03
+3.7155000E+00,-8.8059E-03,-34.2506E-03
+3.7160000E+00,-8.6049E-03,-31.7381E-03
+3.7165000E+00,-8.3034E-03,-29.2255E-03
+3.7170000E+00,-8.2029E-03,-26.4114E-03
+3.7175000E+00,-7.7004E-03,-24.0999E-03
+3.7180000E+00,-8.3034E-03,-22.4918E-03
+3.7185000E+00,-8.1024E-03,-19.4768E-03
+3.7190000E+00,-8.1024E-03,-16.9642E-03
+3.7195000E+00,-7.9014E-03,-14.4516E-03
+3.7200000E+00,-8.2029E-03,-12.0396E-03
+3.7205000E+00,-8.2029E-03,-9.7280E-03
+3.7210000E+00,-7.7004E-03,-6.8134E-03
+3.7215000E+00,-7.3989E-03,-4.8034E-03
+3.7220000E+00,-7.2984E-03,-1.7883E-03
+3.7225000E+00,-7.4994E-03,+322.2E-06
+3.7230000E+00,-7.3989E-03,+2.9353E-03
+3.7235000E+00,-7.7004E-03,+5.2469E-03
+3.7240000E+00,-7.7004E-03,+8.2619E-03
+3.7245000E+00,-7.7004E-03,+10.7745E-03
+3.7250000E+00,-7.5999E-03,+12.9856E-03
+3.7255000E+00,-7.3989E-03,+15.5986E-03
+3.7260000E+00,-6.8964E-03,+18.1112E-03
+3.7265000E+00,-7.1979E-03,+20.3222E-03
+3.7270000E+00,-7.0974E-03,+23.2368E-03
+3.7275000E+00,-6.7959E-03,+25.5484E-03
+3.7280000E+00,-6.6954E-03,+28.1614E-03
+3.7285000E+00,-7.1979E-03,+30.2720E-03
+3.7290000E+00,-6.7959E-03,+33.0861E-03
+3.7295000E+00,-6.5948E-03,+35.3976E-03
+3.7300000E+00,-6.3938E-03,+38.0107E-03
+3.7305000E+00,-6.7959E-03,+40.5232E-03
+3.7310000E+00,-6.5948E-03,+43.1363E-03
+3.7315000E+00,-6.2933E-03,+45.3474E-03
+3.7320000E+00,-6.1928E-03,+43.3373E-03
+3.7325000E+00,-6.8964E-03,+40.7242E-03
+3.7330000E+00,-6.5948E-03,+38.3122E-03
+3.7335000E+00,-6.3938E-03,+36.1011E-03
+3.7340000E+00,-6.1928E-03,+33.1866E-03
+3.7345000E+00,-6.2933E-03,+31.1765E-03
+3.7350000E+00,-6.4943E-03,+28.3624E-03
+3.7355000E+00,-6.3938E-03,+25.5484E-03
+3.7360000E+00,-6.4943E-03,+23.3373E-03
+3.7365000E+00,-6.9969E-03,+20.4227E-03
+3.7370000E+00,-7.0974E-03,+18.2117E-03
+3.7375000E+00,-6.6954E-03,+15.7996E-03
+3.7380000E+00,-7.1979E-03,+12.7845E-03
+3.7385000E+00,-7.3989E-03,+10.6740E-03
+3.7390000E+00,-7.0974E-03,+7.8599E-03
+3.7395000E+00,-7.1979E-03,+5.6489E-03
+3.7400000E+00,-7.7004E-03,+3.4378E-03
+3.7405000E+00,-7.4994E-03,+724.2E-06
+3.7410000E+00,-7.8009E-03,-1.8888E-03
+3.7415000E+00,-7.7004E-03,-3.9994E-03
+3.7420000E+00,-7.8009E-03,-6.7129E-03
+3.7425000E+00,-7.9014E-03,-8.8235E-03
+3.7430000E+00,-8.3034E-03,-11.7381E-03
+3.7435000E+00,-8.4039E-03,-13.9491E-03
+3.7440000E+00,-8.4039E-03,-16.6627E-03
+3.7445000E+00,-8.6049E-03,-19.3763E-03
+3.7450000E+00,-8.9064E-03,-21.8888E-03
+3.7455000E+00,-8.6049E-03,-24.4014E-03
+3.7460000E+00,-8.7054E-03,-26.5119E-03
+3.7465000E+00,-8.7054E-03,-29.2255E-03
+3.7470000E+00,-9.3084E-03,-31.3361E-03
+3.7475000E+00,-9.2079E-03,-34.3511E-03
+3.7480000E+00,-9.2079E-03,-36.6627E-03
+3.7485000E+00,-8.9064E-03,-38.8737E-03
+3.7490000E+00,-9.4089E-03,-41.7883E-03
+3.7495000E+00,-9.4089E-03,-44.0999E-03
+3.7500000E+00,-9.7104E-03,-46.4114E-03
+3.7505000E+00,-9.5094E-03,-49.1250E-03
+3.7510000E+00,-9.7104E-03,-51.7381E-03
+3.7515000E+00,-10.0119E-03,-53.8486E-03
+3.7520000E+00,-9.9114E-03,-51.9391E-03
+3.7525000E+00,-9.5094E-03,-49.3260E-03
+3.7530000E+00,-9.1074E-03,-46.4114E-03
+3.7535000E+00,-9.3084E-03,-44.0999E-03
+3.7540000E+00,-9.0069E-03,-41.6878E-03
+3.7545000E+00,-8.9064E-03,-39.4768E-03
+3.7550000E+00,-8.6049E-03,-36.8637E-03
+3.7555000E+00,-8.6049E-03,-34.2506E-03
+3.7560000E+00,-8.7054E-03,-32.0396E-03
+3.7565000E+00,-8.1024E-03,-29.5270E-03
+3.7570000E+00,-8.2029E-03,-27.2155E-03
+3.7575000E+00,-7.9014E-03,-24.2004E-03
+3.7580000E+00,-8.4039E-03,-22.1903E-03
+3.7585000E+00,-8.1024E-03,-19.1753E-03
+3.7590000E+00,-7.9014E-03,-17.0647E-03
+3.7595000E+00,-7.8009E-03,-14.4516E-03
+3.7600000E+00,-7.9014E-03,-11.9391E-03
+3.7605000E+00,-7.8009E-03,-9.5270E-03
+3.7610000E+00,-7.5999E-03,-6.9139E-03
+3.7615000E+00,-7.7004E-03,-4.7029E-03
+3.7620000E+00,-7.5999E-03,-2.1903E-03
+3.7625000E+00,-7.2984E-03,+623.7E-06
+3.7630000E+00,-7.4994E-03,+2.9353E-03
+3.7635000E+00,-7.3989E-03,+5.2469E-03
+3.7640000E+00,-7.4994E-03,+7.6589E-03
+3.7645000E+00,-7.3989E-03,+10.1715E-03
+3.7650000E+00,-7.1979E-03,+12.7845E-03
+3.7655000E+00,-7.0974E-03,+15.3976E-03
+3.7660000E+00,-7.2984E-03,+18.3122E-03
+3.7665000E+00,-7.1979E-03,+20.5232E-03
+3.7670000E+00,-6.8964E-03,+22.9353E-03
+3.7675000E+00,-6.6954E-03,+25.5484E-03
+3.7680000E+00,-6.7959E-03,+28.0609E-03
+3.7685000E+00,-6.8964E-03,+30.7745E-03
+3.7690000E+00,-6.9969E-03,+33.1866E-03
+3.7695000E+00,-6.2933E-03,+35.7996E-03
+3.7700000E+00,-6.3938E-03,+38.3122E-03
+3.7705000E+00,-5.9918E-03,+40.9253E-03
+3.7710000E+00,-6.2933E-03,+43.1363E-03
+3.7715000E+00,-6.2933E-03,+44.9454E-03
+3.7720000E+00,-5.7908E-03,+43.5383E-03
+3.7725000E+00,-6.3938E-03,+41.1263E-03
+3.7730000E+00,-6.3938E-03,+38.4127E-03
+3.7735000E+00,-6.4943E-03,+35.6991E-03
+3.7740000E+00,-6.2933E-03,+33.0861E-03
+3.7745000E+00,-6.1928E-03,+30.5735E-03
+3.7750000E+00,-6.2933E-03,+28.6639E-03
+3.7755000E+00,-6.2933E-03,+26.0509E-03
+3.7760000E+00,-6.5948E-03,+23.0358E-03
+3.7765000E+00,-6.6954E-03,+20.9253E-03
+3.7770000E+00,-6.2933E-03,+18.2117E-03
+3.7775000E+00,-6.6954E-03,+15.7996E-03
+3.7780000E+00,-6.4943E-03,+13.5886E-03
+3.7785000E+00,-6.9969E-03,+10.6740E-03
+3.7790000E+00,-6.7959E-03,+7.9604E-03
+3.7795000E+00,-7.0974E-03,+5.9504E-03
+3.7800000E+00,-7.0974E-03,+2.8348E-03
+3.7805000E+00,-7.0974E-03,+322.2E-06
+3.7810000E+00,-7.2984E-03,-2.1903E-03
+3.7815000E+00,-7.3989E-03,-3.8989E-03
+3.7820000E+00,-7.5999E-03,-6.5119E-03
+3.7825000E+00,-7.5999E-03,-8.9240E-03
+3.7830000E+00,-8.0019E-03,-11.8386E-03
+3.7835000E+00,-8.1024E-03,-14.5521E-03
+3.7840000E+00,-8.2029E-03,-16.5622E-03
+3.7845000E+00,-8.4039E-03,-19.3763E-03
+3.7850000E+00,-8.3034E-03,-21.6878E-03
+3.7855000E+00,-8.6049E-03,-24.6024E-03
+3.7860000E+00,-8.2029E-03,-26.5119E-03
+3.7865000E+00,-8.7054E-03,-29.1250E-03
+3.7870000E+00,-8.7054E-03,-32.1401E-03
+3.7875000E+00,-9.1074E-03,-34.1501E-03
+3.7880000E+00,-9.0069E-03,-36.6627E-03
+3.7885000E+00,-9.0069E-03,-38.8737E-03
+3.7890000E+00,-8.9064E-03,-41.7883E-03
+3.7895000E+00,-9.8109E-03,-44.2004E-03
+3.7900000E+00,-9.5094E-03,-46.9139E-03
+3.7905000E+00,-9.0069E-03,-48.8235E-03
+3.7910000E+00,-9.6099E-03,-51.5371E-03
+3.7915000E+00,-9.8109E-03,-53.8486E-03
+3.7920000E+00,-9.9114E-03,-51.9391E-03
+3.7925000E+00,-9.1074E-03,-49.2255E-03
+3.7930000E+00,-9.1074E-03,-46.5119E-03
+3.7935000E+00,-8.8059E-03,-44.7029E-03
+3.7940000E+00,-8.8059E-03,-41.6878E-03
+3.7945000E+00,-8.4039E-03,-39.5773E-03
+3.7950000E+00,-8.2029E-03,-37.0647E-03
+3.7955000E+00,-8.5044E-03,-34.5521E-03
+3.7960000E+00,-8.2029E-03,-32.0396E-03
+3.7965000E+00,-8.1024E-03,-29.3260E-03
+3.7970000E+00,-8.1024E-03,-27.1149E-03
+3.7975000E+00,-7.9014E-03,-24.7029E-03
+3.7980000E+00,-8.0019E-03,-21.7883E-03
+3.7985000E+00,-7.5999E-03,-19.3763E-03
+3.7990000E+00,-7.5999E-03,-16.9642E-03
+3.7995000E+00,-7.3989E-03,-14.7531E-03
+3.8000000E+00,-7.7004E-03,-12.3411E-03
+3.8005000E+00,-7.4994E-03,-9.7280E-03
+3.8010000E+00,-7.4994E-03,-7.3160E-03
+3.8015000E+00,-7.1979E-03,-4.7029E-03
+3.8020000E+00,-7.3989E-03,-2.3913E-03
+3.8025000E+00,-7.5999E-03,+422.7E-06
+3.8030000E+00,-7.2984E-03,+2.1313E-03
+3.8035000E+00,-7.1979E-03,+4.8448E-03
+3.8040000E+00,-6.9969E-03,+7.0559E-03
+3.8045000E+00,-6.6954E-03,+10.0710E-03
+3.8050000E+00,-6.7959E-03,+12.8850E-03
+3.8055000E+00,-6.5948E-03,+15.0961E-03
+3.8060000E+00,-7.2984E-03,+17.8097E-03
+3.8065000E+00,-7.0974E-03,+20.1212E-03
+3.8070000E+00,-6.8964E-03,+22.8348E-03
+3.8075000E+00,-6.6954E-03,+25.1464E-03
+3.8080000E+00,-6.6954E-03,+27.7594E-03
+3.8085000E+00,-6.9969E-03,+30.1715E-03
+3.8090000E+00,-6.4943E-03,+32.7845E-03
+3.8095000E+00,-6.0923E-03,+35.3976E-03
+3.8100000E+00,-6.2933E-03,+38.2117E-03
+3.8105000E+00,-6.3938E-03,+40.3222E-03
+3.8110000E+00,-6.0923E-03,+42.7343E-03
+3.8115000E+00,-5.9918E-03,+44.9454E-03
+3.8120000E+00,-5.9918E-03,+43.1363E-03
+3.8125000E+00,-6.0923E-03,+40.6237E-03
+3.8130000E+00,-5.9918E-03,+38.4127E-03
+3.8135000E+00,-5.7908E-03,+35.4981E-03
+3.8140000E+00,-6.1928E-03,+33.1866E-03
+3.8145000E+00,-6.1928E-03,+30.3725E-03
+3.8150000E+00,-6.0923E-03,+27.6589E-03
+3.8155000E+00,-6.2933E-03,+25.2469E-03
+3.8160000E+00,-6.2933E-03,+23.0358E-03
+3.8165000E+00,-6.5948E-03,+20.2217E-03
+3.8170000E+00,-6.7959E-03,+17.9102E-03
+3.8175000E+00,-6.5948E-03,+15.1966E-03
+3.8180000E+00,-6.7959E-03,+12.5835E-03
+3.8185000E+00,-6.6954E-03,+10.4730E-03
+3.8190000E+00,-6.9969E-03,+7.5584E-03
+3.8195000E+00,-7.0974E-03,+4.8448E-03
+3.8200000E+00,-6.5948E-03,+2.7343E-03
+3.8205000E+00,-7.1979E-03,+623.7E-06
+3.8210000E+00,-7.7004E-03,-2.4918E-03
+3.8215000E+00,-7.2984E-03,-5.0044E-03
+3.8220000E+00,-7.4994E-03,-7.2155E-03
+3.8225000E+00,-7.0974E-03,-9.5270E-03
+3.8230000E+00,-8.0019E-03,-11.9391E-03
+3.8235000E+00,-8.0019E-03,-14.6526E-03
+3.8240000E+00,-7.9014E-03,-17.0647E-03
+3.8245000E+00,-8.1024E-03,-19.4768E-03
+3.8250000E+00,-8.7054E-03,-22.1903E-03
+3.8255000E+00,-8.6049E-03,-23.8989E-03
+3.8260000E+00,-8.4039E-03,-27.0144E-03
+3.8265000E+00,-8.9064E-03,-29.1250E-03
+3.8270000E+00,-9.2079E-03,-31.8386E-03
+3.8275000E+00,-9.0069E-03,-34.5521E-03
+3.8280000E+00,-9.1074E-03,-36.9642E-03
+3.8285000E+00,-8.8059E-03,-39.6778E-03
+3.8290000E+00,-9.1074E-03,-42.1903E-03
+3.8295000E+00,-9.4089E-03,-44.8034E-03
+3.8300000E+00,-9.5094E-03,-46.7129E-03
+3.8305000E+00,-9.3084E-03,-49.7280E-03
+3.8310000E+00,-9.3084E-03,-52.0396E-03
+3.8315000E+00,-9.9114E-03,-53.7481E-03
+3.8320000E+00,-9.7104E-03,-52.3411E-03
+3.8325000E+00,-9.2079E-03,-49.9290E-03
+3.8330000E+00,-8.8059E-03,-47.2155E-03
+3.8335000E+00,-8.9064E-03,-44.3009E-03
+3.8340000E+00,-8.8059E-03,-42.0898E-03
+3.8345000E+00,-8.5044E-03,-39.3763E-03
+3.8350000E+00,-8.1024E-03,-36.9642E-03
+3.8355000E+00,-8.4039E-03,-34.6526E-03
+3.8360000E+00,-8.3034E-03,-32.4416E-03
+3.8365000E+00,-8.3034E-03,-29.4265E-03
+3.8370000E+00,-7.8009E-03,-26.8134E-03
+3.8375000E+00,-8.3034E-03,-24.4014E-03
+3.8380000E+00,-8.0019E-03,-21.7883E-03
+3.8385000E+00,-7.3989E-03,-19.2758E-03
+3.8390000E+00,-7.5999E-03,-16.8637E-03
+3.8395000E+00,-7.7004E-03,-14.7531E-03
+3.8400000E+00,-7.4994E-03,-11.9391E-03
+3.8405000E+00,-7.8009E-03,-9.6275E-03
+3.8410000E+00,-6.9969E-03,-7.3160E-03
+3.8415000E+00,-7.4994E-03,-4.3009E-03
+3.8420000E+00,-7.7004E-03,-2.1903E-03
+3.8425000E+00,-7.3989E-03,+221.7E-06
+3.8430000E+00,-7.0974E-03,+2.9353E-03
+3.8435000E+00,-7.2984E-03,+5.9504E-03
+3.8440000E+00,-7.5999E-03,+7.8599E-03
+3.8445000E+00,-7.3989E-03,+9.9705E-03
+3.8450000E+00,-6.9969E-03,+12.6840E-03
+3.8455000E+00,-6.9969E-03,+15.4981E-03
+3.8460000E+00,-6.8964E-03,+18.0107E-03
+3.8465000E+00,-7.1979E-03,+20.2217E-03
+3.8470000E+00,-7.0974E-03,+22.6338E-03
+3.8475000E+00,-6.4943E-03,+25.2469E-03
+3.8480000E+00,-6.7959E-03,+27.6589E-03
+3.8485000E+00,-6.7959E-03,+30.4730E-03
+3.8490000E+00,-6.2933E-03,+33.0861E-03
+3.8495000E+00,-6.1928E-03,+35.2971E-03
+3.8500000E+00,-6.3938E-03,+38.0107E-03
+3.8505000E+00,-6.1928E-03,+40.7242E-03
+3.8510000E+00,-6.1928E-03,+43.1363E-03
+3.8515000E+00,-5.9918E-03,+44.9454E-03
+3.8520000E+00,-5.8913E-03,+43.2368E-03
+3.8525000E+00,-6.0923E-03,+40.7242E-03
+3.8530000E+00,-5.9918E-03,+38.3122E-03
+3.8535000E+00,-5.6903E-03,+35.5986E-03
+3.8540000E+00,-5.8913E-03,+32.9856E-03
+3.8545000E+00,-6.4943E-03,+30.5735E-03
+3.8550000E+00,-6.2933E-03,+27.8599E-03
+3.8555000E+00,-6.2933E-03,+25.6489E-03
+3.8560000E+00,-6.1928E-03,+23.2368E-03
+3.8565000E+00,-6.5948E-03,+20.3222E-03
+3.8570000E+00,-6.4943E-03,+18.1112E-03
+3.8575000E+00,-6.1928E-03,+15.5986E-03
+3.8580000E+00,-6.3938E-03,+13.1866E-03
+3.8585000E+00,-6.8964E-03,+10.2720E-03
+3.8590000E+00,-6.7959E-03,+7.8599E-03
+3.8595000E+00,-6.5948E-03,+5.1464E-03
+3.8600000E+00,-7.1979E-03,+2.7343E-03
+3.8605000E+00,-7.1979E-03,+422.7E-06
+3.8610000E+00,-7.1979E-03,-1.9893E-03
+3.8615000E+00,-7.1979E-03,-4.0999E-03
+3.8620000E+00,-7.1979E-03,-6.7129E-03
+3.8625000E+00,-7.3989E-03,-9.5270E-03
+3.8630000E+00,-7.5999E-03,-12.1401E-03
+3.8635000E+00,-7.8009E-03,-14.1501E-03
+3.8640000E+00,-7.8009E-03,-16.8637E-03
+3.8645000E+00,-8.1024E-03,-19.1753E-03
+3.8650000E+00,-8.4039E-03,-21.6878E-03
+3.8655000E+00,-8.1024E-03,-24.0999E-03
+3.8660000E+00,-8.5044E-03,-26.8134E-03
+3.8665000E+00,-8.8059E-03,-29.3260E-03
+3.8670000E+00,-9.1074E-03,-31.6376E-03
+3.8675000E+00,-8.9064E-03,-33.9491E-03
+3.8680000E+00,-9.0069E-03,-36.9642E-03
+3.8685000E+00,-8.9064E-03,-38.7732E-03
+3.8690000E+00,-9.6099E-03,-41.7883E-03
+3.8695000E+00,-9.1074E-03,-44.3009E-03
+3.8700000E+00,-9.3084E-03,-46.6124E-03
+3.8705000E+00,-9.4089E-03,-49.4265E-03
+3.8710000E+00,-9.8109E-03,-51.8386E-03
+3.8715000E+00,-9.5094E-03,-53.5471E-03
+3.8720000E+00,-9.5094E-03,-52.2406E-03
+3.8725000E+00,-9.0069E-03,-49.2255E-03
+3.8730000E+00,-9.3084E-03,-47.3160E-03
+3.8735000E+00,-9.1074E-03,-44.6024E-03
+3.8740000E+00,-8.9064E-03,-42.0898E-03
+3.8745000E+00,-8.3034E-03,-39.6778E-03
+3.8750000E+00,-8.3034E-03,-36.8637E-03
+3.8755000E+00,-8.5044E-03,-34.5521E-03
+3.8760000E+00,-8.3034E-03,-31.8386E-03
+3.8765000E+00,-8.3034E-03,-29.6275E-03
+3.8770000E+00,-8.1024E-03,-26.4114E-03
+3.8775000E+00,-7.9014E-03,-24.7029E-03
+3.8780000E+00,-7.8009E-03,-21.9893E-03
+3.8785000E+00,-7.9014E-03,-19.6778E-03
+3.8790000E+00,-7.3989E-03,-17.0647E-03
+3.8795000E+00,-8.2029E-03,-14.4516E-03
+3.8800000E+00,-8.1024E-03,-12.1401E-03
+3.8805000E+00,-7.8009E-03,-9.5270E-03
+3.8810000E+00,-7.4994E-03,-7.0144E-03
+3.8815000E+00,-7.4994E-03,-5.1049E-03
+3.8820000E+00,-7.8009E-03,-2.1903E-03
+3.8825000E+00,-7.4994E-03,+322.2E-06
+3.8830000E+00,-7.2984E-03,+3.0358E-03
+3.8835000E+00,-7.5999E-03,+5.0459E-03
+3.8840000E+00,-7.2984E-03,+7.6589E-03
+3.8845000E+00,-7.1979E-03,+10.3725E-03
+3.8850000E+00,-7.1979E-03,+12.4830E-03
+3.8855000E+00,-7.0974E-03,+15.3976E-03
+3.8860000E+00,-7.4994E-03,+17.8097E-03
+3.8865000E+00,-7.0974E-03,+20.3222E-03
+3.8870000E+00,-7.0974E-03,+22.6338E-03
+3.8875000E+00,-6.9969E-03,+25.1464E-03
+3.8880000E+00,-6.9969E-03,+27.9604E-03
+3.8885000E+00,-6.7959E-03,+30.3725E-03
+3.8890000E+00,-6.1928E-03,+32.4830E-03
+3.8895000E+00,-6.2933E-03,+35.5986E-03
+3.8900000E+00,-6.4943E-03,+37.9102E-03
+3.8905000E+00,-6.3938E-03,+40.6237E-03
+3.8910000E+00,-6.4943E-03,+42.7343E-03
+3.8915000E+00,-6.2933E-03,+45.1464E-03
+3.8920000E+00,-6.1928E-03,+43.5383E-03
+3.8925000E+00,-6.1928E-03,+40.8247E-03
+3.8930000E+00,-5.8913E-03,+37.9102E-03
+3.8935000E+00,-6.2933E-03,+35.9001E-03
+3.8940000E+00,-6.3938E-03,+33.4881E-03
+3.8945000E+00,-6.4943E-03,+30.8750E-03
+3.8950000E+00,-6.1928E-03,+28.2619E-03
+3.8955000E+00,-6.1928E-03,+25.7494E-03
+3.8960000E+00,-6.3938E-03,+22.8348E-03
+3.8965000E+00,-7.1979E-03,+20.3222E-03
+3.8970000E+00,-6.5948E-03,+17.9102E-03
+3.8975000E+00,-6.2933E-03,+15.9001E-03
+3.8980000E+00,-6.7959E-03,+13.0861E-03
+3.8985000E+00,-7.0974E-03,+10.4730E-03
+3.8990000E+00,-7.3989E-03,+8.2619E-03
+3.8995000E+00,-7.1979E-03,+5.2469E-03
+3.9000000E+00,-7.0974E-03,+3.1363E-03
+3.9005000E+00,-7.3989E-03,+623.7E-06
+3.9010000E+00,-7.5999E-03,-1.6878E-03
+3.9015000E+00,-7.5999E-03,-4.5019E-03
+3.9020000E+00,-7.4994E-03,-6.8134E-03
+3.9025000E+00,-7.7004E-03,-9.0245E-03
+3.9030000E+00,-8.0019E-03,-12.0396E-03
+3.9035000E+00,-8.2029E-03,-14.2506E-03
+3.9040000E+00,-8.3034E-03,-16.7632E-03
+3.9045000E+00,-8.5044E-03,-19.3763E-03
+3.9050000E+00,-8.4039E-03,-21.4868E-03
+3.9055000E+00,-8.5044E-03,-24.2004E-03
+3.9060000E+00,-8.8059E-03,-26.5119E-03
+3.9065000E+00,-8.8059E-03,-29.0245E-03
+3.9070000E+00,-9.2079E-03,-31.7381E-03
+3.9075000E+00,-8.7054E-03,-34.4516E-03
+3.9080000E+00,-9.2079E-03,-36.3612E-03
+3.9085000E+00,-9.0069E-03,-39.3763E-03
+3.9090000E+00,-9.3084E-03,-41.2858E-03
+3.9095000E+00,-9.4089E-03,-43.8989E-03
+3.9100000E+00,-9.2079E-03,-46.4114E-03
+3.9105000E+00,-9.4089E-03,-49.2255E-03
+3.9110000E+00,-9.8109E-03,-51.8386E-03
+3.9115000E+00,-10.0119E-03,-53.5471E-03
+3.9120000E+00,-9.2079E-03,-51.9391E-03
+3.9125000E+00,-9.3084E-03,-49.5270E-03
+3.9130000E+00,-9.1074E-03,-47.1149E-03
+3.9135000E+00,-9.3084E-03,-44.4014E-03
+3.9140000E+00,-8.9064E-03,-41.6878E-03
+3.9145000E+00,-8.3034E-03,-39.2758E-03
+3.9150000E+00,-8.4039E-03,-36.9642E-03
+3.9155000E+00,-8.5044E-03,-34.3511E-03
+3.9160000E+00,-8.0019E-03,-31.9391E-03
+3.9165000E+00,-8.0019E-03,-29.6275E-03
+3.9170000E+00,-7.8009E-03,-26.7129E-03
+3.9175000E+00,-7.9014E-03,-24.4014E-03
+3.9180000E+00,-8.0019E-03,-21.6878E-03
+3.9185000E+00,-7.7004E-03,-19.6778E-03
+3.9190000E+00,-7.3989E-03,-17.2657E-03
+3.9195000E+00,-7.5999E-03,-14.7531E-03
+3.9200000E+00,-7.5999E-03,-12.1401E-03
+3.9205000E+00,-7.4994E-03,-9.5270E-03
+3.9210000E+00,-7.0974E-03,-6.8134E-03
+3.9215000E+00,-7.7004E-03,-4.9039E-03
+3.9220000E+00,-7.7004E-03,-2.2908E-03
+3.9225000E+00,-7.1979E-03,+422.7E-06
+3.9230000E+00,-6.9969E-03,+2.7343E-03
+3.9235000E+00,-7.2984E-03,+5.3474E-03
+3.9240000E+00,-7.3989E-03,+7.6589E-03
+3.9245000E+00,-6.8964E-03,+10.4730E-03
+3.9250000E+00,-6.8964E-03,+12.9856E-03
+3.9255000E+00,-6.9969E-03,+15.2971E-03
+3.9260000E+00,-7.1979E-03,+17.6087E-03
+3.9265000E+00,-6.5948E-03,+20.6237E-03
+3.9270000E+00,-6.3938E-03,+22.8348E-03
+3.9275000E+00,-6.2933E-03,+25.1464E-03
+3.9280000E+00,-6.8964E-03,+27.7594E-03
+3.9285000E+00,-6.6954E-03,+30.1715E-03
+3.9290000E+00,-6.5948E-03,+32.7845E-03
+3.9295000E+00,-6.1928E-03,+35.2971E-03
+3.9300000E+00,-6.1928E-03,+37.7092E-03
+3.9305000E+00,-6.3938E-03,+40.4227E-03
+3.9310000E+00,-6.0923E-03,+42.6338E-03
+3.9315000E+00,-5.6903E-03,+45.0459E-03
+3.9320000E+00,-5.6903E-03,+43.2368E-03
+3.9325000E+00,-5.8913E-03,+40.4227E-03
+3.9330000E+00,-5.6903E-03,+38.0107E-03
+3.9335000E+00,-5.6903E-03,+35.5986E-03
+3.9340000E+00,-6.4943E-03,+32.8850E-03
+3.9345000E+00,-6.2933E-03,+30.8750E-03
+3.9350000E+00,-6.1928E-03,+27.9604E-03
+3.9355000E+00,-5.7908E-03,+25.8499E-03
+3.9360000E+00,-6.2933E-03,+23.3373E-03
+3.9365000E+00,-6.5948E-03,+21.0258E-03
+3.9370000E+00,-6.4943E-03,+18.4127E-03
+3.9375000E+00,-6.2933E-03,+15.5986E-03
+3.9380000E+00,-6.4943E-03,+13.7896E-03
+3.9385000E+00,-7.1979E-03,+10.8750E-03
+3.9390000E+00,-6.7959E-03,+8.3624E-03
+3.9395000E+00,-7.0974E-03,+5.7494E-03
+3.9400000E+00,-7.1979E-03,+3.5383E-03
+3.9405000E+00,-7.0974E-03,+824.7E-06
+3.9410000E+00,-7.0974E-03,-1.8888E-03
+3.9415000E+00,-7.0974E-03,-4.0999E-03
+3.9420000E+00,-7.4994E-03,-6.5119E-03
+3.9425000E+00,-7.7004E-03,-8.8235E-03
+3.9430000E+00,-8.1024E-03,-11.3361E-03
+3.9435000E+00,-7.8009E-03,-14.0496E-03
+3.9440000E+00,-8.0019E-03,-16.3612E-03
+3.9445000E+00,-8.2029E-03,-18.9742E-03
+3.9450000E+00,-8.2029E-03,-21.4868E-03
+3.9455000E+00,-8.1024E-03,-24.2004E-03
+3.9460000E+00,-8.6049E-03,-26.4114E-03
+3.9465000E+00,-8.9064E-03,-29.3260E-03
+3.9470000E+00,-8.9064E-03,-31.5371E-03
+3.9475000E+00,-8.5044E-03,-33.7481E-03
+3.9480000E+00,-8.5044E-03,-36.6627E-03
+3.9485000E+00,-9.2079E-03,-38.9742E-03
+3.9490000E+00,-9.2079E-03,-41.6878E-03
+3.9495000E+00,-9.6099E-03,-44.0999E-03
+3.9500000E+00,-9.1074E-03,-46.8134E-03
+3.9505000E+00,-9.5094E-03,-48.3210E-03
+3.9510000E+00,-9.6099E-03,-51.6376E-03
+3.9515000E+00,-9.9114E-03,-53.2456E-03
+3.9520000E+00,-9.2079E-03,-51.9391E-03
+3.9525000E+00,-9.2079E-03,-49.6275E-03
+3.9530000E+00,-9.6099E-03,-46.9139E-03
+3.9535000E+00,-9.0069E-03,-43.8989E-03
+3.9540000E+00,-8.8059E-03,-41.7883E-03
+3.9545000E+00,-8.6049E-03,-39.0747E-03
+3.9550000E+00,-8.4039E-03,-36.7632E-03
+3.9555000E+00,-8.4039E-03,-33.9491E-03
+3.9560000E+00,-7.8009E-03,-31.3361E-03
+3.9565000E+00,-8.2029E-03,-29.5270E-03
+3.9570000E+00,-8.2029E-03,-26.9139E-03
+3.9575000E+00,-8.0019E-03,-24.4014E-03
+3.9580000E+00,-7.5999E-03,-21.7883E-03
+3.9585000E+00,-7.8009E-03,-19.1753E-03
+3.9590000E+00,-7.5999E-03,-16.6627E-03
+3.9595000E+00,-7.9014E-03,-14.3511E-03
+3.9600000E+00,-7.7004E-03,-11.7381E-03
+3.9605000E+00,-7.5999E-03,-9.6275E-03
+3.9610000E+00,-7.2984E-03,-6.8134E-03
+3.9615000E+00,-7.2984E-03,-4.4014E-03
+3.9620000E+00,-7.2984E-03,-1.9893E-03
+3.9625000E+00,-7.2984E-03,+422.7E-06
+3.9630000E+00,-7.5999E-03,+2.8348E-03
+3.9635000E+00,-7.0974E-03,+5.1464E-03
+3.9640000E+00,-7.0974E-03,+8.0609E-03
+3.9645000E+00,-6.8964E-03,+10.2720E-03
+3.9650000E+00,-7.2984E-03,+12.8850E-03
+3.9655000E+00,-7.0974E-03,+15.4981E-03
+3.9660000E+00,-7.0974E-03,+17.8097E-03
+3.9665000E+00,-6.7959E-03,+20.3222E-03
+3.9670000E+00,-6.5948E-03,+22.8348E-03
+3.9675000E+00,-6.8964E-03,+25.2469E-03
+3.9680000E+00,-6.7959E-03,+27.9604E-03
+3.9685000E+00,-6.5948E-03,+30.3725E-03
+3.9690000E+00,-6.2933E-03,+32.5835E-03
+3.9695000E+00,-6.1928E-03,+35.4981E-03
+3.9700000E+00,-6.0923E-03,+38.1112E-03
+3.9705000E+00,-6.2933E-03,+40.7242E-03
+3.9710000E+00,-6.3938E-03,+42.8348E-03
+3.9715000E+00,-6.3938E-03,+44.9454E-03
+3.9720000E+00,-5.8913E-03,+43.4378E-03
+3.9725000E+00,-5.8913E-03,+41.2268E-03
+3.9730000E+00,-5.9918E-03,+38.2117E-03
+3.9735000E+00,-6.0923E-03,+35.6991E-03
+3.9740000E+00,-6.1928E-03,+33.0861E-03
+3.9745000E+00,-6.1928E-03,+30.9755E-03
+3.9750000E+00,-6.0923E-03,+28.1614E-03
+3.9755000E+00,-6.2933E-03,+25.7494E-03
+3.9760000E+00,-6.3938E-03,+23.2368E-03
+3.9765000E+00,-6.5948E-03,+20.7242E-03
+3.9770000E+00,-6.3938E-03,+18.1112E-03
+3.9775000E+00,-6.3938E-03,+15.5986E-03
+3.9780000E+00,-6.5948E-03,+13.1866E-03
+3.9785000E+00,-7.0974E-03,+10.5735E-03
+3.9790000E+00,-6.8964E-03,+7.9604E-03
+3.9795000E+00,-7.2984E-03,+5.7494E-03
+3.9800000E+00,-7.1979E-03,+2.8348E-03
+3.9805000E+00,-7.4994E-03,+724.2E-06
+3.9810000E+00,-7.2984E-03,-1.8888E-03
+3.9815000E+00,-7.5999E-03,-4.3009E-03
+3.9820000E+00,-7.2984E-03,-7.0144E-03
+3.9825000E+00,-7.9014E-03,-9.5270E-03
+3.9830000E+00,-8.2029E-03,-11.2356E-03
+3.9835000E+00,-8.0019E-03,-13.8486E-03
+3.9840000E+00,-8.2029E-03,-16.8637E-03
+3.9845000E+00,-8.5044E-03,-19.1753E-03
+3.9850000E+00,-8.4039E-03,-21.6878E-03
+3.9855000E+00,-8.5044E-03,-24.3009E-03
+3.9860000E+00,-8.3034E-03,-26.9139E-03
+3.9865000E+00,-8.9064E-03,-29.5270E-03
+3.9870000E+00,-8.8059E-03,-32.1401E-03
+3.9875000E+00,-9.2079E-03,-34.8536E-03
+3.9880000E+00,-8.9064E-03,-36.6627E-03
+3.9885000E+00,-9.1074E-03,-39.4768E-03
+3.9890000E+00,-9.1074E-03,-41.7883E-03
+3.9895000E+00,-9.6099E-03,-44.2004E-03
+3.9900000E+00,-9.2079E-03,-46.4114E-03
+3.9905000E+00,-9.7104E-03,-48.9240E-03
+3.9910000E+00,-9.5094E-03,-51.4366E-03
+3.9915000E+00,-9.7104E-03,-53.7481E-03
+3.9920000E+00,-9.4089E-03,-51.8386E-03
+3.9925000E+00,-9.3084E-03,-49.5270E-03
+3.9930000E+00,-9.2079E-03,-46.7129E-03
+3.9935000E+00,-8.9064E-03,-43.8989E-03
+3.9940000E+00,-8.8059E-03,-41.8888E-03
+3.9945000E+00,-8.9064E-03,-39.4768E-03
+3.9950000E+00,-8.7054E-03,-36.7632E-03
+3.9955000E+00,-8.4039E-03,-34.4516E-03
+3.9960000E+00,-8.4039E-03,-32.0396E-03
+3.9965000E+00,-7.9014E-03,-29.3260E-03
+3.9970000E+00,-8.3034E-03,-26.9139E-03
+3.9975000E+00,-7.9014E-03,-24.4014E-03
+3.9980000E+00,-7.7004E-03,-22.0898E-03
+3.9985000E+00,-7.7004E-03,-19.6778E-03
+3.9990000E+00,-7.9014E-03,-17.2657E-03
+3.9995000E+00,-8.1024E-03,-14.4516E-03
